0 1 : 0.557099 -0.769657 0.001482 0.006337 0.006613 -0.008251 -0.000285 -0.005210 0.225283 0.161367 0.142462 
0 2 : 0.335723 0.331675 0.330914 0.332677 0.332162 0.330864 0.333756 0.336314 0.335858 
0 3 : 0.334965 0.336022 0.338357 0.330782 0.331318 0.329606 0.318333 0.340408 0.339647 
0 4 : 0.334130 0.332267 0.333490 0.325957 0.334077 0.325556 0.335158 0.336305 0.342733 
0 5 : -0.264564 0.962266 -0.003994 0.020990 0.021075 0.021109 0.020939 0.021042 0.020852 0.021536 0.021514 0.021485 
0 6 : -0.141448 -0.198850 -0.220847 -0.116074 -0.196962 -0.075163 0.904627 -0.077482 -0.096996 
0 7 : 0.266433 0.289517 0.290877 0.293585 0.292879 0.290030 0.291805 0.289586 0.285523 0.289127 0.291949 0.291778 
0 8 : 0.333025 0.333742 0.332762 0.332665 0.333046 0.331063 0.334604 0.334824 0.334253 
0 9 : 0.332673 0.333899 0.334478 0.332073 0.333570 0.332001 0.332055 0.334827 0.334409 
1 2 : -0.581827 0.808658 0.002089 -0.002523 -0.001570 0.001534 -0.003014 -0.009749 -0.014969 -0.084344 -0.009606 
1 3 : -0.586085 0.805764 0.000944 0.000911 -0.000834 -0.001370 -0.001396 -0.013142 -0.017006 -0.080850 -0.015609 
1 4 : -0.601638 0.768401 -0.005327 -0.006380 0.000366 0.002073 0.005265 0.006463 -0.119022 -0.076176 -0.165767 
1 5 : -0.981564 -0.114656 0.152340 -0.000298 -0.000112 -0.000934 0.000170 0.000292 -0.002027 -0.004347 -0.011154 -0.005444 
1 6 : -0.458479 0.788590 0.005829 -0.008765 -0.019554 0.007141 -0.011137 0.004835 -0.081804 -0.388574 -0.097720 
1 7 : -0.553966 0.722650 -0.354011 -0.002292 0.003680 0.001142 -0.098934 -0.005179 0.002937 -0.013873 0.178614 -0.022320 -0.045266 -0.033013 
1 8 : -0.598591 0.755378 -0.008379 -0.004346 -0.004728 0.001417 0.006465 0.001035 -0.003972 -0.236203 -0.123000 
1 9 : -0.606702 0.785889 -0.003443 0.003525 0.000425 -0.005107 0.004024 -0.013582 0.030850 -0.103109 -0.049557 
2 3 : 0.332436 0.335354 0.337284 0.332361 0.333421 0.332339 0.335211 0.328247 0.333270 
2 4 : 0.330716 0.335142 0.334750 0.331563 0.334349 0.336878 0.330989 0.332104 0.333455 
2 5 : -0.265371 0.962031 -0.004212 0.021198 0.021261 0.021177 0.021251 0.021261 0.021270 0.021198 0.021158 0.021287 
2 6 : -0.334447 -0.333337 -0.334124 -0.333392 -0.332886 -0.331039 -0.331778 -0.334442 -0.334536 
2 7 : 0.221449 0.288631 0.296222 0.295573 0.288497 0.292054 0.295161 0.295707 0.303030 0.290754 0.294040 0.294326 
2 8 : -0.357812 -0.323986 -0.333107 -0.345824 -0.329601 -0.316542 -0.336222 -0.298295 -0.354385 
2 9 : -0.340225 -0.329084 -0.329593 -0.336684 -0.331115 -0.329466 -0.337574 -0.330333 -0.335712 
3 4 : 0.328314 0.328091 0.335260 0.336486 0.338171 0.345723 0.331915 0.328285 0.327294 
3 5 : -0.264217 0.962332 -0.004113 0.021264 0.021257 0.021130 0.021461 0.021413 0.021460 0.021309 0.021142 0.021400 
3 6 : -0.335854 -0.336570 -0.337295 -0.334051 -0.335219 -0.332926 -0.326458 -0.324899 -0.336481 
3 7 : 0.212432 0.290454 0.295215 0.299664 0.285480 0.292717 0.294627 0.294421 0.310002 0.290720 0.293117 0.293857 
3 8 : -0.372508 -0.359818 -0.368765 -0.332388 -0.330546 -0.304343 -0.202737 -0.294281 -0.394601 
3 9 : -0.337655 -0.331678 -0.329322 -0.335013 -0.331464 -0.330525 -0.327814 -0.338184 -0.338152 
4 5 : 0.272181 -0.959885 0.005100 -0.022657 -0.022421 -0.022817 -0.022277 -0.022544 -0.022829 -0.021841 -0.022086 -0.022007 
4 6 : -0.333594 -0.334505 -0.335009 -0.331742 -0.334483 -0.332325 -0.330162 -0.333353 -0.334796 
4 7 : -0.641563 -0.218553 -0.198966 -0.199216 -0.168942 -0.229163 -0.147564 -0.267344 -0.365452 -0.259841 -0.181777 -0.230080 
4 8 : -0.334830 -0.332681 -0.335350 -0.332365 -0.332787 -0.333096 -0.329597 -0.332400 -0.336839 
4 9 : -0.334365 -0.331080 -0.333437 -0.334693 -0.328742 -0.335877 -0.334303 -0.330986 -0.336440 
5 6 : 0.265141 -0.962139 0.004132 -0.021028 -0.021139 -0.021141 -0.021025 -0.021148 -0.020835 -0.020640 -0.020877 -0.021232 
5 7 : 0.259384 -0.962737 0.003796 -0.028654 -0.021295 -0.021088 -0.020730 -0.021252 -0.021700 -0.021200 -0.021664 -0.022144 -0.021463 -0.020401 -0.022026 
5 8 : 0.257517 -0.964362 0.003475 -0.020546 -0.020533 -0.020235 -0.020558 -0.020448 -0.019964 -0.018391 -0.019499 -0.021627 
5 9 : 0.263939 -0.962411 0.004113 -0.021368 -0.021251 -0.021151 -0.021480 -0.021318 -0.021466 -0.020887 -0.021241 -0.021575 
6 7 : 0.255734 0.291357 0.293633 0.293743 0.298548 0.291046 0.294352 0.289219 0.276845 0.289730 0.294540 0.292806 
6 8 : 0.332653 0.333988 0.334285 0.332357 0.333780 0.331555 0.334902 0.333489 0.332977 
6 9 : 0.332356 0.335303 0.335594 0.331020 0.335648 0.330204 0.332067 0.334322 0.333438 
7 8 : -0.157891 -0.299239 -0.302941 -0.305488 -0.325317 -0.297170 -0.301539 -0.291225 -0.235916 -0.292216 -0.310447 -0.305168 
7 9 : -0.260093 -0.290642 -0.290555 -0.293390 -0.293224 -0.290811 -0.292893 -0.289818 -0.284081 -0.287709 -0.296203 -0.292972 
8 9 : 0.331983 0.336650 0.339693 0.326898 0.332182 0.325587 0.334235 0.336268 0.336243 
0 1 : 0.557099 -0.769657 0.001482 0.006337 0.006613 -0.008251 -0.000285 -0.005210 0.225283 0.161367 0.142462 
0 2 : 0.335723 0.331675 0.330914 0.332677 0.332162 0.330864 0.333756 0.336314 0.335858 
0 3 : 0.334965 0.336022 0.338357 0.330782 0.331318 0.329606 0.318333 0.340408 0.339647 
0 4 : 0.334130 0.332267 0.333490 0.325957 0.334077 0.325556 0.335158 0.336305 0.342733 
0 5 : -0.264564 0.962266 -0.003994 0.020990 0.021075 0.021109 0.020939 0.021042 0.020852 0.021536 0.021514 0.021485 
0 6 : -0.141448 -0.198850 -0.220847 -0.116074 -0.196962 -0.075163 0.904627 -0.077482 -0.096996 
0 7 : 0.266433 0.289517 0.290877 0.293585 0.292879 0.290030 0.291805 0.289586 0.285523 0.289127 0.291949 0.291778 
0 8 : 0.333025 0.333742 0.332762 0.332665 0.333046 0.331063 0.334604 0.334824 0.334253 
0 9 : 0.332673 0.333899 0.334478 0.332073 0.333570 0.332001 0.332055 0.334827 0.334409 
1 2 : -0.581827 0.808658 0.002089 -0.002523 -0.001570 0.001534 -0.003014 -0.009749 -0.014969 -0.084344 -0.009606 
1 3 : -0.586085 0.805764 0.000944 0.000911 -0.000834 -0.001370 -0.001396 -0.013142 -0.017006 -0.080850 -0.015609 
1 4 : -0.601638 0.768401 -0.005327 -0.006380 0.000366 0.002073 0.005265 0.006463 -0.119022 -0.076176 -0.165767 
1 5 : -0.981564 -0.114656 0.152340 -0.000298 -0.000112 -0.000934 0.000170 0.000292 -0.002027 -0.004347 -0.011154 -0.005444 
1 6 : -0.458479 0.788590 0.005829 -0.008765 -0.019554 0.007141 -0.011137 0.004835 -0.081804 -0.388574 -0.097720 
1 7 : -0.553966 0.722650 -0.354011 -0.002292 0.003680 0.001142 -0.098934 -0.005179 0.002937 -0.013873 0.178614 -0.022320 -0.045266 -0.033013 
1 8 : -0.598591 0.755378 -0.008379 -0.004346 -0.004728 0.001417 0.006465 0.001035 -0.003972 -0.236203 -0.123000 
1 9 : -0.606702 0.785889 -0.003443 0.003525 0.000425 -0.005107 0.004024 -0.013582 0.030850 -0.103109 -0.049557 
2 3 : 0.332436 0.335354 0.337284 0.332361 0.333421 0.332339 0.335211 0.328247 0.333270 
2 4 : 0.330716 0.335142 0.334750 0.331563 0.334349 0.336878 0.330989 0.332104 0.333455 
2 5 : -0.265371 0.962031 -0.004212 0.021198 0.021261 0.021177 0.021251 0.021261 0.021270 0.021198 0.021158 0.021287 
2 6 : -0.334447 -0.333337 -0.334124 -0.333392 -0.332886 -0.331039 -0.331778 -0.334442 -0.334536 
2 7 : 0.221449 0.288631 0.296222 0.295573 0.288497 0.292054 0.295161 0.295707 0.303030 0.290754 0.294040 0.294326 
2 8 : -0.357812 -0.323986 -0.333107 -0.345824 -0.329601 -0.316542 -0.336222 -0.298295 -0.354385 
2 9 : -0.340225 -0.329084 -0.329593 -0.336684 -0.331115 -0.329466 -0.337574 -0.330333 -0.335712 
3 4 : 0.328314 0.328091 0.335260 0.336486 0.338171 0.345723 0.331915 0.328285 0.327294 
3 5 : -0.264217 0.962332 -0.004113 0.021264 0.021257 0.021130 0.021461 0.021413 0.021460 0.021309 0.021142 0.021400 
3 6 : -0.335854 -0.336570 -0.337295 -0.334051 -0.335219 -0.332926 -0.326458 -0.324899 -0.336481 
3 7 : 0.212432 0.290454 0.295215 0.299664 0.285480 0.292717 0.294627 0.294421 0.310002 0.290720 0.293117 0.293857 
3 8 : -0.372508 -0.359818 -0.368765 -0.332388 -0.330546 -0.304343 -0.202737 -0.294281 -0.394601 
3 9 : -0.337655 -0.331678 -0.329322 -0.335013 -0.331464 -0.330525 -0.327814 -0.338184 -0.338152 
4 5 : 0.272181 -0.959885 0.005100 -0.022657 -0.022421 -0.022817 -0.022277 -0.022544 -0.022829 -0.021841 -0.022086 -0.022007 
4 6 : -0.333594 -0.334505 -0.335009 -0.331742 -0.334483 -0.332325 -0.330162 -0.333353 -0.334796 
4 7 : -0.641563 -0.218553 -0.198966 -0.199216 -0.168942 -0.229163 -0.147564 -0.267344 -0.365452 -0.259841 -0.181777 -0.230080 
4 8 : -0.334830 -0.332681 -0.335350 -0.332365 -0.332787 -0.333096 -0.329597 -0.332400 -0.336839 
4 9 : -0.334365 -0.331080 -0.333437 -0.334693 -0.328742 -0.335877 -0.334303 -0.330986 -0.336440 
5 6 : 0.265141 -0.962139 0.004132 -0.021028 -0.021139 -0.021141 -0.021025 -0.021148 -0.020835 -0.020640 -0.020877 -0.021232 
5 7 : 0.259384 -0.962737 0.003796 -0.028654 -0.021295 -0.021088 -0.020730 -0.021252 -0.021700 -0.021200 -0.021664 -0.022144 -0.021463 -0.020401 -0.022026 
5 8 : 0.257517 -0.964362 0.003475 -0.020546 -0.020533 -0.020235 -0.020558 -0.020448 -0.019964 -0.018391 -0.019499 -0.021627 
5 9 : 0.263939 -0.962411 0.004113 -0.021368 -0.021251 -0.021151 -0.021480 -0.021318 -0.021466 -0.020887 -0.021241 -0.021575 
6 7 : 0.255734 0.291357 0.293633 0.293743 0.298548 0.291046 0.294352 0.289219 0.276845 0.289730 0.294540 0.292806 
6 8 : 0.332653 0.333988 0.334285 0.332357 0.333780 0.331555 0.334902 0.333489 0.332977 
6 9 : 0.332356 0.335303 0.335594 0.331020 0.335648 0.330204 0.332067 0.334322 0.333438 
7 8 : -0.157891 -0.299239 -0.302941 -0.305488 -0.325317 -0.297170 -0.301539 -0.291225 -0.235916 -0.292216 -0.310447 -0.305168 
7 9 : -0.260093 -0.290642 -0.290555 -0.293390 -0.293224 -0.290811 -0.292893 -0.289818 -0.284081 -0.287709 -0.296203 -0.292972 
8 9 : 0.331983 0.336650 0.339693 0.326898 0.332182 0.325587 0.334235 0.336268 0.336243 
0 1 : 0.557099 -0.769657 0.001482 0.006337 0.006613 -0.008251 -0.000285 -0.005210 0.225283 0.161367 0.142462 
0 2 : 0.335723 0.331675 0.330914 0.332677 0.332162 0.330864 0.333756 0.336314 0.335858 
0 3 : 0.334965 0.336022 0.338357 0.330782 0.331318 0.329606 0.318333 0.340408 0.339647 
0 4 : 0.334130 0.332267 0.333490 0.325957 0.334077 0.325556 0.335158 0.336305 0.342733 
0 5 : -0.264564 0.962266 -0.003994 0.020990 0.021075 0.021109 0.020939 0.021042 0.020852 0.021536 0.021514 0.021485 
0 6 : -0.141448 -0.198850 -0.220847 -0.116074 -0.196962 -0.075163 0.904627 -0.077482 -0.096996 
0 7 : 0.266433 0.289517 0.290877 0.293585 0.292879 0.290030 0.291805 0.289586 0.285523 0.289127 0.291949 0.291778 
0 8 : 0.333025 0.333742 0.332762 0.332665 0.333046 0.331063 0.334604 0.334824 0.334253 
0 9 : 0.332673 0.333899 0.334478 0.332073 0.333570 0.332001 0.332055 0.334827 0.334409 
1 2 : -0.581827 0.808658 0.002089 -0.002523 -0.001570 0.001534 -0.003014 -0.009749 -0.014969 -0.084344 -0.009606 
1 3 : -0.586085 0.805764 0.000944 0.000911 -0.000834 -0.001370 -0.001396 -0.013142 -0.017006 -0.080850 -0.015609 
1 4 : -0.601638 0.768401 -0.005327 -0.006380 0.000366 0.002073 0.005265 0.006463 -0.119022 -0.076176 -0.165767 
1 5 : -0.981564 -0.114656 0.152340 -0.000298 -0.000112 -0.000934 0.000170 0.000292 -0.002027 -0.004347 -0.011154 -0.005444 
1 6 : -0.458479 0.788590 0.005829 -0.008765 -0.019554 0.007141 -0.011137 0.004835 -0.081804 -0.388574 -0.097720 
1 7 : -0.553966 0.722650 -0.354011 -0.002292 0.003680 0.001142 -0.098934 -0.005179 0.002937 -0.013873 0.178614 -0.022320 -0.045266 -0.033013 
1 8 : -0.598591 0.755378 -0.008379 -0.004346 -0.004728 0.001417 0.006465 0.001035 -0.003972 -0.236203 -0.123000 
1 9 : -0.606702 0.785889 -0.003443 0.003525 0.000425 -0.005107 0.004024 -0.013582 0.030850 -0.103109 -0.049557 
2 3 : 0.332436 0.335354 0.337284 0.332361 0.333421 0.332339 0.335211 0.328247 0.333270 
2 4 : 0.330716 0.335142 0.334750 0.331563 0.334349 0.336878 0.330989 0.332104 0.333455 
2 5 : -0.265371 0.962031 -0.004212 0.021198 0.021261 0.021177 0.021251 0.021261 0.021270 0.021198 0.021158 0.021287 
2 6 : -0.334447 -0.333337 -0.334124 -0.333392 -0.332886 -0.331039 -0.331778 -0.334442 -0.334536 
2 7 : 0.221449 0.288631 0.296222 0.295573 0.288497 0.292054 0.295161 0.295707 0.303030 0.290754 0.294040 0.294326 
2 8 : -0.357812 -0.323986 -0.333107 -0.345824 -0.329601 -0.316542 -0.336222 -0.298295 -0.354385 
2 9 : -0.340225 -0.329084 -0.329593 -0.336684 -0.331115 -0.329466 -0.337574 -0.330333 -0.335712 
3 4 : 0.328314 0.328091 0.335260 0.336486 0.338171 0.345723 0.331915 0.328285 0.327294 
3 5 : -0.264217 0.962332 -0.004113 0.021264 0.021257 0.021130 0.021461 0.021413 0.021460 0.021309 0.021142 0.021400 
3 6 : -0.335854 -0.336570 -0.337295 -0.334051 -0.335219 -0.332926 -0.326458 -0.324899 -0.336481 
3 7 : 0.212432 0.290454 0.295215 0.299664 0.285480 0.292717 0.294627 0.294421 0.310002 0.290720 0.293117 0.293857 
3 8 : -0.372508 -0.359818 -0.368765 -0.332388 -0.330546 -0.304343 -0.202737 -0.294281 -0.394601 
3 9 : -0.337655 -0.331678 -0.329322 -0.335013 -0.331464 -0.330525 -0.327814 -0.338184 -0.338152 
4 5 : 0.272181 -0.959885 0.005100 -0.022657 -0.022421 -0.022817 -0.022277 -0.022544 -0.022829 -0.021841 -0.022086 -0.022007 
4 6 : -0.333594 -0.334505 -0.335009 -0.331742 -0.334483 -0.332325 -0.330162 -0.333353 -0.334796 
4 7 : -0.641563 -0.218553 -0.198966 -0.199216 -0.168942 -0.229163 -0.147564 -0.267344 -0.365452 -0.259841 -0.181777 -0.230080 
4 8 : -0.334830 -0.332681 -0.335350 -0.332365 -0.332787 -0.333096 -0.329597 -0.332400 -0.336839 
4 9 : -0.334365 -0.331080 -0.333437 -0.334693 -0.328742 -0.335877 -0.334303 -0.330986 -0.336440 
5 6 : 0.265141 -0.962139 0.004132 -0.021028 -0.021139 -0.021141 -0.021025 -0.021148 -0.020835 -0.020640 -0.020877 -0.021232 
5 7 : 0.259384 -0.962737 0.003796 -0.028654 -0.021295 -0.021088 -0.020730 -0.021252 -0.021700 -0.021200 -0.021664 -0.022144 -0.021463 -0.020401 -0.022026 
5 8 : 0.257517 -0.964362 0.003475 -0.020546 -0.020533 -0.020235 -0.020558 -0.020448 -0.019964 -0.018391 -0.019499 -0.021627 
5 9 : 0.263939 -0.962411 0.004113 -0.021368 -0.021251 -0.021151 -0.021480 -0.021318 -0.021466 -0.020887 -0.021241 -0.021575 
6 7 : 0.255734 0.291357 0.293633 0.293743 0.298548 0.291046 0.294352 0.289219 0.276845 0.289730 0.294540 0.292806 
6 8 : 0.332653 0.333988 0.334285 0.332357 0.333780 0.331555 0.334902 0.333489 0.332977 
6 9 : 0.332356 0.335303 0.335594 0.331020 0.335648 0.330204 0.332067 0.334322 0.333438 
7 8 : -0.157891 -0.299239 -0.302941 -0.305488 -0.325317 -0.297170 -0.301539 -0.291225 -0.235916 -0.292216 -0.310447 -0.305168 
7 9 : -0.260093 -0.290642 -0.290555 -0.293390 -0.293224 -0.290811 -0.292893 -0.289818 -0.284081 -0.287709 -0.296203 -0.292972 
8 9 : 0.331983 0.336650 0.339693 0.326898 0.332182 0.325587 0.334235 0.336268 0.336243 
0 1 : 0.557099 -0.769657 0.001482 0.006337 0.006613 -0.008251 -0.000285 -0.005210 0.225283 0.161367 0.142462 
0 2 : 0.335723 0.331675 0.330914 0.332677 0.332162 0.330864 0.333756 0.336314 0.335858 
0 3 : 0.334965 0.336022 0.338357 0.330782 0.331318 0.329606 0.318333 0.340408 0.339647 
0 4 : 0.334130 0.332267 0.333490 0.325957 0.334077 0.325556 0.335158 0.336305 0.342733 
0 5 : -0.264564 0.962266 -0.003994 0.020990 0.021075 0.021109 0.020939 0.021042 0.020852 0.021536 0.021514 0.021485 
0 6 : -0.141448 -0.198850 -0.220847 -0.116074 -0.196962 -0.075163 0.904627 -0.077482 -0.096996 
0 7 : 0.266433 0.289517 0.290877 0.293585 0.292879 0.290030 0.291805 0.289586 0.285523 0.289127 0.291949 0.291778 
0 8 : 0.333025 0.333742 0.332762 0.332665 0.333046 0.331063 0.334604 0.334824 0.334253 
0 9 : 0.332673 0.333899 0.334478 0.332073 0.333570 0.332001 0.332055 0.334827 0.334409 
1 2 : -0.581827 0.808658 0.002089 -0.002523 -0.001570 0.001534 -0.003014 -0.009749 -0.014969 -0.084344 -0.009606 
1 3 : -0.586085 0.805764 0.000944 0.000911 -0.000834 -0.001370 -0.001396 -0.013142 -0.017006 -0.080850 -0.015609 
1 4 : -0.601638 0.768401 -0.005327 -0.006380 0.000366 0.002073 0.005265 0.006463 -0.119022 -0.076176 -0.165767 
1 5 : -0.981564 -0.114656 0.152340 -0.000298 -0.000112 -0.000934 0.000170 0.000292 -0.002027 -0.004347 -0.011154 -0.005444 
1 6 : -0.458479 0.788590 0.005829 -0.008765 -0.019554 0.007141 -0.011137 0.004835 -0.081804 -0.388574 -0.097720 
1 7 : -0.553966 0.722650 -0.354011 -0.002292 0.003680 0.001142 -0.098934 -0.005179 0.002937 -0.013873 0.178614 -0.022320 -0.045266 -0.033013 
1 8 : -0.598591 0.755378 -0.008379 -0.004346 -0.004728 0.001417 0.006465 0.001035 -0.003972 -0.236203 -0.123000 
1 9 : -0.606702 0.785889 -0.003443 0.003525 0.000425 -0.005107 0.004024 -0.013582 0.030850 -0.103109 -0.049557 
2 3 : 0.332436 0.335354 0.337284 0.332361 0.333421 0.332339 0.335211 0.328247 0.333270 
2 4 : 0.330716 0.335142 0.334750 0.331563 0.334349 0.336878 0.330989 0.332104 0.333455 
2 5 : -0.265371 0.962031 -0.004212 0.021198 0.021261 0.021177 0.021251 0.021261 0.021270 0.021198 0.021158 0.021287 
2 6 : -0.334447 -0.333337 -0.334124 -0.333392 -0.332886 -0.331039 -0.331778 -0.334442 -0.334536 
2 7 : 0.221449 0.288631 0.296222 0.295573 0.288497 0.292054 0.295161 0.295707 0.303030 0.290754 0.294040 0.294326 
2 8 : -0.357812 -0.323986 -0.333107 -0.345824 -0.329601 -0.316542 -0.336222 -0.298295 -0.354385 
2 9 : -0.340225 -0.329084 -0.329593 -0.336684 -0.331115 -0.329466 -0.337574 -0.330333 -0.335712 
3 4 : 0.328314 0.328091 0.335260 0.336486 0.338171 0.345723 0.331915 0.328285 0.327294 
3 5 : -0.264217 0.962332 -0.004113 0.021264 0.021257 0.021130 0.021461 0.021413 0.021460 0.021309 0.021142 0.021400 
3 6 : -0.335854 -0.336570 -0.337295 -0.334051 -0.335219 -0.332926 -0.326458 -0.324899 -0.336481 
3 7 : 0.212432 0.290454 0.295215 0.299664 0.285480 0.292717 0.294627 0.294421 0.310002 0.290720 0.293117 0.293857 
3 8 : -0.372508 -0.359818 -0.368765 -0.332388 -0.330546 -0.304343 -0.202737 -0.294281 -0.394601 
3 9 : -0.337655 -0.331678 -0.329322 -0.335013 -0.331464 -0.330525 -0.327814 -0.338184 -0.338152 
4 5 : 0.272181 -0.959885 0.005100 -0.022657 -0.022421 -0.022817 -0.022277 -0.022544 -0.022829 -0.021841 -0.022086 -0.022007 
4 6 : -0.333594 -0.334505 -0.335009 -0.331742 -0.334483 -0.332325 -0.330162 -0.333353 -0.334796 
4 7 : -0.641563 -0.218553 -0.198966 -0.199216 -0.168942 -0.229163 -0.147564 -0.267344 -0.365452 -0.259841 -0.181777 -0.230080 
4 8 : -0.334830 -0.332681 -0.335350 -0.332365 -0.332787 -0.333096 -0.329597 -0.332400 -0.336839 
4 9 : -0.334365 -0.331080 -0.333437 -0.334693 -0.328742 -0.335877 -0.334303 -0.330986 -0.336440 
5 6 : 0.265141 -0.962139 0.004132 -0.021028 -0.021139 -0.021141 -0.021025 -0.021148 -0.020835 -0.020640 -0.020877 -0.021232 
5 7 : 0.259384 -0.962737 0.003796 -0.028654 -0.021295 -0.021088 -0.020730 -0.021252 -0.021700 -0.021200 -0.021664 -0.022144 -0.021463 -0.020401 -0.022026 
5 8 : 0.257517 -0.964362 0.003475 -0.020546 -0.020533 -0.020235 -0.020558 -0.020448 -0.019964 -0.018391 -0.019499 -0.021627 
5 9 : 0.263939 -0.962411 0.004113 -0.021368 -0.021251 -0.021151 -0.021480 -0.021318 -0.021466 -0.020887 -0.021241 -0.021575 
6 7 : 0.255734 0.291357 0.293633 0.293743 0.298548 0.291046 0.294352 0.289219 0.276845 0.289730 0.294540 0.292806 
6 8 : 0.332653 0.333988 0.334285 0.332357 0.333780 0.331555 0.334902 0.333489 0.332977 
6 9 : 0.332356 0.335303 0.335594 0.331020 0.335648 0.330204 0.332067 0.334322 0.333438 
7 8 : -0.157891 -0.299239 -0.302941 -0.305488 -0.325317 -0.297170 -0.301539 -0.291225 -0.235916 -0.292216 -0.310447 -0.305168 
7 9 : -0.260093 -0.290642 -0.290555 -0.293390 -0.293224 -0.290811 -0.292893 -0.289818 -0.284081 -0.287709 -0.296203 -0.292972 
8 9 : 0.331983 0.336650 0.339693 0.326898 0.332182 0.325587 0.334235 0.336268 0.336243 
0.557099 -0.769657 0.001482 0.006337 0.006613 -0.008251 -0.000285 -0.005210 0.225283 0.161367 0.142462 
0.335723 0.331675 0.330914 0.332677 0.332162 0.330864 0.333756 0.336314 0.335858 
0.334965 0.336022 0.338357 0.330782 0.331318 0.329606 0.318333 0.340408 0.339647 
0.334130 0.332267 0.333490 0.325957 0.334077 0.325556 0.335158 0.336305 0.342733 
-0.264564 0.962266 -0.003994 0.020990 0.021075 0.021109 0.020939 0.021042 0.020852 0.021536 0.021514 0.021485 
-0.141448 -0.198850 -0.220847 -0.116074 -0.196962 -0.075163 0.904627 -0.077482 -0.096996 
0.266433 0.289517 0.290877 0.293585 0.292879 0.290030 0.291805 0.289586 0.285523 0.289127 0.291949 0.291778 
0.333025 0.333742 0.332762 0.332665 0.333046 0.331063 0.334604 0.334824 0.334253 
0.332673 0.333899 0.334478 0.332073 0.333570 0.332001 0.332055 0.334827 0.334409 
-0.581827 0.808658 0.002089 -0.002523 -0.001570 0.001534 -0.003014 -0.009749 -0.014969 -0.084344 -0.009606 
-0.586085 0.805764 0.000944 0.000911 -0.000834 -0.001370 -0.001396 -0.013142 -0.017006 -0.080850 -0.015609 
-0.601638 0.768401 -0.005327 -0.006380 0.000366 0.002073 0.005265 0.006463 -0.119022 -0.076176 -0.165767 
-0.981564 -0.114656 0.152340 -0.000298 -0.000112 -0.000934 0.000170 0.000292 -0.002027 -0.004347 -0.011154 -0.005444 
-0.458479 0.788590 0.005829 -0.008765 -0.019554 0.007141 -0.011137 0.004835 -0.081804 -0.388574 -0.097720 
-0.553966 0.722650 -0.354011 -0.002292 0.003680 0.001142 -0.098934 -0.005179 0.002937 -0.013873 0.178614 -0.022320 -0.045266 -0.033013 
-0.598591 0.755378 -0.008379 -0.004346 -0.004728 0.001417 0.006465 0.001035 -0.003972 -0.236203 -0.123000 
-0.606702 0.785889 -0.003443 0.003525 0.000425 -0.005107 0.004024 -0.013582 0.030850 -0.103109 -0.049557 
0.332436 0.335354 0.337284 0.332361 0.333421 0.332339 0.335211 0.328247 0.333270 
0.330716 0.335142 0.334750 0.331563 0.334349 0.336878 0.330989 0.332104 0.333455 
-0.265371 0.962031 -0.004212 0.021198 0.021261 0.021177 0.021251 0.021261 0.021270 0.021198 0.021158 0.021287 
-0.334447 -0.333337 -0.334124 -0.333392 -0.332886 -0.331039 -0.331778 -0.334442 -0.334536 
0.221449 0.288631 0.296222 0.295573 0.288497 0.292054 0.295161 0.295707 0.303030 0.290754 0.294040 0.294326 
-0.357812 -0.323986 -0.333107 -0.345824 -0.329601 -0.316542 -0.336222 -0.298295 -0.354385 
-0.340225 -0.329084 -0.329593 -0.336684 -0.331115 -0.329466 -0.337574 -0.330333 -0.335712 
0.328314 0.328091 0.335260 0.336486 0.338171 0.345723 0.331915 0.328285 0.327294 
-0.264217 0.962332 -0.004113 0.021264 0.021257 0.021130 0.021461 0.021413 0.021460 0.021309 0.021142 0.021400 
-0.335854 -0.336570 -0.337295 -0.334051 -0.335219 -0.332926 -0.326458 -0.324899 -0.336481 
0.212432 0.290454 0.295215 0.299664 0.285480 0.292717 0.294627 0.294421 0.310002 0.290720 0.293117 0.293857 
-0.372508 -0.359818 -0.368765 -0.332388 -0.330546 -0.304343 -0.202737 -0.294281 -0.394601 
-0.337655 -0.331678 -0.329322 -0.335013 -0.331464 -0.330525 -0.327814 -0.338184 -0.338152 
0.272181 -0.959885 0.005100 -0.022657 -0.022421 -0.022817 -0.022277 -0.022544 -0.022829 -0.021841 -0.022086 -0.022007 
-0.333594 -0.334505 -0.335009 -0.331742 -0.334483 -0.332325 -0.330162 -0.333353 -0.334796 
-0.641563 -0.218553 -0.198966 -0.199216 -0.168942 -0.229163 -0.147564 -0.267344 -0.365452 -0.259841 -0.181777 -0.230080 
-0.334830 -0.332681 -0.335350 -0.332365 -0.332787 -0.333096 -0.329597 -0.332400 -0.336839 
-0.334365 -0.331080 -0.333437 -0.334693 -0.328742 -0.335877 -0.334303 -0.330986 -0.336440 
0.265141 -0.962139 0.004132 -0.021028 -0.021139 -0.021141 -0.021025 -0.021148 -0.020835 -0.020640 -0.020877 -0.021232 
0.259384 -0.962737 0.003796 -0.028654 -0.021295 -0.021088 -0.020730 -0.021252 -0.021700 -0.021200 -0.021664 -0.022144 -0.021463 -0.020401 -0.022026 
0.257517 -0.964362 0.003475 -0.020546 -0.020533 -0.020235 -0.020558 -0.020448 -0.019964 -0.018391 -0.019499 -0.021627 
0.263939 -0.962411 0.004113 -0.021368 -0.021251 -0.021151 -0.021480 -0.021318 -0.021466 -0.020887 -0.021241 -0.021575 
0.255734 0.291357 0.293633 0.293743 0.298548 0.291046 0.294352 0.289219 0.276845 0.289730 0.294540 0.292806 
0.332653 0.333988 0.334285 0.332357 0.333780 0.331555 0.334902 0.333489 0.332977 
0.332356 0.335303 0.335594 0.331020 0.335648 0.330204 0.332067 0.334322 0.333438 
-0.157891 -0.299239 -0.302941 -0.305488 -0.325317 -0.297170 -0.301539 -0.291225 -0.235916 -0.292216 -0.310447 -0.305168 
-0.260093 -0.290642 -0.290555 -0.293390 -0.293224 -0.290811 -0.292893 -0.289818 -0.284081 -0.287709 -0.296203 -0.292972 
0.331983 0.336650 0.339693 0.326898 0.332182 0.325587 0.334235 0.336268 0.336243 
