-1.000000 0.038462
-0.999000 0.038536
-0.998000 0.038610
-0.997000 0.038684
-0.996000 0.038759
-0.995000 0.038834
-0.994000 0.038909
-0.993000 0.038984
-0.992000 0.039060
-0.991000 0.039136
-0.990000 0.039212
-0.989000 0.039288
-0.988000 0.039364
-0.987000 0.039441
-0.986000 0.039518
-0.985000 0.039595
-0.984000 0.039672
-0.983000 0.039750
-0.982000 0.039828
-0.981000 0.039906
-0.980000 0.039984
-0.979000 0.040062
-0.978000 0.040141
-0.977000 0.040220
-0.976000 0.040299
-0.975000 0.040379
-0.974000 0.040458
-0.973000 0.040538
-0.972000 0.040618
-0.971000 0.040698
-0.970000 0.040779
-0.969000 0.040860
-0.968000 0.040941
-0.967000 0.041022
-0.966000 0.041103
-0.965000 0.041185
-0.964000 0.041267
-0.963000 0.041349
-0.962000 0.041432
-0.961000 0.041514
-0.960000 0.041597
-0.959000 0.041681
-0.958000 0.041764
-0.957000 0.041848
-0.956000 0.041932
-0.955000 0.042016
-0.954000 0.042100
-0.953000 0.042185
-0.952000 0.042270
-0.951000 0.042355
-0.950000 0.042440
-0.949000 0.042526
-0.948000 0.042612
-0.947000 0.042698
-0.946000 0.042785
-0.945000 0.042871
-0.944000 0.042958
-0.943000 0.043046
-0.942000 0.043133
-0.941000 0.043221
-0.940000 0.043309
-0.939000 0.043397
-0.938000 0.043486
-0.937000 0.043574
-0.936000 0.043664
-0.935000 0.043753
-0.934000 0.043843
-0.933000 0.043932
-0.932000 0.044023
-0.931000 0.044113
-0.930000 0.044204
-0.929000 0.044295
-0.928000 0.044386
-0.927000 0.044478
-0.926000 0.044569
-0.925000 0.044662
-0.924000 0.044754
-0.923000 0.044847
-0.922000 0.044940
-0.921000 0.045033
-0.920000 0.045126
-0.919000 0.045220
-0.918000 0.045314
-0.917000 0.045409
-0.916000 0.045503
-0.915000 0.045598
-0.914000 0.045694
-0.913000 0.045789
-0.912000 0.045885
-0.911000 0.045981
-0.910000 0.046078
-0.909000 0.046174
-0.908000 0.046271
-0.907000 0.046369
-0.906000 0.046466
-0.905000 0.046564
-0.904000 0.046663
-0.903000 0.046761
-0.902000 0.046860
-0.901000 0.046959
-0.900000 0.047059
-0.899000 0.047159
-0.898000 0.047259
-0.897000 0.047359
-0.896000 0.047460
-0.895000 0.047561
-0.894000 0.047662
-0.893000 0.047764
-0.892000 0.047866
-0.891000 0.047968
-0.890000 0.048071
-0.889000 0.048174
-0.888000 0.048277
-0.887000 0.048381
-0.886000 0.048485
-0.885000 0.048589
-0.884000 0.048694
-0.883000 0.048799
-0.882000 0.048904
-0.881000 0.049010
-0.880000 0.049116
-0.879000 0.049222
-0.878000 0.049329
-0.877000 0.049436
-0.876000 0.049543
-0.875000 0.049651
-0.874000 0.049759
-0.873000 0.049867
-0.872000 0.049976
-0.871000 0.050085
-0.870000 0.050195
-0.869000 0.050304
-0.868000 0.050414
-0.867000 0.050525
-0.866000 0.050636
-0.865000 0.050747
-0.864000 0.050858
-0.863000 0.050970
-0.862000 0.051083
-0.861000 0.051195
-0.860000 0.051308
-0.859000 0.051422
-0.858000 0.051536
-0.857000 0.051650
-0.856000 0.051764
-0.855000 0.051879
-0.854000 0.051994
-0.853000 0.052110
-0.852000 0.052226
-0.851000 0.052342
-0.850000 0.052459
-0.849000 0.052576
-0.848000 0.052694
-0.847000 0.052812
-0.846000 0.052930
-0.845000 0.053049
-0.844000 0.053168
-0.843000 0.053287
-0.842000 0.053407
-0.841000 0.053527
-0.840000 0.053648
-0.839000 0.053769
-0.838000 0.053891
-0.837000 0.054013
-0.836000 0.054135
-0.835000 0.054258
-0.834000 0.054381
-0.833000 0.054504
-0.832000 0.054628
-0.831000 0.054752
-0.830000 0.054877
-0.829000 0.055002
-0.828000 0.055128
-0.827000 0.055254
-0.826000 0.055380
-0.825000 0.055507
-0.824000 0.055635
-0.823000 0.055762
-0.822000 0.055891
-0.821000 0.056019
-0.820000 0.056148
-0.819000 0.056278
-0.818000 0.056408
-0.817000 0.056538
-0.816000 0.056669
-0.815000 0.056800
-0.814000 0.056932
-0.813000 0.057064
-0.812000 0.057196
-0.811000 0.057330
-0.810000 0.057463
-0.809000 0.057597
-0.808000 0.057731
-0.807000 0.057866
-0.806000 0.058002
-0.805000 0.058137
-0.804000 0.058274
-0.803000 0.058410
-0.802000 0.058548
-0.801000 0.058685
-0.800000 0.058824
-0.799000 0.058962
-0.798000 0.059101
-0.797000 0.059241
-0.796000 0.059381
-0.795000 0.059522
-0.794000 0.059663
-0.793000 0.059804
-0.792000 0.059946
-0.791000 0.060089
-0.790000 0.060232
-0.789000 0.060375
-0.788000 0.060519
-0.787000 0.060664
-0.786000 0.060809
-0.785000 0.060955
-0.784000 0.061101
-0.783000 0.061247
-0.782000 0.061395
-0.781000 0.061542
-0.780000 0.061690
-0.779000 0.061839
-0.778000 0.061988
-0.777000 0.062138
-0.776000 0.062288
-0.775000 0.062439
-0.774000 0.062590
-0.773000 0.062742
-0.772000 0.062895
-0.771000 0.063048
-0.770000 0.063201
-0.769000 0.063355
-0.768000 0.063510
-0.767000 0.063665
-0.766000 0.063821
-0.765000 0.063977
-0.764000 0.064134
-0.763000 0.064291
-0.762000 0.064449
-0.761000 0.064608
-0.760000 0.064767
-0.759000 0.064927
-0.758000 0.065087
-0.757000 0.065248
-0.756000 0.065409
-0.755000 0.065571
-0.754000 0.065734
-0.753000 0.065897
-0.752000 0.066061
-0.751000 0.066225
-0.750000 0.066390
-0.749000 0.066556
-0.748000 0.066722
-0.747000 0.066889
-0.746000 0.067056
-0.745000 0.067224
-0.744000 0.067393
-0.743000 0.067562
-0.742000 0.067732
-0.741000 0.067902
-0.740000 0.068074
-0.739000 0.068245
-0.738000 0.068418
-0.737000 0.068591
-0.736000 0.068764
-0.735000 0.068939
-0.734000 0.069114
-0.733000 0.069289
-0.732000 0.069466
-0.731000 0.069643
-0.730000 0.069820
-0.729000 0.069998
-0.728000 0.070177
-0.727000 0.070357
-0.726000 0.070537
-0.725000 0.070718
-0.724000 0.070900
-0.723000 0.071082
-0.722000 0.071265
-0.721000 0.071449
-0.720000 0.071633
-0.719000 0.071818
-0.718000 0.072004
-0.717000 0.072191
-0.716000 0.072378
-0.715000 0.072566
-0.714000 0.072754
-0.713000 0.072944
-0.712000 0.073134
-0.711000 0.073324
-0.710000 0.073516
-0.709000 0.073708
-0.708000 0.073901
-0.707000 0.074095
-0.706000 0.074289
-0.705000 0.074484
-0.704000 0.074680
-0.703000 0.074877
-0.702000 0.075075
-0.701000 0.075273
-0.700000 0.075472
-0.699000 0.075671
-0.698000 0.075872
-0.697000 0.076073
-0.696000 0.076275
-0.695000 0.076478
-0.694000 0.076682
-0.693000 0.076886
-0.692000 0.077091
-0.691000 0.077298
-0.690000 0.077504
-0.689000 0.077712
-0.688000 0.077920
-0.687000 0.078130
-0.686000 0.078340
-0.685000 0.078551
-0.684000 0.078762
-0.683000 0.078975
-0.682000 0.079188
-0.681000 0.079403
-0.680000 0.079618
-0.679000 0.079834
-0.678000 0.080051
-0.677000 0.080268
-0.676000 0.080487
-0.675000 0.080706
-0.674000 0.080926
-0.673000 0.081148
-0.672000 0.081370
-0.671000 0.081593
-0.670000 0.081816
-0.669000 0.082041
-0.668000 0.082267
-0.667000 0.082493
-0.666000 0.082721
-0.665000 0.082949
-0.664000 0.083178
-0.663000 0.083408
-0.662000 0.083639
-0.661000 0.083871
-0.660000 0.084104
-0.659000 0.084338
-0.658000 0.084573
-0.657000 0.084809
-0.656000 0.085046
-0.655000 0.085283
-0.654000 0.085522
-0.653000 0.085762
-0.652000 0.086002
-0.651000 0.086244
-0.650000 0.086486
-0.649000 0.086730
-0.648000 0.086975
-0.647000 0.087220
-0.646000 0.087467
-0.645000 0.087714
-0.644000 0.087963
-0.643000 0.088213
-0.642000 0.088463
-0.641000 0.088715
-0.640000 0.088968
-0.639000 0.089222
-0.638000 0.089477
-0.637000 0.089733
-0.636000 0.089990
-0.635000 0.090248
-0.634000 0.090507
-0.633000 0.090767
-0.632000 0.091028
-0.631000 0.091291
-0.630000 0.091554
-0.629000 0.091819
-0.628000 0.092084
-0.627000 0.092351
-0.626000 0.092619
-0.625000 0.092888
-0.624000 0.093158
-0.623000 0.093430
-0.622000 0.093702
-0.621000 0.093976
-0.620000 0.094251
-0.619000 0.094527
-0.618000 0.094804
-0.617000 0.095082
-0.616000 0.095362
-0.615000 0.095642
-0.614000 0.095924
-0.613000 0.096207
-0.612000 0.096492
-0.611000 0.096777
-0.610000 0.097064
-0.609000 0.097352
-0.608000 0.097641
-0.607000 0.097931
-0.606000 0.098223
-0.605000 0.098516
-0.604000 0.098810
-0.603000 0.099106
-0.602000 0.099403
-0.601000 0.099701
-0.600000 0.100000
-0.599000 0.100301
-0.598000 0.100603
-0.597000 0.100906
-0.596000 0.101210
-0.595000 0.101516
-0.594000 0.101824
-0.593000 0.102132
-0.592000 0.102442
-0.591000 0.102754
-0.590000 0.103066
-0.589000 0.103380
-0.588000 0.103696
-0.587000 0.104013
-0.586000 0.104331
-0.585000 0.104650
-0.584000 0.104971
-0.583000 0.105294
-0.582000 0.105618
-0.581000 0.105943
-0.580000 0.106270
-0.579000 0.106598
-0.578000 0.106928
-0.577000 0.107259
-0.576000 0.107592
-0.575000 0.107926
-0.574000 0.108261
-0.573000 0.108599
-0.572000 0.108937
-0.571000 0.109277
-0.570000 0.109619
-0.569000 0.109962
-0.568000 0.110307
-0.567000 0.110653
-0.566000 0.111001
-0.565000 0.111351
-0.564000 0.111702
-0.563000 0.112055
-0.562000 0.112409
-0.561000 0.112765
-0.560000 0.113122
-0.559000 0.113481
-0.558000 0.113842
-0.557000 0.114204
-0.556000 0.114569
-0.555000 0.114934
-0.554000 0.115302
-0.553000 0.115671
-0.552000 0.116042
-0.551000 0.116414
-0.550000 0.116788
-0.549000 0.117164
-0.548000 0.117542
-0.547000 0.117921
-0.546000 0.118303
-0.545000 0.118686
-0.544000 0.119070
-0.543000 0.119457
-0.542000 0.119845
-0.541000 0.120235
-0.540000 0.120627
-0.539000 0.121021
-0.538000 0.121417
-0.537000 0.121814
-0.536000 0.122214
-0.535000 0.122615
-0.534000 0.123018
-0.533000 0.123423
-0.532000 0.123830
-0.531000 0.124239
-0.530000 0.124649
-0.529000 0.125062
-0.528000 0.125477
-0.527000 0.125893
-0.526000 0.126312
-0.525000 0.126733
-0.524000 0.127155
-0.523000 0.127580
-0.522000 0.128007
-0.521000 0.128435
-0.520000 0.128866
-0.519000 0.129299
-0.518000 0.129734
-0.517000 0.130171
-0.516000 0.130610
-0.515000 0.131051
-0.514000 0.131494
-0.513000 0.131940
-0.512000 0.132387
-0.511000 0.132837
-0.510000 0.133289
-0.509000 0.133743
-0.508000 0.134199
-0.507000 0.134658
-0.506000 0.135119
-0.505000 0.135582
-0.504000 0.136047
-0.503000 0.136515
-0.502000 0.136984
-0.501000 0.137457
-0.500000 0.137931
-0.499000 0.138408
-0.498000 0.138887
-0.497000 0.139368
-0.496000 0.139852
-0.495000 0.140339
-0.494000 0.140827
-0.493000 0.141318
-0.492000 0.141812
-0.491000 0.142308
-0.490000 0.142806
-0.489000 0.143307
-0.488000 0.143810
-0.487000 0.144316
-0.486000 0.144825
-0.485000 0.145336
-0.484000 0.145849
-0.483000 0.146365
-0.482000 0.146884
-0.481000 0.147405
-0.480000 0.147929
-0.479000 0.148456
-0.478000 0.148985
-0.477000 0.149517
-0.476000 0.150051
-0.475000 0.150588
-0.474000 0.151128
-0.473000 0.151671
-0.472000 0.152216
-0.471000 0.152764
-0.470000 0.153315
-0.469000 0.153869
-0.468000 0.154426
-0.467000 0.154985
-0.466000 0.155548
-0.465000 0.156113
-0.464000 0.156681
-0.463000 0.157252
-0.462000 0.157826
-0.461000 0.158403
-0.460000 0.158983
-0.459000 0.159565
-0.458000 0.160151
-0.457000 0.160740
-0.456000 0.161332
-0.455000 0.161927
-0.454000 0.162525
-0.453000 0.163126
-0.452000 0.163730
-0.451000 0.164338
-0.450000 0.164948
-0.449000 0.165562
-0.448000 0.166179
-0.447000 0.166799
-0.446000 0.167423
-0.445000 0.168050
-0.444000 0.168680
-0.443000 0.169313
-0.442000 0.169950
-0.441000 0.170590
-0.440000 0.171233
-0.439000 0.171880
-0.438000 0.172530
-0.437000 0.173183
-0.436000 0.173840
-0.435000 0.174501
-0.434000 0.175165
-0.433000 0.175833
-0.432000 0.176504
-0.431000 0.177179
-0.430000 0.177857
-0.429000 0.178539
-0.428000 0.179224
-0.427000 0.179914
-0.426000 0.180606
-0.425000 0.181303
-0.424000 0.182003
-0.423000 0.182708
-0.422000 0.183416
-0.421000 0.184127
-0.420000 0.184843
-0.419000 0.185562
-0.418000 0.186286
-0.417000 0.187013
-0.416000 0.187744
-0.415000 0.188479
-0.414000 0.189218
-0.413000 0.189961
-0.412000 0.190709
-0.411000 0.191460
-0.410000 0.192215
-0.409000 0.192975
-0.408000 0.193738
-0.407000 0.194506
-0.406000 0.195278
-0.405000 0.196054
-0.404000 0.196835
-0.403000 0.197620
-0.402000 0.198409
-0.401000 0.199202
-0.400000 0.200000
-0.399000 0.200802
-0.398000 0.201609
-0.397000 0.202420
-0.396000 0.203236
-0.395000 0.204056
-0.394000 0.204880
-0.393000 0.205709
-0.392000 0.206543
-0.391000 0.207382
-0.390000 0.208225
-0.389000 0.209073
-0.388000 0.209925
-0.387000 0.210783
-0.386000 0.211645
-0.385000 0.212512
-0.384000 0.213383
-0.383000 0.214260
-0.382000 0.215142
-0.381000 0.216028
-0.380000 0.216920
-0.379000 0.217816
-0.378000 0.218718
-0.377000 0.219625
-0.376000 0.220536
-0.375000 0.221453
-0.374000 0.222375
-0.373000 0.223303
-0.372000 0.224235
-0.371000 0.225173
-0.370000 0.226116
-0.369000 0.227065
-0.368000 0.228019
-0.367000 0.228978
-0.366000 0.229943
-0.365000 0.230914
-0.364000 0.231889
-0.363000 0.232871
-0.362000 0.233858
-0.361000 0.234851
-0.360000 0.235849
-0.359000 0.236853
-0.358000 0.237863
-0.357000 0.238879
-0.356000 0.239900
-0.355000 0.240928
-0.354000 0.241961
-0.353000 0.243000
-0.352000 0.244045
-0.351000 0.245097
-0.350000 0.246154
-0.349000 0.247217
-0.348000 0.248287
-0.347000 0.249363
-0.346000 0.250445
-0.345000 0.251533
-0.344000 0.252627
-0.343000 0.253728
-0.342000 0.254836
-0.341000 0.255949
-0.340000 0.257069
-0.339000 0.258196
-0.338000 0.259329
-0.337000 0.260469
-0.336000 0.261616
-0.335000 0.262769
-0.334000 0.263929
-0.333000 0.265096
-0.332000 0.266269
-0.331000 0.267449
-0.330000 0.268637
-0.329000 0.269831
-0.328000 0.271032
-0.327000 0.272240
-0.326000 0.273456
-0.325000 0.274678
-0.324000 0.275908
-0.323000 0.277145
-0.322000 0.278389
-0.321000 0.279640
-0.320000 0.280899
-0.319000 0.282165
-0.318000 0.283439
-0.317000 0.284720
-0.316000 0.286008
-0.315000 0.287305
-0.314000 0.288609
-0.313000 0.289920
-0.312000 0.291240
-0.311000 0.292567
-0.310000 0.293902
-0.309000 0.295244
-0.308000 0.296595
-0.307000 0.297954
-0.306000 0.299321
-0.305000 0.300695
-0.304000 0.302078
-0.303000 0.303469
-0.302000 0.304869
-0.301000 0.306276
-0.300000 0.307692
-0.299000 0.309117
-0.298000 0.310549
-0.297000 0.311991
-0.296000 0.313440
-0.295000 0.314899
-0.294000 0.316366
-0.293000 0.317841
-0.292000 0.319326
-0.291000 0.320819
-0.290000 0.322321
-0.289000 0.323832
-0.288000 0.325351
-0.287000 0.326880
-0.286000 0.328418
-0.285000 0.329965
-0.284000 0.331521
-0.283000 0.333086
-0.282000 0.334661
-0.281000 0.336245
-0.280000 0.337838
-0.279000 0.339440
-0.278000 0.341052
-0.277000 0.342674
-0.276000 0.344305
-0.275000 0.345946
-0.274000 0.347596
-0.273000 0.349257
-0.272000 0.350926
-0.271000 0.352606
-0.270000 0.354296
-0.269000 0.355995
-0.268000 0.357705
-0.267000 0.359425
-0.266000 0.361154
-0.265000 0.362894
-0.264000 0.364644
-0.263000 0.366404
-0.262000 0.368175
-0.261000 0.369956
-0.260000 0.371747
-0.259000 0.373549
-0.258000 0.375361
-0.257000 0.377184
-0.256000 0.379018
-0.255000 0.380862
-0.254000 0.382717
-0.253000 0.384582
-0.252000 0.386458
-0.251000 0.388346
-0.250000 0.390244
-0.249000 0.392153
-0.248000 0.394073
-0.247000 0.396004
-0.246000 0.397947
-0.245000 0.399900
-0.244000 0.401865
-0.243000 0.403841
-0.242000 0.405828
-0.241000 0.407826
-0.240000 0.409836
-0.239000 0.411857
-0.238000 0.413890
-0.237000 0.415934
-0.236000 0.417990
-0.235000 0.420058
-0.234000 0.422137
-0.233000 0.424228
-0.232000 0.426330
-0.231000 0.428444
-0.230000 0.430571
-0.229000 0.432708
-0.228000 0.434858
-0.227000 0.437020
-0.226000 0.439194
-0.225000 0.441379
-0.224000 0.443577
-0.223000 0.445787
-0.222000 0.448009
-0.221000 0.450243
-0.220000 0.452489
-0.219000 0.454747
-0.218000 0.457018
-0.217000 0.459300
-0.216000 0.461595
-0.215000 0.463903
-0.214000 0.466222
-0.213000 0.468554
-0.212000 0.470898
-0.211000 0.473255
-0.210000 0.475624
-0.209000 0.478006
-0.208000 0.480400
-0.207000 0.482806
-0.206000 0.485225
-0.205000 0.487656
-0.204000 0.490100
-0.203000 0.492556
-0.202000 0.495025
-0.201000 0.497506
-0.200000 0.500000
-0.199000 0.502506
-0.198000 0.505025
-0.197000 0.507556
-0.196000 0.510100
-0.195000 0.512656
-0.194000 0.515225
-0.193000 0.517806
-0.192000 0.520400
-0.191000 0.523006
-0.190000 0.525624
-0.189000 0.528255
-0.188000 0.530898
-0.187000 0.533554
-0.186000 0.536222
-0.185000 0.538902
-0.184000 0.541594
-0.183000 0.544299
-0.182000 0.547016
-0.181000 0.549745
-0.180000 0.552486
-0.179000 0.555239
-0.178000 0.558005
-0.177000 0.560782
-0.176000 0.563571
-0.175000 0.566372
-0.174000 0.569184
-0.173000 0.572009
-0.172000 0.574845
-0.171000 0.577692
-0.170000 0.580552
-0.169000 0.583422
-0.168000 0.586304
-0.167000 0.589197
-0.166000 0.592101
-0.165000 0.595017
-0.164000 0.597943
-0.163000 0.600880
-0.162000 0.603828
-0.161000 0.606787
-0.160000 0.609756
-0.159000 0.612736
-0.158000 0.615726
-0.157000 0.618726
-0.156000 0.621736
-0.155000 0.624756
-0.154000 0.627786
-0.153000 0.630825
-0.152000 0.633874
-0.151000 0.636933
-0.150000 0.640000
-0.149000 0.643076
-0.148000 0.646162
-0.147000 0.649256
-0.146000 0.652358
-0.145000 0.655469
-0.144000 0.658588
-0.143000 0.661715
-0.142000 0.664849
-0.141000 0.667992
-0.140000 0.671141
-0.139000 0.674297
-0.138000 0.677461
-0.137000 0.680631
-0.136000 0.683807
-0.135000 0.686990
-0.134000 0.690179
-0.133000 0.693373
-0.132000 0.696573
-0.131000 0.699778
-0.130000 0.702988
-0.129000 0.706202
-0.128000 0.709421
-0.127000 0.712644
-0.126000 0.715871
-0.125000 0.719101
-0.124000 0.722335
-0.123000 0.725571
-0.122000 0.728810
-0.121000 0.732051
-0.120000 0.735294
-0.119000 0.738539
-0.118000 0.741785
-0.117000 0.745032
-0.116000 0.748279
-0.115000 0.751527
-0.114000 0.754774
-0.113000 0.758021
-0.112000 0.761267
-0.111000 0.764511
-0.110000 0.767754
-0.109000 0.770995
-0.108000 0.774234
-0.107000 0.777469
-0.106000 0.780701
-0.105000 0.783929
-0.104000 0.787154
-0.103000 0.790373
-0.102000 0.793588
-0.101000 0.796797
-0.100000 0.800000
-0.099000 0.803197
-0.098000 0.806387
-0.097000 0.809569
-0.096000 0.812744
-0.095000 0.815910
-0.094000 0.819068
-0.093000 0.822216
-0.092000 0.825355
-0.091000 0.828483
-0.090000 0.831601
-0.089000 0.834707
-0.088000 0.837802
-0.087000 0.840884
-0.086000 0.843953
-0.085000 0.847009
-0.084000 0.850051
-0.083000 0.853079
-0.082000 0.856091
-0.081000 0.859088
-0.080000 0.862069
-0.079000 0.865033
-0.078000 0.867980
-0.077000 0.870909
-0.076000 0.873820
-0.075000 0.876712
-0.074000 0.879585
-0.073000 0.882437
-0.072000 0.885269
-0.071000 0.888080
-0.070000 0.890869
-0.069000 0.893635
-0.068000 0.896379
-0.067000 0.899099
-0.066000 0.901795
-0.065000 0.904466
-0.064000 0.907112
-0.063000 0.909732
-0.062000 0.912326
-0.061000 0.914892
-0.060000 0.917431
-0.059000 0.919942
-0.058000 0.922424
-0.057000 0.924877
-0.056000 0.927300
-0.055000 0.929692
-0.054000 0.932053
-0.053000 0.934383
-0.052000 0.936680
-0.051000 0.938945
-0.050000 0.941176
-0.049000 0.943374
-0.048000 0.945537
-0.047000 0.947665
-0.046000 0.949758
-0.045000 0.951814
-0.044000 0.953834
-0.043000 0.955817
-0.042000 0.957763
-0.041000 0.959670
-0.040000 0.961538
-0.039000 0.963368
-0.038000 0.965158
-0.037000 0.966908
-0.036000 0.968617
-0.035000 0.970285
-0.034000 0.971912
-0.033000 0.973497
-0.032000 0.975039
-0.031000 0.976539
-0.030000 0.977995
-0.029000 0.979408
-0.028000 0.980777
-0.027000 0.982101
-0.026000 0.983381
-0.025000 0.984615
-0.024000 0.985804
-0.023000 0.986948
-0.022000 0.988045
-0.021000 0.989095
-0.020000 0.990099
-0.019000 0.991056
-0.018000 0.991965
-0.017000 0.992827
-0.016000 0.993641
-0.015000 0.994406
-0.014000 0.995124
-0.013000 0.995793
-0.012000 0.996413
-0.011000 0.996984
-0.010000 0.997506
-0.009000 0.997979
-0.008000 0.998403
-0.007000 0.998776
-0.006000 0.999101
-0.005000 0.999375
-0.004000 0.999600
-0.003000 0.999775
-0.002000 0.999900
-0.001000 0.999975
0.000000 1.000000
0.001000 0.999975
0.002000 0.999900
0.003000 0.999775
0.004000 0.999600
0.005000 0.999375
0.006000 0.999101
0.007000 0.998776
0.008000 0.998403
0.009000 0.997979
0.010000 0.997506
0.011000 0.996984
0.012000 0.996413
0.013000 0.995793
0.014000 0.995124
0.015000 0.994406
0.016000 0.993641
0.017000 0.992827
0.018000 0.991965
0.019000 0.991056
0.020000 0.990099
0.021000 0.989095
0.022000 0.988045
0.023000 0.986948
0.024000 0.985804
0.025000 0.984615
0.026000 0.983381
0.027000 0.982101
0.028000 0.980777
0.029000 0.979408
0.030000 0.977995
0.031000 0.976539
0.032000 0.975039
0.033000 0.973497
0.034000 0.971912
0.035000 0.970285
0.036000 0.968617
0.037000 0.966908
0.038000 0.965158
0.039000 0.963368
0.040000 0.961538
0.041000 0.959670
0.042000 0.957763
0.043000 0.955817
0.044000 0.953834
0.045000 0.951814
0.046000 0.949758
0.047000 0.947665
0.048000 0.945537
0.049000 0.943374
0.050000 0.941176
0.051000 0.938945
0.052000 0.936680
0.053000 0.934383
0.054000 0.932053
0.055000 0.929692
0.056000 0.927300
0.057000 0.924877
0.058000 0.922424
0.059000 0.919942
0.060000 0.917431
0.061000 0.914892
0.062000 0.912326
0.063000 0.909732
0.064000 0.907112
0.065000 0.904466
0.066000 0.901795
0.067000 0.899099
0.068000 0.896379
0.069000 0.893635
0.070000 0.890869
0.071000 0.888080
0.072000 0.885269
0.073000 0.882437
0.074000 0.879585
0.075000 0.876712
0.076000 0.873820
0.077000 0.870909
0.078000 0.867980
0.079000 0.865033
0.080000 0.862069
0.081000 0.859088
0.082000 0.856091
0.083000 0.853079
0.084000 0.850051
0.085000 0.847009
0.086000 0.843953
0.087000 0.840884
0.088000 0.837802
0.089000 0.834707
0.090000 0.831601
0.091000 0.828483
0.092000 0.825355
0.093000 0.822216
0.094000 0.819068
0.095000 0.815910
0.096000 0.812744
0.097000 0.809569
0.098000 0.806387
0.099000 0.803197
0.100000 0.800000
0.101000 0.796797
0.102000 0.793588
0.103000 0.790373
0.104000 0.787154
0.105000 0.783929
0.106000 0.780701
0.107000 0.777469
0.108000 0.774234
0.109000 0.770995
0.110000 0.767754
0.111000 0.764511
0.112000 0.761267
0.113000 0.758021
0.114000 0.754774
0.115000 0.751527
0.116000 0.748279
0.117000 0.745032
0.118000 0.741785
0.119000 0.738539
0.120000 0.735294
0.121000 0.732051
0.122000 0.728810
0.123000 0.725571
0.124000 0.722335
0.125000 0.719101
0.126000 0.715871
0.127000 0.712644
0.128000 0.709421
0.129000 0.706202
0.130000 0.702988
0.131000 0.699778
0.132000 0.696573
0.133000 0.693373
0.134000 0.690179
0.135000 0.686990
0.136000 0.683807
0.137000 0.680631
0.138000 0.677461
0.139000 0.674297
0.140000 0.671141
0.141000 0.667992
0.142000 0.664849
0.143000 0.661715
0.144000 0.658588
0.145000 0.655469
0.146000 0.652358
0.147000 0.649256
0.148000 0.646162
0.149000 0.643076
0.150000 0.640000
0.151000 0.636933
0.152000 0.633874
0.153000 0.630825
0.154000 0.627786
0.155000 0.624756
0.156000 0.621736
0.157000 0.618726
0.158000 0.615726
0.159000 0.612736
0.160000 0.609756
0.161000 0.606787
0.162000 0.603828
0.163000 0.600880
0.164000 0.597943
0.165000 0.595017
0.166000 0.592101
0.167000 0.589197
0.168000 0.586304
0.169000 0.583422
0.170000 0.580552
0.171000 0.577692
0.172000 0.574845
0.173000 0.572009
0.174000 0.569184
0.175000 0.566372
0.176000 0.563571
0.177000 0.560782
0.178000 0.558005
0.179000 0.555239
0.180000 0.552486
0.181000 0.549745
0.182000 0.547016
0.183000 0.544299
0.184000 0.541594
0.185000 0.538902
0.186000 0.536222
0.187000 0.533554
0.188000 0.530898
0.189000 0.528255
0.190000 0.525624
0.191000 0.523006
0.192000 0.520400
0.193000 0.517806
0.194000 0.515225
0.195000 0.512656
0.196000 0.510100
0.197000 0.507556
0.198000 0.505025
0.199000 0.502506
0.200000 0.500000
0.201000 0.497506
0.202000 0.495025
0.203000 0.492556
0.204000 0.490100
0.205000 0.487656
0.206000 0.485225
0.207000 0.482806
0.208000 0.480400
0.209000 0.478006
0.210000 0.475624
0.211000 0.473255
0.212000 0.470898
0.213000 0.468554
0.214000 0.466222
0.215000 0.463903
0.216000 0.461595
0.217000 0.459300
0.218000 0.457018
0.219000 0.454747
0.220000 0.452489
0.221000 0.450243
0.222000 0.448009
0.223000 0.445787
0.224000 0.443577
0.225000 0.441379
0.226000 0.439194
0.227000 0.437020
0.228000 0.434858
0.229000 0.432708
0.230000 0.430571
0.231000 0.428444
0.232000 0.426330
0.233000 0.424228
0.234000 0.422137
0.235000 0.420058
0.236000 0.417990
0.237000 0.415934
0.238000 0.413890
0.239000 0.411857
0.240000 0.409836
0.241000 0.407826
0.242000 0.405828
0.243000 0.403841
0.244000 0.401865
0.245000 0.399900
0.246000 0.397947
0.247000 0.396004
0.248000 0.394073
0.249000 0.392153
0.250000 0.390244
0.251000 0.388346
0.252000 0.386458
0.253000 0.384582
0.254000 0.382717
0.255000 0.380862
0.256000 0.379018
0.257000 0.377184
0.258000 0.375361
0.259000 0.373549
0.260000 0.371747
0.261000 0.369956
0.262000 0.368175
0.263000 0.366404
0.264000 0.364644
0.265000 0.362894
0.266000 0.361154
0.267000 0.359425
0.268000 0.357705
0.269000 0.355995
0.270000 0.354296
0.271000 0.352606
0.272000 0.350926
0.273000 0.349257
0.274000 0.347596
0.275000 0.345946
0.276000 0.344305
0.277000 0.342674
0.278000 0.341052
0.279000 0.339440
0.280000 0.337838
0.281000 0.336245
0.282000 0.334661
0.283000 0.333086
0.284000 0.331521
0.285000 0.329965
0.286000 0.328418
0.287000 0.326880
0.288000 0.325351
0.289000 0.323832
0.290000 0.322321
0.291000 0.320819
0.292000 0.319326
0.293000 0.317841
0.294000 0.316366
0.295000 0.314899
0.296000 0.313440
0.297000 0.311991
0.298000 0.310549
0.299000 0.309117
0.300000 0.307692
0.301000 0.306276
0.302000 0.304869
0.303000 0.303469
0.304000 0.302078
0.305000 0.300695
0.306000 0.299321
0.307000 0.297954
0.308000 0.296595
0.309000 0.295244
0.310000 0.293902
0.311000 0.292567
0.312000 0.291240
0.313000 0.289920
0.314000 0.288609
0.315000 0.287305
0.316000 0.286008
0.317000 0.284720
0.318000 0.283439
0.319000 0.282165
0.320000 0.280899
0.321000 0.279640
0.322000 0.278389
0.323000 0.277145
0.324000 0.275908
0.325000 0.274678
0.326000 0.273456
0.327000 0.272240
0.328000 0.271032
0.329000 0.269831
0.330000 0.268637
0.331000 0.267449
0.332000 0.266269
0.333000 0.265096
0.334000 0.263929
0.335000 0.262769
0.336000 0.261616
0.337000 0.260469
0.338000 0.259329
0.339000 0.258196
0.340000 0.257069
0.341000 0.255949
0.342000 0.254836
0.343000 0.253728
0.344000 0.252627
0.345000 0.251533
0.346000 0.250445
0.347000 0.249363
0.348000 0.248287
0.349000 0.247217
0.350000 0.246154
0.351000 0.245097
0.352000 0.244045
0.353000 0.243000
0.354000 0.241961
0.355000 0.240928
0.356000 0.239900
0.357000 0.238879
0.358000 0.237863
0.359000 0.236853
0.360000 0.235849
0.361000 0.234851
0.362000 0.233858
0.363000 0.232871
0.364000 0.231889
0.365000 0.230914
0.366000 0.229943
0.367000 0.228978
0.368000 0.228019
0.369000 0.227065
0.370000 0.226116
0.371000 0.225173
0.372000 0.224235
0.373000 0.223303
0.374000 0.222375
0.375000 0.221453
0.376000 0.220536
0.377000 0.219625
0.378000 0.218718
0.379000 0.217816
0.380000 0.216920
0.381000 0.216028
0.382000 0.215142
0.383000 0.214260
0.384000 0.213383
0.385000 0.212512
0.386000 0.211645
0.387000 0.210783
0.388000 0.209925
0.389000 0.209073
0.390000 0.208225
0.391000 0.207382
0.392000 0.206543
0.393000 0.205709
0.394000 0.204880
0.395000 0.204056
0.396000 0.203236
0.397000 0.202420
0.398000 0.201609
0.399000 0.200802
0.400000 0.200000
0.401000 0.199202
0.402000 0.198409
0.403000 0.197620
0.404000 0.196835
0.405000 0.196054
0.406000 0.195278
0.407000 0.194506
0.408000 0.193738
0.409000 0.192975
0.410000 0.192215
0.411000 0.191460
0.412000 0.190709
0.413000 0.189961
0.414000 0.189218
0.415000 0.188479
0.416000 0.187744
0.417000 0.187013
0.418000 0.186286
0.419000 0.185562
0.420000 0.184843
0.421000 0.184127
0.422000 0.183416
0.423000 0.182708
0.424000 0.182003
0.425000 0.181303
0.426000 0.180606
0.427000 0.179914
0.428000 0.179224
0.429000 0.178539
0.430000 0.177857
0.431000 0.177179
0.432000 0.176504
0.433000 0.175833
0.434000 0.175165
0.435000 0.174501
0.436000 0.173840
0.437000 0.173183
0.438000 0.172530
0.439000 0.171880
0.440000 0.171233
0.441000 0.170590
0.442000 0.169950
0.443000 0.169313
0.444000 0.168680
0.445000 0.168050
0.446000 0.167423
0.447000 0.166799
0.448000 0.166179
0.449000 0.165562
0.450000 0.164948
0.451000 0.164338
0.452000 0.163730
0.453000 0.163126
0.454000 0.162525
0.455000 0.161927
0.456000 0.161332
0.457000 0.160740
0.458000 0.160151
0.459000 0.159565
0.460000 0.158983
0.461000 0.158403
0.462000 0.157826
0.463000 0.157252
0.464000 0.156681
0.465000 0.156113
0.466000 0.155548
0.467000 0.154985
0.468000 0.154426
0.469000 0.153869
0.470000 0.153315
0.471000 0.152764
0.472000 0.152216
0.473000 0.151671
0.474000 0.151128
0.475000 0.150588
0.476000 0.150051
0.477000 0.149517
0.478000 0.148985
0.479000 0.148456
0.480000 0.147929
0.481000 0.147405
0.482000 0.146884
0.483000 0.146365
0.484000 0.145849
0.485000 0.145336
0.486000 0.144825
0.487000 0.144316
0.488000 0.143810
0.489000 0.143307
0.490000 0.142806
0.491000 0.142308
0.492000 0.141812
0.493000 0.141318
0.494000 0.140827
0.495000 0.140339
0.496000 0.139852
0.497000 0.139368
0.498000 0.138887
0.499000 0.138408
0.500000 0.137931
0.501000 0.137457
0.502000 0.136984
0.503000 0.136515
0.504000 0.136047
0.505000 0.135582
0.506000 0.135119
0.507000 0.134658
0.508000 0.134199
0.509000 0.133743
0.510000 0.133289
0.511000 0.132837
0.512000 0.132387
0.513000 0.131940
0.514000 0.131494
0.515000 0.131051
0.516000 0.130610
0.517000 0.130171
0.518000 0.129734
0.519000 0.129299
0.520000 0.128866
0.521000 0.128435
0.522000 0.128007
0.523000 0.127580
0.524000 0.127155
0.525000 0.126733
0.526000 0.126312
0.527000 0.125893
0.528000 0.125477
0.529000 0.125062
0.530000 0.124649
0.531000 0.124239
0.532000 0.123830
0.533000 0.123423
0.534000 0.123018
0.535000 0.122615
0.536000 0.122214
0.537000 0.121814
0.538000 0.121417
0.539000 0.121021
0.540000 0.120627
0.541000 0.120235
0.542000 0.119845
0.543000 0.119457
0.544000 0.119070
0.545000 0.118686
0.546000 0.118303
0.547000 0.117921
0.548000 0.117542
0.549000 0.117164
0.550000 0.116788
0.551000 0.116414
0.552000 0.116042
0.553000 0.115671
0.554000 0.115302
0.555000 0.114934
0.556000 0.114569
0.557000 0.114204
0.558000 0.113842
0.559000 0.113481
0.560000 0.113122
0.561000 0.112765
0.562000 0.112409
0.563000 0.112055
0.564000 0.111702
0.565000 0.111351
0.566000 0.111001
0.567000 0.110653
0.568000 0.110307
0.569000 0.109962
0.570000 0.109619
0.571000 0.109277
0.572000 0.108937
0.573000 0.108599
0.574000 0.108261
0.575000 0.107926
0.576000 0.107592
0.577000 0.107259
0.578000 0.106928
0.579000 0.106598
0.580000 0.106270
0.581000 0.105943
0.582000 0.105618
0.583000 0.105294
0.584000 0.104971
0.585000 0.104650
0.586000 0.104331
0.587000 0.104013
0.588000 0.103696
0.589000 0.103380
0.590000 0.103066
0.591000 0.102754
0.592000 0.102442
0.593000 0.102132
0.594000 0.101824
0.595000 0.101516
0.596000 0.101210
0.597000 0.100906
0.598000 0.100603
0.599000 0.100301
0.600000 0.100000
0.601000 0.099701
0.602000 0.099403
0.603000 0.099106
0.604000 0.098810
0.605000 0.098516
0.606000 0.098223
0.607000 0.097931
0.608000 0.097641
0.609000 0.097352
0.610000 0.097064
0.611000 0.096777
0.612000 0.096492
0.613000 0.096207
0.614000 0.095924
0.615000 0.095642
0.616000 0.095362
0.617000 0.095082
0.618000 0.094804
0.619000 0.094527
0.620000 0.094251
0.621000 0.093976
0.622000 0.093702
0.623000 0.093430
0.624000 0.093158
0.625000 0.092888
0.626000 0.092619
0.627000 0.092351
0.628000 0.092084
0.629000 0.091819
0.630000 0.091554
0.631000 0.091291
0.632000 0.091028
0.633000 0.090767
0.634000 0.090507
0.635000 0.090248
0.636000 0.089990
0.637000 0.089733
0.638000 0.089477
0.639000 0.089222
0.640000 0.088968
0.641000 0.088715
0.642000 0.088463
0.643000 0.088213
0.644000 0.087963
0.645000 0.087714
0.646000 0.087467
0.647000 0.087220
0.648000 0.086975
0.649000 0.086730
0.650000 0.086486
0.651000 0.086244
0.652000 0.086002
0.653000 0.085762
0.654000 0.085522
0.655000 0.085283
0.656000 0.085046
0.657000 0.084809
0.658000 0.084573
0.659000 0.084338
0.660000 0.084104
0.661000 0.083871
0.662000 0.083639
0.663000 0.083408
0.664000 0.083178
0.665000 0.082949
0.666000 0.082721
0.667000 0.082493
0.668000 0.082267
0.669000 0.082041
0.670000 0.081816
0.671000 0.081593
0.672000 0.081370
0.673000 0.081148
0.674000 0.080926
0.675000 0.080706
0.676000 0.080487
0.677000 0.080268
0.678000 0.080051
0.679000 0.079834
0.680000 0.079618
0.681000 0.079403
0.682000 0.079188
0.683000 0.078975
0.684000 0.078762
0.685000 0.078551
0.686000 0.078340
0.687000 0.078130
0.688000 0.077920
0.689000 0.077712
0.690000 0.077504
0.691000 0.077298
0.692000 0.077091
0.693000 0.076886
0.694000 0.076682
0.695000 0.076478
0.696000 0.076275
0.697000 0.076073
0.698000 0.075872
0.699000 0.075671
0.700000 0.075472
0.701000 0.075273
0.702000 0.075075
0.703000 0.074877
0.704000 0.074680
0.705000 0.074484
0.706000 0.074289
0.707000 0.074095
0.708000 0.073901
0.709000 0.073708
0.710000 0.073516
0.711000 0.073324
0.712000 0.073134
0.713000 0.072944
0.714000 0.072754
0.715000 0.072566
0.716000 0.072378
0.717000 0.072191
0.718000 0.072004
0.719000 0.071818
0.720000 0.071633
0.721000 0.071449
0.722000 0.071265
0.723000 0.071082
0.724000 0.070900
0.725000 0.070718
0.726000 0.070537
0.727000 0.070357
0.728000 0.070177
0.729000 0.069998
0.730000 0.069820
0.731000 0.069643
0.732000 0.069466
0.733000 0.069289
0.734000 0.069114
0.735000 0.068939
0.736000 0.068764
0.737000 0.068591
0.738000 0.068418
0.739000 0.068245
0.740000 0.068074
0.741000 0.067902
0.742000 0.067732
0.743000 0.067562
0.744000 0.067393
0.745000 0.067224
0.746000 0.067056
0.747000 0.066889
0.748000 0.066722
0.749000 0.066556
0.750000 0.066390
0.751000 0.066225
0.752000 0.066061
0.753000 0.065897
0.754000 0.065734
0.755000 0.065571
0.756000 0.065409
0.757000 0.065248
0.758000 0.065087
0.759000 0.064927
0.760000 0.064767
0.761000 0.064608
0.762000 0.064449
0.763000 0.064291
0.764000 0.064134
0.765000 0.063977
0.766000 0.063821
0.767000 0.063665
0.768000 0.063510
0.769000 0.063355
0.770000 0.063201
0.771000 0.063048
0.772000 0.062895
0.773000 0.062742
0.774000 0.062590
0.775000 0.062439
0.776000 0.062288
0.777000 0.062138
0.778000 0.061988
0.779000 0.061839
0.780000 0.061690
0.781000 0.061542
0.782000 0.061395
0.783000 0.061247
0.784000 0.061101
0.785000 0.060955
0.786000 0.060809
0.787000 0.060664
0.788000 0.060519
0.789000 0.060375
0.790000 0.060232
0.791000 0.060089
0.792000 0.059946
0.793000 0.059804
0.794000 0.059663
0.795000 0.059522
0.796000 0.059381
0.797000 0.059241
0.798000 0.059101
0.799000 0.058962
0.800000 0.058824
0.801000 0.058685
0.802000 0.058548
0.803000 0.058410
0.804000 0.058274
0.805000 0.058137
0.806000 0.058002
0.807000 0.057866
0.808000 0.057731
0.809000 0.057597
0.810000 0.057463
0.811000 0.057330
0.812000 0.057196
0.813000 0.057064
0.814000 0.056932
0.815000 0.056800
0.816000 0.056669
0.817000 0.056538
0.818000 0.056408
0.819000 0.056278
0.820000 0.056148
0.821000 0.056019
0.822000 0.055891
0.823000 0.055762
0.824000 0.055635
0.825000 0.055507
0.826000 0.055380
0.827000 0.055254
0.828000 0.055128
0.829000 0.055002
0.830000 0.054877
0.831000 0.054752
0.832000 0.054628
0.833000 0.054504
0.834000 0.054381
0.835000 0.054258
0.836000 0.054135
0.837000 0.054013
0.838000 0.053891
0.839000 0.053769
0.840000 0.053648
0.841000 0.053527
0.842000 0.053407
0.843000 0.053287
0.844000 0.053168
0.845000 0.053049
0.846000 0.052930
0.847000 0.052812
0.848000 0.052694
0.849000 0.052576
0.850000 0.052459
0.851000 0.052342
0.852000 0.052226
0.853000 0.052110
0.854000 0.051994
0.855000 0.051879
0.856000 0.051764
0.857000 0.051650
0.858000 0.051536
0.859000 0.051422
0.860000 0.051308
0.861000 0.051195
0.862000 0.051083
0.863000 0.050970
0.864000 0.050858
0.865000 0.050747
0.866000 0.050636
0.867000 0.050525
0.868000 0.050414
0.869000 0.050304
0.870000 0.050195
0.871000 0.050085
0.872000 0.049976
0.873000 0.049867
0.874000 0.049759
0.875000 0.049651
0.876000 0.049543
0.877000 0.049436
0.878000 0.049329
0.879000 0.049222
0.880000 0.049116
0.881000 0.049010
0.882000 0.048904
0.883000 0.048799
0.884000 0.048694
0.885000 0.048589
0.886000 0.048485
0.887000 0.048381
0.888000 0.048277
0.889000 0.048174
0.890000 0.048071
0.891000 0.047968
0.892000 0.047866
0.893000 0.047764
0.894000 0.047662
0.895000 0.047561
0.896000 0.047460
0.897000 0.047359
0.898000 0.047259
0.899000 0.047159
0.900000 0.047059
0.901000 0.046959
0.902000 0.046860
0.903000 0.046761
0.904000 0.046663
0.905000 0.046564
0.906000 0.046466
0.907000 0.046369
0.908000 0.046271
0.909000 0.046174
0.910000 0.046078
0.911000 0.045981
0.912000 0.045885
0.913000 0.045789
0.914000 0.045694
0.915000 0.045598
0.916000 0.045503
0.917000 0.045409
0.918000 0.045314
0.919000 0.045220
0.920000 0.045126
0.921000 0.045033
0.922000 0.044940
0.923000 0.044847
0.924000 0.044754
0.925000 0.044662
0.926000 0.044569
0.927000 0.044478
0.928000 0.044386
0.929000 0.044295
0.930000 0.044204
0.931000 0.044113
0.932000 0.044023
0.933000 0.043932
0.934000 0.043843
0.935000 0.043753
0.936000 0.043664
0.937000 0.043574
0.938000 0.043486
0.939000 0.043397
0.940000 0.043309
0.941000 0.043221
0.942000 0.043133
0.943000 0.043046
0.944000 0.042958
0.945000 0.042871
0.946000 0.042785
0.947000 0.042698
0.948000 0.042612
0.949000 0.042526
0.950000 0.042440
0.951000 0.042355
0.952000 0.042270
0.953000 0.042185
0.954000 0.042100
0.955000 0.042016
0.956000 0.041932
0.957000 0.041848
0.958000 0.041764
0.959000 0.041681
0.960000 0.041597
0.961000 0.041514
0.962000 0.041432
0.963000 0.041349
0.964000 0.041267
0.965000 0.041185
0.966000 0.041103
0.967000 0.041022
0.968000 0.040941
0.969000 0.040860
0.970000 0.040779
0.971000 0.040698
0.972000 0.040618
0.973000 0.040538
0.974000 0.040458
0.975000 0.040379
0.976000 0.040299
0.977000 0.040220
0.978000 0.040141
0.979000 0.040062
0.980000 0.039984
0.981000 0.039906
0.982000 0.039828
0.983000 0.039750
0.984000 0.039672
0.985000 0.039595
0.986000 0.039518
0.987000 0.039441
0.988000 0.039364
0.989000 0.039288
0.990000 0.039212
0.991000 0.039136
0.992000 0.039060
0.993000 0.038984
0.994000 0.038909
0.995000 0.038834
0.996000 0.038759
0.997000 0.038684
0.998000 0.038610
0.999000 0.038536
1.000000 0.038462
