-1.000000 -0.001680
-0.999000 -0.000993
-0.998000 -0.000312
-0.997000 0.000364
-0.996000 0.001033
-0.995000 0.001697
-0.994000 0.002354
-0.993000 0.003006
-0.992000 0.003652
-0.991000 0.004292
-0.990000 0.004927
-0.989000 0.005556
-0.988000 0.006179
-0.987000 0.006796
-0.986000 0.007408
-0.985000 0.008015
-0.984000 0.008615
-0.983000 0.009211
-0.982000 0.009801
-0.981000 0.010385
-0.980000 0.010964
-0.979000 0.011537
-0.978000 0.012106
-0.977000 0.012669
-0.976000 0.013226
-0.975000 0.013779
-0.974000 0.014326
-0.973000 0.014868
-0.972000 0.015405
-0.971000 0.015936
-0.970000 0.016463
-0.969000 0.016985
-0.968000 0.017501
-0.967000 0.018013
-0.966000 0.018519
-0.965000 0.019021
-0.964000 0.019518
-0.963000 0.020010
-0.962000 0.020497
-0.961000 0.020979
-0.960000 0.021457
-0.959000 0.021929
-0.958000 0.022397
-0.957000 0.022861
-0.956000 0.023320
-0.955000 0.023774
-0.954000 0.024223
-0.953000 0.024668
-0.952000 0.025109
-0.951000 0.025545
-0.950000 0.025977
-0.949000 0.026404
-0.948000 0.026827
-0.947000 0.027245
-0.946000 0.027659
-0.945000 0.028069
-0.944000 0.028475
-0.943000 0.028876
-0.942000 0.029273
-0.941000 0.029666
-0.940000 0.030055
-0.939000 0.030440
-0.938000 0.030821
-0.937000 0.031198
-0.936000 0.031570
-0.935000 0.031939
-0.934000 0.032304
-0.933000 0.032665
-0.932000 0.033022
-0.931000 0.033375
-0.930000 0.033725
-0.929000 0.034070
-0.928000 0.034412
-0.927000 0.034751
-0.926000 0.035085
-0.925000 0.035416
-0.924000 0.035743
-0.923000 0.036067
-0.922000 0.036387
-0.921000 0.036704
-0.920000 0.037017
-0.919000 0.037327
-0.918000 0.037633
-0.917000 0.037936
-0.916000 0.038236
-0.915000 0.038532
-0.914000 0.038825
-0.913000 0.039115
-0.912000 0.039401
-0.911000 0.039685
-0.910000 0.039965
-0.909000 0.040242
-0.908000 0.040516
-0.907000 0.040787
-0.906000 0.041054
-0.905000 0.041319
-0.904000 0.041581
-0.903000 0.041840
-0.902000 0.042096
-0.901000 0.042349
-0.900000 0.042600
-0.899000 0.042847
-0.898000 0.043092
-0.897000 0.043334
-0.896000 0.043573
-0.895000 0.043810
-0.894000 0.044044
-0.893000 0.044275
-0.892000 0.044504
-0.891000 0.044730
-0.890000 0.044954
-0.889000 0.045175
-0.888000 0.045394
-0.887000 0.045610
-0.886000 0.045824
-0.885000 0.046036
-0.884000 0.046245
-0.883000 0.046452
-0.882000 0.046657
-0.881000 0.046860
-0.880000 0.047060
-0.879000 0.047258
-0.878000 0.047454
-0.877000 0.047648
-0.876000 0.047840
-0.875000 0.048030
-0.874000 0.048218
-0.873000 0.048403
-0.872000 0.048587
-0.871000 0.048769
-0.870000 0.048950
-0.869000 0.049128
-0.868000 0.049304
-0.867000 0.049479
-0.866000 0.049652
-0.865000 0.049823
-0.864000 0.049993
-0.863000 0.050161
-0.862000 0.050327
-0.861000 0.050492
-0.860000 0.050655
-0.859000 0.050817
-0.858000 0.050977
-0.857000 0.051136
-0.856000 0.051293
-0.855000 0.051449
-0.854000 0.051604
-0.853000 0.051757
-0.852000 0.051909
-0.851000 0.052059
-0.850000 0.052209
-0.849000 0.052357
-0.848000 0.052504
-0.847000 0.052650
-0.846000 0.052795
-0.845000 0.052939
-0.844000 0.053081
-0.843000 0.053223
-0.842000 0.053364
-0.841000 0.053504
-0.840000 0.053643
-0.839000 0.053781
-0.838000 0.053918
-0.837000 0.054054
-0.836000 0.054190
-0.835000 0.054325
-0.834000 0.054459
-0.833000 0.054592
-0.832000 0.054725
-0.831000 0.054857
-0.830000 0.054989
-0.829000 0.055120
-0.828000 0.055251
-0.827000 0.055381
-0.826000 0.055510
-0.825000 0.055639
-0.824000 0.055768
-0.823000 0.055896
-0.822000 0.056024
-0.821000 0.056152
-0.820000 0.056280
-0.819000 0.056407
-0.818000 0.056534
-0.817000 0.056661
-0.816000 0.056788
-0.815000 0.056914
-0.814000 0.057041
-0.813000 0.057167
-0.812000 0.057294
-0.811000 0.057421
-0.810000 0.057547
-0.809000 0.057674
-0.808000 0.057801
-0.807000 0.057928
-0.806000 0.058055
-0.805000 0.058182
-0.804000 0.058310
-0.803000 0.058438
-0.802000 0.058566
-0.801000 0.058695
-0.800000 0.025819
-0.799000 0.026441
-0.798000 0.027058
-0.797000 0.027671
-0.796000 0.028280
-0.795000 0.028884
-0.794000 0.029483
-0.793000 0.030079
-0.792000 0.030670
-0.791000 0.031256
-0.790000 0.031839
-0.789000 0.032417
-0.788000 0.032991
-0.787000 0.033561
-0.786000 0.034127
-0.785000 0.034688
-0.784000 0.035246
-0.783000 0.035799
-0.782000 0.036348
-0.781000 0.036894
-0.780000 0.037435
-0.779000 0.037973
-0.778000 0.038506
-0.777000 0.039036
-0.776000 0.039562
-0.775000 0.040084
-0.774000 0.040602
-0.773000 0.041116
-0.772000 0.041627
-0.771000 0.042134
-0.770000 0.042638
-0.769000 0.043137
-0.768000 0.043633
-0.767000 0.044126
-0.766000 0.044615
-0.765000 0.045100
-0.764000 0.045582
-0.763000 0.046061
-0.762000 0.046536
-0.761000 0.047008
-0.760000 0.047476
-0.759000 0.047941
-0.758000 0.048403
-0.757000 0.048861
-0.756000 0.049317
-0.755000 0.049769
-0.754000 0.050217
-0.753000 0.050663
-0.752000 0.051105
-0.751000 0.051545
-0.750000 0.051981
-0.749000 0.052415
-0.748000 0.052845
-0.747000 0.053272
-0.746000 0.053697
-0.745000 0.054118
-0.744000 0.054537
-0.743000 0.054952
-0.742000 0.055365
-0.741000 0.055775
-0.740000 0.056183
-0.739000 0.056587
-0.738000 0.056989
-0.737000 0.057389
-0.736000 0.057785
-0.735000 0.058179
-0.734000 0.058571
-0.733000 0.058959
-0.732000 0.059346
-0.731000 0.059730
-0.730000 0.060111
-0.729000 0.060490
-0.728000 0.060866
-0.727000 0.061241
-0.726000 0.061612
-0.725000 0.061982
-0.724000 0.062349
-0.723000 0.062714
-0.722000 0.063077
-0.721000 0.063437
-0.720000 0.063796
-0.719000 0.064152
-0.718000 0.064506
-0.717000 0.064858
-0.716000 0.065208
-0.715000 0.065556
-0.714000 0.065902
-0.713000 0.066247
-0.712000 0.066589
-0.711000 0.066929
-0.710000 0.067267
-0.709000 0.067604
-0.708000 0.067939
-0.707000 0.068272
-0.706000 0.068603
-0.705000 0.068933
-0.704000 0.069261
-0.703000 0.069587
-0.702000 0.069912
-0.701000 0.070235
-0.700000 0.070556
-0.699000 0.070876
-0.698000 0.071195
-0.697000 0.071512
-0.696000 0.071827
-0.695000 0.072141
-0.694000 0.072454
-0.693000 0.072765
-0.692000 0.073076
-0.691000 0.073384
-0.690000 0.073692
-0.689000 0.073998
-0.688000 0.074303
-0.687000 0.074607
-0.686000 0.074910
-0.685000 0.075212
-0.684000 0.075512
-0.683000 0.075812
-0.682000 0.076111
-0.681000 0.076408
-0.680000 0.076705
-0.679000 0.077001
-0.678000 0.077295
-0.677000 0.077589
-0.676000 0.077882
-0.675000 0.078175
-0.674000 0.078466
-0.673000 0.078757
-0.672000 0.079047
-0.671000 0.079336
-0.670000 0.079625
-0.669000 0.079913
-0.668000 0.080201
-0.667000 0.080487
-0.666000 0.080774
-0.665000 0.081060
-0.664000 0.081345
-0.663000 0.081630
-0.662000 0.081915
-0.661000 0.082199
-0.660000 0.082483
-0.659000 0.082766
-0.658000 0.083049
-0.657000 0.083332
-0.656000 0.083615
-0.655000 0.083897
-0.654000 0.084180
-0.653000 0.084462
-0.652000 0.084744
-0.651000 0.085026
-0.650000 0.085308
-0.649000 0.085590
-0.648000 0.085871
-0.647000 0.086153
-0.646000 0.086435
-0.645000 0.086718
-0.644000 0.087000
-0.643000 0.087282
-0.642000 0.087565
-0.641000 0.087847
-0.640000 0.088130
-0.639000 0.088414
-0.638000 0.088697
-0.637000 0.088981
-0.636000 0.089266
-0.635000 0.089550
-0.634000 0.089836
-0.633000 0.090121
-0.632000 0.090407
-0.631000 0.090694
-0.630000 0.090981
-0.629000 0.091269
-0.628000 0.091557
-0.627000 0.091846
-0.626000 0.092136
-0.625000 0.092426
-0.624000 0.092717
-0.623000 0.093009
-0.622000 0.093302
-0.621000 0.093595
-0.620000 0.093889
-0.619000 0.094184
-0.618000 0.094481
-0.617000 0.094778
-0.616000 0.095076
-0.615000 0.095375
-0.614000 0.095675
-0.613000 0.095976
-0.612000 0.096278
-0.611000 0.096581
-0.610000 0.096886
-0.609000 0.097191
-0.608000 0.097498
-0.607000 0.097806
-0.606000 0.098116
-0.605000 0.098426
-0.604000 0.098738
-0.603000 0.099051
-0.602000 0.099366
-0.601000 0.099682
-0.600000 -0.536889
-0.599000 -0.527064
-0.598000 -0.517333
-0.597000 -0.507695
-0.596000 -0.498149
-0.595000 -0.488696
-0.594000 -0.479334
-0.593000 -0.470064
-0.592000 -0.460884
-0.591000 -0.451794
-0.590000 -0.442794
-0.589000 -0.433883
-0.588000 -0.425061
-0.587000 -0.416328
-0.586000 -0.407682
-0.585000 -0.399123
-0.584000 -0.390651
-0.583000 -0.382266
-0.582000 -0.373966
-0.581000 -0.365751
-0.580000 -0.357622
-0.579000 -0.349577
-0.578000 -0.341616
-0.577000 -0.333738
-0.576000 -0.325943
-0.575000 -0.318231
-0.574000 -0.310601
-0.573000 -0.303052
-0.572000 -0.295584
-0.571000 -0.288197
-0.570000 -0.280890
-0.569000 -0.273662
-0.568000 -0.266513
-0.567000 -0.259443
-0.566000 -0.252452
-0.565000 -0.245537
-0.564000 -0.238700
-0.563000 -0.231940
-0.562000 -0.225256
-0.561000 -0.218647
-0.560000 -0.212114
-0.559000 -0.205656
-0.558000 -0.199271
-0.557000 -0.192961
-0.556000 -0.186724
-0.555000 -0.180560
-0.554000 -0.174468
-0.553000 -0.168447
-0.552000 -0.162499
-0.551000 -0.156621
-0.550000 -0.150813
-0.549000 -0.145076
-0.548000 -0.139407
-0.547000 -0.133808
-0.546000 -0.128277
-0.545000 -0.122815
-0.544000 -0.117419
-0.543000 -0.112091
-0.542000 -0.106830
-0.541000 -0.101634
-0.540000 -0.096504
-0.539000 -0.091439
-0.538000 -0.086439
-0.537000 -0.081502
-0.536000 -0.076630
-0.535000 -0.071820
-0.534000 -0.067074
-0.533000 -0.062389
-0.532000 -0.057766
-0.531000 -0.053205
-0.530000 -0.048704
-0.529000 -0.044263
-0.528000 -0.039882
-0.527000 -0.035561
-0.526000 -0.031298
-0.525000 -0.027094
-0.524000 -0.022947
-0.523000 -0.018858
-0.522000 -0.014826
-0.521000 -0.010850
-0.520000 -0.006930
-0.519000 -0.003065
-0.518000 0.000744
-0.517000 0.004499
-0.516000 0.008201
-0.515000 0.011848
-0.514000 0.015443
-0.513000 0.018985
-0.512000 0.022475
-0.511000 0.025913
-0.510000 0.029300
-0.509000 0.032637
-0.508000 0.035924
-0.507000 0.039161
-0.506000 0.042348
-0.505000 0.045488
-0.504000 0.048578
-0.503000 0.051622
-0.502000 0.054618
-0.501000 0.057567
-0.500000 0.060470
-0.499000 0.063327
-0.498000 0.066139
-0.497000 0.068906
-0.496000 0.071629
-0.495000 0.074307
-0.494000 0.076943
-0.493000 0.079535
-0.492000 0.082086
-0.491000 0.084594
-0.490000 0.087061
-0.489000 0.089487
-0.488000 0.091872
-0.487000 0.094217
-0.486000 0.096523
-0.485000 0.098790
-0.484000 0.101019
-0.483000 0.103209
-0.482000 0.105362
-0.481000 0.107477
-0.480000 0.109556
-0.479000 0.111599
-0.478000 0.113606
-0.477000 0.115578
-0.476000 0.117516
-0.475000 0.119419
-0.474000 0.121288
-0.473000 0.123125
-0.472000 0.124928
-0.471000 0.126699
-0.470000 0.128439
-0.469000 0.130147
-0.468000 0.131824
-0.467000 0.133471
-0.466000 0.135088
-0.465000 0.136676
-0.464000 0.138235
-0.463000 0.139765
-0.462000 0.141268
-0.461000 0.142743
-0.460000 0.144191
-0.459000 0.145613
-0.458000 0.147008
-0.457000 0.148378
-0.456000 0.149723
-0.455000 0.151044
-0.454000 0.152341
-0.453000 0.153613
-0.452000 0.154863
-0.451000 0.156091
-0.450000 0.157296
-0.449000 0.158479
-0.448000 0.159641
-0.447000 0.160783
-0.446000 0.161904
-0.445000 0.163006
-0.444000 0.164088
-0.443000 0.165152
-0.442000 0.166197
-0.441000 0.167225
-0.440000 0.168235
-0.439000 0.169229
-0.438000 0.170206
-0.437000 0.171167
-0.436000 0.172113
-0.435000 0.173044
-0.434000 0.173961
-0.433000 0.174864
-0.432000 0.175753
-0.431000 0.176629
-0.430000 0.177493
-0.429000 0.178345
-0.428000 0.179185
-0.427000 0.180015
-0.426000 0.180833
-0.425000 0.181642
-0.424000 0.182441
-0.423000 0.183231
-0.422000 0.184012
-0.421000 0.184786
-0.420000 0.185551
-0.419000 0.186310
-0.418000 0.187061
-0.417000 0.187807
-0.416000 0.188547
-0.415000 0.189281
-0.414000 0.190011
-0.413000 0.190737
-0.412000 0.191459
-0.411000 0.192177
-0.410000 0.192893
-0.409000 0.193606
-0.408000 0.194317
-0.407000 0.195028
-0.406000 0.195737
-0.405000 0.196445
-0.404000 0.197154
-0.403000 0.197864
-0.402000 0.198574
-0.401000 0.199286
-0.400000 2.921737
-0.399000 2.881831
-0.398000 2.842334
-0.397000 2.803244
-0.396000 2.764558
-0.395000 2.726276
-0.394000 2.688394
-0.393000 2.650912
-0.392000 2.613826
-0.391000 2.577135
-0.390000 2.540838
-0.389000 2.504932
-0.388000 2.469415
-0.387000 2.434285
-0.386000 2.399540
-0.385000 2.365179
-0.384000 2.331199
-0.383000 2.297598
-0.382000 2.264375
-0.381000 2.231527
-0.380000 2.199053
-0.379000 2.166950
-0.378000 2.135217
-0.377000 2.103851
-0.376000 2.072851
-0.375000 2.042215
-0.374000 2.011941
-0.373000 1.982026
-0.372000 1.952469
-0.371000 1.923268
-0.370000 1.894421
-0.369000 1.865925
-0.368000 1.837780
-0.367000 1.809983
-0.366000 1.782531
-0.365000 1.755424
-0.364000 1.728659
-0.363000 1.702234
-0.362000 1.676147
-0.361000 1.650397
-0.360000 1.624980
-0.359000 1.599897
-0.358000 1.575143
-0.357000 1.550718
-0.356000 1.526619
-0.355000 1.502845
-0.354000 1.479393
-0.353000 1.456262
-0.352000 1.433449
-0.351000 1.410953
-0.350000 1.388771
-0.349000 1.366903
-0.348000 1.345345
-0.347000 1.324096
-0.346000 1.303153
-0.345000 1.282516
-0.344000 1.262181
-0.343000 1.242148
-0.342000 1.222413
-0.341000 1.202975
-0.340000 1.183833
-0.339000 1.164983
-0.338000 1.146425
-0.337000 1.128156
-0.336000 1.110174
-0.335000 1.092477
-0.334000 1.075064
-0.333000 1.057932
-0.332000 1.041079
-0.331000 1.024504
-0.330000 1.008204
-0.329000 0.992177
-0.328000 0.976423
-0.327000 0.960937
-0.326000 0.945720
-0.325000 0.930767
-0.324000 0.916079
-0.323000 0.901652
-0.322000 0.887486
-0.321000 0.873577
-0.320000 0.859923
-0.319000 0.846524
-0.318000 0.833376
-0.317000 0.820479
-0.316000 0.807829
-0.315000 0.795426
-0.314000 0.783267
-0.313000 0.771349
-0.312000 0.759672
-0.311000 0.748233
-0.310000 0.737031
-0.309000 0.726062
-0.308000 0.715326
-0.307000 0.704820
-0.306000 0.694543
-0.305000 0.684492
-0.304000 0.674665
-0.303000 0.665061
-0.302000 0.655678
-0.301000 0.646513
-0.300000 0.637565
-0.299000 0.628831
-0.298000 0.620310
-0.297000 0.612000
-0.296000 0.603899
-0.295000 0.596004
-0.294000 0.588315
-0.293000 0.580828
-0.292000 0.573542
-0.291000 0.566455
-0.290000 0.559565
-0.289000 0.552870
-0.288000 0.546369
-0.287000 0.540058
-0.286000 0.533936
-0.285000 0.528002
-0.284000 0.522253
-0.283000 0.516688
-0.282000 0.511303
-0.281000 0.506098
-0.280000 0.501071
-0.279000 0.496218
-0.278000 0.491540
-0.277000 0.487033
-0.276000 0.482695
-0.275000 0.478525
-0.274000 0.474521
-0.273000 0.470680
-0.272000 0.467001
-0.271000 0.463482
-0.270000 0.460120
-0.269000 0.456915
-0.268000 0.453863
-0.267000 0.450963
-0.266000 0.448214
-0.265000 0.445612
-0.264000 0.443156
-0.263000 0.440844
-0.262000 0.438675
-0.261000 0.436645
-0.260000 0.434754
-0.259000 0.432999
-0.258000 0.431378
-0.257000 0.429890
-0.256000 0.428531
-0.255000 0.427302
-0.254000 0.426198
-0.253000 0.425219
-0.252000 0.424363
-0.251000 0.423627
-0.250000 0.423010
-0.249000 0.422509
-0.248000 0.422123
-0.247000 0.421850
-0.246000 0.421687
-0.245000 0.421634
-0.244000 0.421687
-0.243000 0.421845
-0.242000 0.422105
-0.241000 0.422467
-0.240000 0.422928
-0.239000 0.423485
-0.238000 0.424138
-0.237000 0.424884
-0.236000 0.425721
-0.235000 0.426647
-0.234000 0.427660
-0.233000 0.428759
-0.232000 0.429941
-0.231000 0.431204
-0.230000 0.432547
-0.229000 0.433966
-0.228000 0.435462
-0.227000 0.437031
-0.226000 0.438671
-0.225000 0.440381
-0.224000 0.442159
-0.223000 0.444002
-0.222000 0.445909
-0.221000 0.447877
-0.220000 0.449905
-0.219000 0.451992
-0.218000 0.454133
-0.217000 0.456329
-0.216000 0.458577
-0.215000 0.460875
-0.214000 0.463220
-0.213000 0.465612
-0.212000 0.468048
-0.211000 0.470526
-0.210000 0.473044
-0.209000 0.475600
-0.208000 0.478192
-0.207000 0.480819
-0.206000 0.483478
-0.205000 0.486167
-0.204000 0.488885
-0.203000 0.491629
-0.202000 0.494397
-0.201000 0.497188
-0.200000 -2.550059
-0.199000 -2.501706
-0.198000 -2.453790
-0.197000 -2.406309
-0.196000 -2.359261
-0.195000 -2.312644
-0.194000 -2.266456
-0.193000 -2.220696
-0.192000 -2.175361
-0.191000 -2.130449
-0.190000 -2.085958
-0.189000 -2.041886
-0.188000 -1.998232
-0.187000 -1.954994
-0.186000 -1.912168
-0.185000 -1.869755
-0.184000 -1.827750
-0.183000 -1.786154
-0.182000 -1.744963
-0.181000 -1.704175
-0.180000 -1.663789
-0.179000 -1.623803
-0.178000 -1.584215
-0.177000 -1.545023
-0.176000 -1.506224
-0.175000 -1.467817
-0.174000 -1.429800
-0.173000 -1.392172
-0.172000 -1.354929
-0.171000 -1.318070
-0.170000 -1.281593
-0.169000 -1.245496
-0.168000 -1.209778
-0.167000 -1.174435
-0.166000 -1.139467
-0.165000 -1.104871
-0.164000 -1.070646
-0.163000 -1.036789
-0.162000 -1.003298
-0.161000 -0.970172
-0.160000 -0.937408
-0.159000 -0.905004
-0.158000 -0.872959
-0.157000 -0.841271
-0.156000 -0.809937
-0.155000 -0.778956
-0.154000 -0.748326
-0.153000 -0.718045
-0.152000 -0.688110
-0.151000 -0.658520
-0.150000 -0.629273
-0.149000 -0.600367
-0.148000 -0.571799
-0.147000 -0.543569
-0.146000 -0.515674
-0.145000 -0.488112
-0.144000 -0.460880
-0.143000 -0.433978
-0.142000 -0.407404
-0.141000 -0.381154
-0.140000 -0.355228
-0.139000 -0.329622
-0.138000 -0.304337
-0.137000 -0.279368
-0.136000 -0.254715
-0.135000 -0.230376
-0.134000 -0.206348
-0.133000 -0.182629
-0.132000 -0.159218
-0.131000 -0.136113
-0.130000 -0.113311
-0.129000 -0.090811
-0.128000 -0.068611
-0.127000 -0.046708
-0.126000 -0.025102
-0.125000 -0.003789
-0.124000 0.017232
-0.123000 0.037963
-0.122000 0.058406
-0.121000 0.078564
-0.120000 0.098437
-0.119000 0.118028
-0.118000 0.137339
-0.117000 0.156371
-0.116000 0.175128
-0.115000 0.193610
-0.114000 0.211820
-0.113000 0.229760
-0.112000 0.247432
-0.111000 0.264837
-0.110000 0.281977
-0.109000 0.298855
-0.108000 0.315473
-0.107000 0.331832
-0.106000 0.347935
-0.105000 0.363783
-0.104000 0.379378
-0.103000 0.394722
-0.102000 0.409818
-0.101000 0.424667
-0.100000 0.439271
-0.099000 0.453632
-0.098000 0.467753
-0.097000 0.481634
-0.096000 0.495279
-0.095000 0.508688
-0.094000 0.521865
-0.093000 0.534810
-0.092000 0.547526
-0.091000 0.560015
-0.090000 0.572279
-0.089000 0.584319
-0.088000 0.596139
-0.087000 0.607739
-0.086000 0.619121
-0.085000 0.630288
-0.084000 0.641242
-0.083000 0.651984
-0.082000 0.662517
-0.081000 0.672842
-0.080000 0.682961
-0.079000 0.692877
-0.078000 0.702591
-0.077000 0.712106
-0.076000 0.721423
-0.075000 0.730543
-0.074000 0.739471
-0.073000 0.748206
-0.072000 0.756751
-0.071000 0.765108
-0.070000 0.773279
-0.069000 0.781267
-0.068000 0.789072
-0.067000 0.796697
-0.066000 0.804144
-0.065000 0.811414
-0.064000 0.818511
-0.063000 0.825435
-0.062000 0.832189
-0.061000 0.838775
-0.060000 0.845194
-0.059000 0.851448
-0.058000 0.857541
-0.057000 0.863472
-0.056000 0.869245
-0.055000 0.874862
-0.054000 0.880324
-0.053000 0.885633
-0.052000 0.890792
-0.051000 0.895802
-0.050000 0.900665
-0.049000 0.905383
-0.048000 0.909958
-0.047000 0.914393
-0.046000 0.918688
-0.045000 0.922847
-0.044000 0.926870
-0.043000 0.930761
-0.042000 0.934520
-0.041000 0.938150
-0.040000 0.941654
-0.039000 0.945031
-0.038000 0.948286
-0.037000 0.951419
-0.036000 0.954433
-0.035000 0.957330
-0.034000 0.960111
-0.033000 0.962779
-0.032000 0.965335
-0.031000 0.967782
-0.030000 0.970121
-0.029000 0.972354
-0.028000 0.974484
-0.027000 0.976512
-0.026000 0.978441
-0.025000 0.980271
-0.024000 0.982006
-0.023000 0.983647
-0.022000 0.985197
-0.021000 0.986656
-0.020000 0.988027
-0.019000 0.989312
-0.018000 0.990514
-0.017000 0.991633
-0.016000 0.992672
-0.015000 0.993633
-0.014000 0.994517
-0.013000 0.995328
-0.012000 0.996066
-0.011000 0.996734
-0.010000 0.997333
-0.009000 0.997866
-0.008000 0.998335
-0.007000 0.998741
-0.006000 0.999087
-0.005000 0.999374
-0.004000 0.999605
-0.003000 0.999780
-0.002000 0.999904
-0.001000 0.999976
0.000000 2.078498
0.001000 2.062378
0.002000 2.046373
0.003000 2.030481
0.004000 2.014703
0.005000 1.999039
0.006000 1.983486
0.007000 1.968046
0.008000 1.952718
0.009000 1.937500
0.010000 1.922393
0.011000 1.907397
0.012000 1.892510
0.013000 1.877732
0.014000 1.863063
0.015000 1.848502
0.016000 1.834049
0.017000 1.819703
0.018000 1.805464
0.019000 1.791332
0.020000 1.777305
0.021000 1.763384
0.022000 1.749567
0.023000 1.735855
0.024000 1.722246
0.025000 1.708741
0.026000 1.695339
0.027000 1.682040
0.028000 1.668842
0.029000 1.655746
0.030000 1.642751
0.031000 1.629857
0.032000 1.617062
0.033000 1.604367
0.034000 1.591772
0.035000 1.579274
0.036000 1.566875
0.037000 1.554574
0.038000 1.542369
0.039000 1.530262
0.040000 1.518250
0.041000 1.506334
0.042000 1.494514
0.043000 1.482788
0.044000 1.471157
0.045000 1.459619
0.046000 1.448174
0.047000 1.436823
0.048000 1.425563
0.049000 1.414396
0.050000 1.403320
0.051000 1.392334
0.052000 1.381440
0.053000 1.370635
0.054000 1.359919
0.055000 1.349293
0.056000 1.338755
0.057000 1.328304
0.058000 1.317942
0.059000 1.307666
0.060000 1.297477
0.061000 1.287375
0.062000 1.277357
0.063000 1.267425
0.064000 1.257577
0.065000 1.247814
0.066000 1.238134
0.067000 1.228537
0.068000 1.219023
0.069000 1.209592
0.070000 1.200242
0.071000 1.190973
0.072000 1.181785
0.073000 1.172677
0.074000 1.163649
0.075000 1.154700
0.076000 1.145830
0.077000 1.137039
0.078000 1.128325
0.079000 1.119689
0.080000 1.111130
0.081000 1.102647
0.082000 1.094240
0.083000 1.085908
0.084000 1.077652
0.085000 1.069470
0.086000 1.061362
0.087000 1.053327
0.088000 1.045366
0.089000 1.037477
0.090000 1.029660
0.091000 1.021915
0.092000 1.014241
0.093000 1.006638
0.094000 0.999104
0.095000 0.991641
0.096000 0.984246
0.097000 0.976920
0.098000 0.969663
0.099000 0.962473
0.100000 0.955351
0.101000 0.948295
0.102000 0.941306
0.103000 0.934382
0.104000 0.927524
0.105000 0.920730
0.106000 0.914001
0.107000 0.907336
0.108000 0.900734
0.109000 0.894196
0.110000 0.887719
0.111000 0.881305
0.112000 0.874952
0.113000 0.868660
0.114000 0.862428
0.115000 0.856257
0.116000 0.850145
0.117000 0.844092
0.118000 0.838098
0.119000 0.832162
0.120000 0.826284
0.121000 0.820462
0.122000 0.814698
0.123000 0.808989
0.124000 0.803336
0.125000 0.797739
0.126000 0.792196
0.127000 0.786707
0.128000 0.781272
0.129000 0.775891
0.130000 0.770562
0.131000 0.765285
0.132000 0.760061
0.133000 0.754887
0.134000 0.749765
0.135000 0.744693
0.136000 0.739671
0.137000 0.734698
0.138000 0.729774
0.139000 0.724899
0.140000 0.720072
0.141000 0.715292
0.142000 0.710559
0.143000 0.705873
0.144000 0.701232
0.145000 0.696638
0.146000 0.692088
0.147000 0.687583
0.148000 0.683122
0.149000 0.678705
0.150000 0.674331
0.151000 0.670000
0.152000 0.665711
0.153000 0.661463
0.154000 0.657257
0.155000 0.653091
0.156000 0.648966
0.157000 0.644881
0.158000 0.640834
0.159000 0.636827
0.160000 0.632858
0.161000 0.628927
0.162000 0.625033
0.163000 0.621176
0.164000 0.617356
0.165000 0.613571
0.166000 0.609822
0.167000 0.606108
0.168000 0.602428
0.169000 0.598783
0.170000 0.595171
0.171000 0.591591
0.172000 0.588045
0.173000 0.584530
0.174000 0.581048
0.175000 0.577596
0.176000 0.574175
0.177000 0.570784
0.178000 0.567422
0.179000 0.564090
0.180000 0.560786
0.181000 0.557511
0.182000 0.554264
0.183000 0.551043
0.184000 0.547850
0.185000 0.544683
0.186000 0.541541
0.187000 0.538425
0.188000 0.535334
0.189000 0.532267
0.190000 0.529224
0.191000 0.526204
0.192000 0.523207
0.193000 0.520233
0.194000 0.517280
0.195000 0.514350
0.196000 0.511440
0.197000 0.508550
0.198000 0.505681
0.199000 0.502831
0.200000 0.436066
0.201000 0.434208
0.202000 0.432359
0.203000 0.430519
0.204000 0.428687
0.205000 0.426865
0.206000 0.425051
0.207000 0.423247
0.208000 0.421451
0.209000 0.419663
0.210000 0.417885
0.211000 0.416115
0.212000 0.414353
0.213000 0.412601
0.214000 0.410857
0.215000 0.409121
0.216000 0.407394
0.217000 0.405675
0.218000 0.403965
0.219000 0.402263
0.220000 0.400570
0.221000 0.398884
0.222000 0.397208
0.223000 0.395539
0.224000 0.393879
0.225000 0.392226
0.226000 0.390582
0.227000 0.388947
0.228000 0.387319
0.229000 0.385699
0.230000 0.384088
0.231000 0.382484
0.232000 0.380888
0.233000 0.379301
0.234000 0.377721
0.235000 0.376149
0.236000 0.374585
0.237000 0.373029
0.238000 0.371480
0.239000 0.369940
0.240000 0.368407
0.241000 0.366881
0.242000 0.365364
0.243000 0.363854
0.244000 0.362351
0.245000 0.360856
0.246000 0.359369
0.247000 0.357889
0.248000 0.356417
0.249000 0.354952
0.250000 0.353494
0.251000 0.352044
0.252000 0.350601
0.253000 0.349165
0.254000 0.347737
0.255000 0.346316
0.256000 0.344902
0.257000 0.343495
0.258000 0.342096
0.259000 0.340703
0.260000 0.339318
0.261000 0.337939
0.262000 0.336568
0.263000 0.335204
0.264000 0.333846
0.265000 0.332496
0.266000 0.331152
0.267000 0.329815
0.268000 0.328485
0.269000 0.327162
0.270000 0.325845
0.271000 0.324535
0.272000 0.323232
0.273000 0.321936
0.274000 0.320646
0.275000 0.319363
0.276000 0.318086
0.277000 0.316816
0.278000 0.315552
0.279000 0.314295
0.280000 0.313044
0.281000 0.311800
0.282000 0.310561
0.283000 0.309330
0.284000 0.308104
0.285000 0.306885
0.286000 0.305672
0.287000 0.304465
0.288000 0.303265
0.289000 0.302070
0.290000 0.300882
0.291000 0.299699
0.292000 0.298523
0.293000 0.297353
0.294000 0.296188
0.295000 0.295030
0.296000 0.293877
0.297000 0.292731
0.298000 0.291590
0.299000 0.290455
0.300000 0.289326
0.301000 0.288202
0.302000 0.287085
0.303000 0.285973
0.304000 0.284866
0.305000 0.283765
0.306000 0.282670
0.307000 0.281580
0.308000 0.280496
0.309000 0.279417
0.310000 0.278344
0.311000 0.277276
0.312000 0.276214
0.313000 0.275157
0.314000 0.274105
0.315000 0.273059
0.316000 0.272017
0.317000 0.270981
0.318000 0.269950
0.319000 0.268925
0.320000 0.267904
0.321000 0.266889
0.322000 0.265878
0.323000 0.264873
0.324000 0.263873
0.325000 0.262877
0.326000 0.261887
0.327000 0.260901
0.328000 0.259921
0.329000 0.258945
0.330000 0.257974
0.331000 0.257007
0.332000 0.256046
0.333000 0.255089
0.334000 0.254137
0.335000 0.253189
0.336000 0.252246
0.337000 0.251308
0.338000 0.250374
0.339000 0.249445
0.340000 0.248520
0.341000 0.247600
0.342000 0.246684
0.343000 0.245772
0.344000 0.244865
0.345000 0.243962
0.346000 0.243063
0.347000 0.242169
0.348000 0.241279
0.349000 0.240393
0.350000 0.239511
0.351000 0.238633
0.352000 0.237760
0.353000 0.236890
0.354000 0.236025
0.355000 0.235163
0.356000 0.234305
0.357000 0.233452
0.358000 0.232602
0.359000 0.231756
0.360000 0.230914
0.361000 0.230076
0.362000 0.229241
0.363000 0.228410
0.364000 0.227583
0.365000 0.226760
0.366000 0.225940
0.367000 0.225124
0.368000 0.224311
0.369000 0.223502
0.370000 0.222697
0.371000 0.221895
0.372000 0.221096
0.373000 0.220301
0.374000 0.219509
0.375000 0.218721
0.376000 0.217935
0.377000 0.217153
0.378000 0.216375
0.379000 0.215599
0.380000 0.214827
0.381000 0.214058
0.382000 0.213292
0.383000 0.212529
0.384000 0.211769
0.385000 0.211012
0.386000 0.210258
0.387000 0.209508
0.388000 0.208760
0.389000 0.208014
0.390000 0.207272
0.391000 0.206533
0.392000 0.205796
0.393000 0.205062
0.394000 0.204331
0.395000 0.203603
0.396000 0.202877
0.397000 0.202154
0.398000 0.201433
0.399000 0.200715
0.400000 0.224298
0.401000 0.223222
0.402000 0.222153
0.403000 0.221090
0.404000 0.220032
0.405000 0.218981
0.406000 0.217936
0.407000 0.216897
0.408000 0.215863
0.409000 0.214836
0.410000 0.213815
0.411000 0.212799
0.412000 0.211790
0.413000 0.210786
0.414000 0.209788
0.415000 0.208796
0.416000 0.207810
0.417000 0.206830
0.418000 0.205855
0.419000 0.204886
0.420000 0.203923
0.421000 0.202965
0.422000 0.202013
0.423000 0.201067
0.424000 0.200126
0.425000 0.199191
0.426000 0.198261
0.427000 0.197337
0.428000 0.196419
0.429000 0.195506
0.430000 0.194598
0.431000 0.193696
0.432000 0.192799
0.433000 0.191908
0.434000 0.191022
0.435000 0.190141
0.436000 0.189266
0.437000 0.188396
0.438000 0.187531
0.439000 0.186672
0.440000 0.185817
0.441000 0.184968
0.442000 0.184124
0.443000 0.183285
0.444000 0.182452
0.445000 0.181623
0.446000 0.180800
0.447000 0.179982
0.448000 0.179168
0.449000 0.178360
0.450000 0.177556
0.451000 0.176758
0.452000 0.175965
0.453000 0.175176
0.454000 0.174393
0.455000 0.173614
0.456000 0.172840
0.457000 0.172071
0.458000 0.171307
0.459000 0.170547
0.460000 0.169792
0.461000 0.169042
0.462000 0.168297
0.463000 0.167556
0.464000 0.166820
0.465000 0.166089
0.466000 0.165362
0.467000 0.164640
0.468000 0.163923
0.469000 0.163210
0.470000 0.162501
0.471000 0.161797
0.472000 0.161097
0.473000 0.160402
0.474000 0.159712
0.475000 0.159025
0.476000 0.158343
0.477000 0.157666
0.478000 0.156993
0.479000 0.156324
0.480000 0.155659
0.481000 0.154999
0.482000 0.154342
0.483000 0.153690
0.484000 0.153043
0.485000 0.152399
0.486000 0.151760
0.487000 0.151124
0.488000 0.150493
0.489000 0.149866
0.490000 0.149243
0.491000 0.148623
0.492000 0.148008
0.493000 0.147397
0.494000 0.146790
0.495000 0.146187
0.496000 0.145587
0.497000 0.144992
0.498000 0.144400
0.499000 0.143812
0.500000 0.143228
0.501000 0.142648
0.502000 0.142072
0.503000 0.141499
0.504000 0.140930
0.505000 0.140365
0.506000 0.139803
0.507000 0.139245
0.508000 0.138690
0.509000 0.138140
0.510000 0.137592
0.511000 0.137049
0.512000 0.136509
0.513000 0.135972
0.514000 0.135439
0.515000 0.134909
0.516000 0.134383
0.517000 0.133860
0.518000 0.133340
0.519000 0.132824
0.520000 0.132311
0.521000 0.131802
0.522000 0.131296
0.523000 0.130793
0.524000 0.130293
0.525000 0.129796
0.526000 0.129303
0.527000 0.128813
0.528000 0.128326
0.529000 0.127842
0.530000 0.127361
0.531000 0.126884
0.532000 0.126409
0.533000 0.125937
0.534000 0.125469
0.535000 0.125003
0.536000 0.124540
0.537000 0.124081
0.538000 0.123624
0.539000 0.123170
0.540000 0.122719
0.541000 0.122271
0.542000 0.121825
0.543000 0.121383
0.544000 0.120943
0.545000 0.120506
0.546000 0.120071
0.547000 0.119640
0.548000 0.119211
0.549000 0.118784
0.550000 0.118360
0.551000 0.117939
0.552000 0.117521
0.553000 0.117105
0.554000 0.116691
0.555000 0.116280
0.556000 0.115872
0.557000 0.115466
0.558000 0.115062
0.559000 0.114661
0.560000 0.114262
0.561000 0.113866
0.562000 0.113472
0.563000 0.113080
0.564000 0.112691
0.565000 0.112303
0.566000 0.111918
0.567000 0.111536
0.568000 0.111155
0.569000 0.110777
0.570000 0.110401
0.571000 0.110027
0.572000 0.109655
0.573000 0.109285
0.574000 0.108917
0.575000 0.108551
0.576000 0.108188
0.577000 0.107826
0.578000 0.107466
0.579000 0.107108
0.580000 0.106752
0.581000 0.106398
0.582000 0.106046
0.583000 0.105696
0.584000 0.105347
0.585000 0.105001
0.586000 0.104656
0.587000 0.104312
0.588000 0.103971
0.589000 0.103631
0.590000 0.103293
0.591000 0.102957
0.592000 0.102622
0.593000 0.102289
0.594000 0.101957
0.595000 0.101627
0.596000 0.101299
0.597000 0.100972
0.598000 0.100647
0.599000 0.100323
0.600000 0.153621
0.601000 0.152499
0.602000 0.151387
0.603000 0.150285
0.604000 0.149191
0.605000 0.148107
0.606000 0.147033
0.607000 0.145967
0.608000 0.144911
0.609000 0.143863
0.610000 0.142825
0.611000 0.141796
0.612000 0.140776
0.613000 0.139765
0.614000 0.138762
0.615000 0.137769
0.616000 0.136784
0.617000 0.135808
0.618000 0.134841
0.619000 0.133882
0.620000 0.132932
0.621000 0.131991
0.622000 0.131058
0.623000 0.130134
0.624000 0.129218
0.625000 0.128310
0.626000 0.127411
0.627000 0.126520
0.628000 0.125638
0.629000 0.124763
0.630000 0.123897
0.631000 0.123039
0.632000 0.122189
0.633000 0.121348
0.634000 0.120514
0.635000 0.119688
0.636000 0.118870
0.637000 0.118060
0.638000 0.117258
0.639000 0.116463
0.640000 0.115676
0.641000 0.114897
0.642000 0.114126
0.643000 0.113362
0.644000 0.112606
0.645000 0.111858
0.646000 0.111116
0.647000 0.110383
0.648000 0.109656
0.649000 0.108937
0.650000 0.108226
0.651000 0.107521
0.652000 0.106824
0.653000 0.106134
0.654000 0.105451
0.655000 0.104775
0.656000 0.104106
0.657000 0.103444
0.658000 0.102789
0.659000 0.102141
0.660000 0.101500
0.661000 0.100866
0.662000 0.100238
0.663000 0.099618
0.664000 0.099004
0.665000 0.098396
0.666000 0.097795
0.667000 0.097201
0.668000 0.096613
0.669000 0.096032
0.670000 0.095457
0.671000 0.094888
0.672000 0.094326
0.673000 0.093770
0.674000 0.093220
0.675000 0.092677
0.676000 0.092139
0.677000 0.091608
0.678000 0.091083
0.679000 0.090564
0.680000 0.090050
0.681000 0.089543
0.682000 0.089042
0.683000 0.088546
0.684000 0.088057
0.685000 0.087573
0.686000 0.087094
0.687000 0.086622
0.688000 0.086155
0.689000 0.085693
0.690000 0.085238
0.691000 0.084787
0.692000 0.084342
0.693000 0.083903
0.694000 0.083469
0.695000 0.083040
0.696000 0.082616
0.697000 0.082198
0.698000 0.081785
0.699000 0.081377
0.700000 0.080974
0.701000 0.080576
0.702000 0.080183
0.703000 0.079795
0.704000 0.079412
0.705000 0.079034
0.706000 0.078661
0.707000 0.078292
0.708000 0.077928
0.709000 0.077569
0.710000 0.077215
0.711000 0.076865
0.712000 0.076520
0.713000 0.076179
0.714000 0.075843
0.715000 0.075511
0.716000 0.075184
0.717000 0.074860
0.718000 0.074542
0.719000 0.074227
0.720000 0.073917
0.721000 0.073611
0.722000 0.073309
0.723000 0.073011
0.724000 0.072717
0.725000 0.072427
0.726000 0.072141
0.727000 0.071859
0.728000 0.071580
0.729000 0.071306
0.730000 0.071035
0.731000 0.070769
0.732000 0.070505
0.733000 0.070246
0.734000 0.069990
0.735000 0.069737
0.736000 0.069488
0.737000 0.069243
0.738000 0.069001
0.739000 0.068762
0.740000 0.068527
0.741000 0.068294
0.742000 0.068066
0.743000 0.067840
0.744000 0.067617
0.745000 0.067398
0.746000 0.067182
0.747000 0.066968
0.748000 0.066758
0.749000 0.066551
0.750000 0.066346
0.751000 0.066144
0.752000 0.065945
0.753000 0.065749
0.754000 0.065556
0.755000 0.065365
0.756000 0.065177
0.757000 0.064991
0.758000 0.064808
0.759000 0.064628
0.760000 0.064450
0.761000 0.064274
0.762000 0.064101
0.763000 0.063930
0.764000 0.063761
0.765000 0.063594
0.766000 0.063430
0.767000 0.063268
0.768000 0.063108
0.769000 0.062950
0.770000 0.062793
0.771000 0.062639
0.772000 0.062487
0.773000 0.062337
0.774000 0.062188
0.775000 0.062042
0.776000 0.061897
0.777000 0.061753
0.778000 0.061612
0.779000 0.061472
0.780000 0.061333
0.781000 0.061196
0.782000 0.061061
0.783000 0.060927
0.784000 0.060794
0.785000 0.060663
0.786000 0.060533
0.787000 0.060404
0.788000 0.060276
0.789000 0.060150
0.790000 0.060025
0.791000 0.059900
0.792000 0.059777
0.793000 0.059655
0.794000 0.059534
0.795000 0.059413
0.796000 0.059294
0.797000 0.059175
0.798000 0.059057
0.799000 0.058940
0.800000 0.015518
0.801000 0.016049
0.802000 0.016573
0.803000 0.017092
0.804000 0.017605
0.805000 0.018113
0.806000 0.018614
0.807000 0.019110
0.808000 0.019600
0.809000 0.020084
0.810000 0.020563
0.811000 0.021037
0.812000 0.021504
0.813000 0.021966
0.814000 0.022423
0.815000 0.022874
0.816000 0.023319
0.817000 0.023759
0.818000 0.024194
0.819000 0.024623
0.820000 0.025047
0.821000 0.025466
0.822000 0.025879
0.823000 0.026287
0.824000 0.026689
0.825000 0.027087
0.826000 0.027479
0.827000 0.027866
0.828000 0.028247
0.829000 0.028624
0.830000 0.028995
0.831000 0.029362
0.832000 0.029723
0.833000 0.030079
0.834000 0.030430
0.835000 0.030776
0.836000 0.031117
0.837000 0.031454
0.838000 0.031785
0.839000 0.032111
0.840000 0.032433
0.841000 0.032749
0.842000 0.033061
0.843000 0.033368
0.844000 0.033670
0.845000 0.033968
0.846000 0.034260
0.847000 0.034548
0.848000 0.034832
0.849000 0.035110
0.850000 0.035384
0.851000 0.035654
0.852000 0.035918
0.853000 0.036179
0.854000 0.036435
0.855000 0.036686
0.856000 0.036933
0.857000 0.037175
0.858000 0.037413
0.859000 0.037646
0.860000 0.037875
0.861000 0.038100
0.862000 0.038320
0.863000 0.038537
0.864000 0.038748
0.865000 0.038956
0.866000 0.039159
0.867000 0.039358
0.868000 0.039553
0.869000 0.039744
0.870000 0.039931
0.871000 0.040114
0.872000 0.040292
0.873000 0.040467
0.874000 0.040637
0.875000 0.040803
0.876000 0.040966
0.877000 0.041124
0.878000 0.041279
0.879000 0.041430
0.880000 0.041576
0.881000 0.041719
0.882000 0.041858
0.883000 0.041994
0.884000 0.042125
0.885000 0.042253
0.886000 0.042377
0.887000 0.042497
0.888000 0.042614
0.889000 0.042727
0.890000 0.042837
0.891000 0.042942
0.892000 0.043045
0.893000 0.043143
0.894000 0.043238
0.895000 0.043330
0.896000 0.043418
0.897000 0.043503
0.898000 0.043584
0.899000 0.043662
0.900000 0.043737
0.901000 0.043808
0.902000 0.043876
0.903000 0.043940
0.904000 0.044002
0.905000 0.044060
0.906000 0.044114
0.907000 0.044166
0.908000 0.044214
0.909000 0.044260
0.910000 0.044302
0.911000 0.044341
0.912000 0.044377
0.913000 0.044410
0.914000 0.044440
0.915000 0.044467
0.916000 0.044491
0.917000 0.044512
0.918000 0.044530
0.919000 0.044545
0.920000 0.044557
0.921000 0.044567
0.922000 0.044573
0.923000 0.044577
0.924000 0.044578
0.925000 0.044577
0.926000 0.044572
0.927000 0.044565
0.928000 0.044555
0.929000 0.044543
0.930000 0.044528
0.931000 0.044510
0.932000 0.044490
0.933000 0.044467
0.934000 0.044442
0.935000 0.044414
0.936000 0.044384
0.937000 0.044352
0.938000 0.044316
0.939000 0.044279
0.940000 0.044239
0.941000 0.044197
0.942000 0.044152
0.943000 0.044106
0.944000 0.044057
0.945000 0.044005
0.946000 0.043952
0.947000 0.043896
0.948000 0.043838
0.949000 0.043778
0.950000 0.043716
0.951000 0.043652
0.952000 0.043585
0.953000 0.043517
0.954000 0.043446
0.955000 0.043374
0.956000 0.043300
0.957000 0.043223
0.958000 0.043145
0.959000 0.043065
0.960000 0.042983
0.961000 0.042899
0.962000 0.042814
0.963000 0.042726
0.964000 0.042637
0.965000 0.042546
0.966000 0.042454
0.967000 0.042359
0.968000 0.042263
0.969000 0.042166
0.970000 0.042066
0.971000 0.041965
0.972000 0.041863
0.973000 0.041759
0.974000 0.041654
0.975000 0.041547
0.976000 0.041438
0.977000 0.041328
0.978000 0.041217
0.979000 0.041104
0.980000 0.040990
0.981000 0.040875
0.982000 0.040758
0.983000 0.040640
0.984000 0.040521
0.985000 0.040400
0.986000 0.040279
0.987000 0.040156
0.988000 0.040032
0.989000 0.039907
0.990000 0.039780
0.991000 0.039653
0.992000 0.039524
0.993000 0.039395
0.994000 0.039264
0.995000 0.039133
0.996000 0.039001
0.997000 0.038867
0.998000 0.038733
0.999000 0.038598
1.000000 0.000000
