1995  7  23   7.146   6.195  10.5
1995  7  31   7.079   6.183  10.2
1995  8  19   6.918   6.225  10.7
1995  9   1   6.806   6.298  11.0            
1995 10  14   6.433   6.642  10.5          
1995 10  15   6.424   6.650  11.5          
1996  2  17   5.280   6.017  8.9
1996  2  25   5.203   5.849  8.9           
1996  3  17   5.000   5.356  8.7           
1996  4   1   4.852   4.969  7.3           
1996  4  17   4.693   4.542  8.0           
1996  4  20   4.663   4.461  8.2           
1996  4  22   4.643   4.408  8.4           
1996  4  27   4.593   4.274  8.0           
1996  5  12   4.441   3.886  7.2           
1996  5  22   4.338   3.643  6.8           
1996  5  28   4.276   3.506  6.7           
1996  6   7   4.172   3.296  6.6           
1996  6   9   4.151   3.258  6.7           
1996  6  10   4.141   3.239  6.3           
1996  6  12   4.120   3.202  6.5           
1996  6  14   4.099   3.166  7.0           
1996  6  15   4.088   3.149  6.3           
1996  6  16   4.078   3.132  6.2           
1996  6  18   4.057   3.099  6.1           
1996  6  19   4.046   3.083  6.3           
1996  7   4   3.886   2.884  5.8           
1996  7   6   3.865   2.864  6.0
1996  7   6   3.865   2.864  6.1           
1996  7   8   3.843   2.845  5.6           
1996  7  10   3.822   2.828  6.0           
1996  7  11   3.811   2.820  5.3           
1996  7  12   3.800   2.812  5.9           
1996  7  13   3.789   2.805  6.1           
1996  7  14   3.779   2.798  5.7           
1996  7  15   3.768   2.791  6.3           
1996  7  17   3.746   2.779  5.5           
1996  7  18   3.735   2.774  5.6           
1996  7  20   3.713   2.764  6.1           
1996  7  20   3.713   2.764  5.7           
1996  7  21   3.702   2.760  5.8           
1996  7  22   3.692   2.756  5.7           
1996  7  23   3.681   2.752  6.3           
1996  8   2   3.571   2.733  5.6           
1996  8   3   3.560   2.733  5.4           
1996  8   4   3.549   2.733  6.2           
1996  8   5   3.538   2.733  6.1          
1996  8   7   3.515   2.735  5.6           
1996  8   8   3.504   2.736  5.9           
1996  8   9   3.493   2.738  5.6           
1996  8  10   3.482   2.739  5.7           
1996  8  11   3.471   2.741  5.6           
1996  8  12   3.460   2.743  5.4           
1996  8  14   3.438   2.748  5.8           
1996  8  15   3.426   2.751  5.8           
1996  8  18   3.393   2.761  5.6           
1996  8  19   3.382   2.764  5.6           
1996  8  22   3.348   2.776  5.7           
1996  8  30   3.257   2.813  5.6           
1996  9   2   3.223   2.829  6.1           
1996  9   5   3.189   2.845  5.5           
1996  9   7   3.166   2.856  5.6           
1996  9   9   3.143   2.867  5.5           
1996  9  10   3.131   2.873  5.7           
1996  9  11   3.120   2.878  5.9           
1996  9  12   3.108   2.884  5.8           
1996  9  13   3.097   2.890  5.9           
1996  9  14   3.085   2.895  5.7           
1996  9  15   3.074   2.901  5.4           
1996  9  16   3.062   2.907  5.4           
1996  9  16   3.062   2.907  5.7           
1996  9  17   3.051   2.912  5.4           
1996  9  19   3.027   2.923  5.9           
1996  9  22   2.992   2.940  5.5           
1996  9  26   2.946   2.960  5.6           
1996 10   1   2.887   2.984  5.2           
1996 10   2   2.875   2.989  5.6           
1996 10   4   2.852   2.997  5.5           
1996 10   5   2.840   3.001  5.5           
1996 10   5   2.840   3.001  5.5           
1996 10   6   2.828   3.005  5.4           
1996 10   8   2.804   3.013  5.2           
1996 10   9   2.792   3.017  5.2           
1996 10  12   2.757   3.027  5.1           
1996 10  13   2.745   3.030  5.2           
1996 10  15   2.721   3.035  5.1           
1996 10  16   2.709   3.038  5.8           
1996 10  17   2.697   3.040  5.3           
1996 10  21   2.649   3.048  5.8           
1996 10  27   2.576   3.053  4.8           
1996 10  30   2.540   3.053  5.4           
1996 11   1   2.516   3.052  4.6           
1996 11   2   2.503   3.051  4.9           
1996 11   3   2.491   3.050  5.3           
1996 11   5   2.467   3.048  5.0           
1996 11   7   2.442   3.044  5.0           
1996 11   9   2.418   3.039  5.4           
1996 11  13   2.369   3.027  6.4           
1996 11  14   2.356   3.024  5.9           
1996 11  16   2.331   3.016  4.9           
1996 11  27   2.195   2.955  4.9           
1996 11  29   2.170   2.941  4.4           
1996 12   1   2.145   2.925  4.3           
1996 12   2   2.132   2.917  4.3           
1996 12   3   2.120   2.909  4.6           
1996 12   6   2.082   2.883  4.2           
1996 12  10   2.032   2.844  4.1           
1996 12  14   1.981   2.801  4.4           
1996 12  16   1.956   2.778  3.8           
1996 12  26   1.829   2.650  3.6           
1997  1   4   1.715   2.515  3.3           
1997  1   8   1.665   2.449  3.1           
1997  1   9   1.652   2.433  3.2           
1997  1  12   1.614   2.381  3.1           
1997  1  13   1.602   2.363  3.0           
1997  1  14   1.589   2.346  3.2           
1997  1  15   1.577   2.328  2.9           
1997  1  16   1.564   2.310  3.0           
1997  1  17   1.552   2.292  3.0           
1997  1  19   1.527   2.255  3.4           
1997  1  20   1.514   2.236  3.1           
1997  1  24   1.465   2.160  3.0
1997  1  27   1.428   2.102  3.0           
1997  1  31   1.380   2.024  2.4           
1997  2   1   1.368   2.004  2.3           
1997  2   2   1.356   1.985  2.1           
1997  2   3   1.344   1.965  2.1           
1997  2   3   1.344   1.965  2.0           
1997  2   4   1.332   1.945  2.4           
1997  2   5   1.320   1.925  1.8           
1997  2   6   1.309   1.906  2.2           
1997  2   6   1.309   1.906  2.5           
1997  2   8   1.286   1.866  1.9
1997  2   9   1.274   1.847  1.6           
1997  2  10   1.263   1.827  1.6           
1997  2  10   1.263   1.827  1.8           
1997  2  11   1.251   1.807  1.8           
1997  2  11   1.251   1.807  1.7           
1997  2  11   1.251   1.807  1.7           
1997  2  12   1.240   1.788  1.4           
1997  2  12   1.240   1.788  2.2           
1997  2  13   1.229   1.769  1.4           
1997  2  13   1.229   1.769  1.6           
1997  2  13   1.229   1.769  1.5           
1997  2  14   1.218   1.749  1.8           
1997  2  15   1.207   1.730  1.2           
1997  2  16   1.196   1.712  1.4           
1997  2  16   1.196   1.712  1.1           
1997  2  17   1.186   1.693  1.4           
1997  2  18   1.175   1.674  1.4
1997  2  18   1.175   1.674  1.1           
1997  2  19   1.165   1.656  1.3           
1997  2  19   1.165   1.656  1.1           
1997  2  19   1.165   1.656  1.2           
1997  2  20   1.154   1.638  1.5           
1997  2  20   1.154   1.638  1.4           
1997  2  20   1.154   1.638  1.1           
1997  2  21   1.144   1.620  1.1           
1997  2  22   1.134   1.602  1.1           
1997  2  22   1.134   1.602  1.2           
1997  2  23   1.124   1.585  0.9           
1997  2  23   1.124   1.585  0.9           
1997  2  24   1.114   1.568  1.1           
1997  2  24   1.114   1.568  0.8           
1997  2  25   1.104   1.552  0.7           
1997  2  25   1.104   1.552  0.6           
1997  2  27   1.086   1.520  0.9           
1997  2  28   1.076   1.504  1             
1997  3   1   1.067   1.489  0.6           
1997  3   1   1.067   1.489  0.5           
1997  3   2   1.059   1.474  0.2           
1997  3   2   1.059   1.474  0.5           
1997  3   3   1.050   1.460  0.7           
1997  3   3   1.050   1.460  0.4           
1997  3   4   1.042   1.447  0.2           
1997  3   4   1.042   1.447  0.3           
1997  3   5   1.033   1.434  0.1          
1997  3   6   1.025   1.421  0.3           
1997  3   6   1.025   1.421  0.2           
1997  3   7   1.018   1.409  0.1          
1997  3   7   1.018   1.409  0.2           
1997  3   8   1.010   1.398  0.1          
1997  3   9   1.003   1.388  0.0           
1997  3   9   1.003   1.388  0.2          
1997  3   9   1.003   1.388  0.0           
1997  3  10   0.996   1.378  0.1          
1997  3  11   0.989   1.368  0.0           
1997  3  15   0.964   1.338  0.1          
1997  3  16   0.959   1.332  0.1          
1997  3  16   0.959   1.332  0.3          
1997  3  17   0.953   1.328  0.0           
1997  3  17   0.953   1.328  0.3          
1997  3  18   0.949   1.323  0.2          
1997  3  19   0.944   1.320  0.0           
1997  3  20   0.940   1.318  0.7          
1997  3  23   0.929   1.315  0.5          
1997  3  23   0.929   1.315  0.2          
1997  3  24   0.926   1.316  0.1           
1997  3  25   0.923   1.318  0.4          
1997  3  26   0.921   1.320  0.5          
1997  3  27   0.919   1.323  1.0          
1997  3  27   0.919   1.323  0.5          
1997  3  28   0.917   1.327  0.8          
1997  4   1   0.914   1.351  0.4          
1997  4   1   0.914   1.351  1.0          
1997  4   2   0.914   1.359  1.0          
1997  4   3   0.915   1.367  1            
1997  4   4   0.916   1.376  0.2          
1997  4   5   0.917   1.385  0.7          
1997  4   6   0.918   1.396  0.6          
1997  4   7   0.920   1.406  0.3          
1997  4  10   0.928   1.442  0.2          
1997  4  14   0.943   1.496  0.2          
1997  4  15   0.947   1.510  0.3          
1997  4  16   0.952   1.525  0.3          
1997  4  18   0.962   1.555  0.3          
1997  4  19   0.968   1.571  0.8          
1997  4  21   0.980   1.602  0.2          
1997  4  25   1.008   1.668  0.2
1997  5   1   1.056   1.770  0.5           
1997  5   2   1.065   1.787  0.0           
1997  5   4   1.083   1.822  0.1          
1997  5   5   1.092   1.839  1.2          
1997  5   6   1.102   1.856  0.4          
1997  5   7   1.111   1.873  0.4          
1997  5   9   1.131   1.907  0.6          
1997  5   9   1.131   1.907  0.4          
1997  5  19   1.237   2.074  1.5           
1997  5  22   1.271   2.121  1.4           
1997  5  27   1.329   2.199  1.3           
1997  5  31   1.376   2.258  1.7          
1997  6   7   1.461   2.356  2.1           
1997  7  11   1.889   2.723  3.6           
1997  8   1   2.153   2.869  4.1           
1997  8  10   2.266   2.916  4.1           
1997  8  15   2.328   2.939  4.2           
1997  8  19   2.377   2.957  4.2           
1997  8  29   2.500   2.996  4.3           
1997  9   3   2.560   3.014  4.4           
1997  9   9   2.633   3.034  4.5           
1997  9  18   2.741   3.063  4.8           
1997  9  28   2.860   3.096  5.9    
