-2.00000 1.00000 0.00000 0.00000 0.00000 0.00000 0.00000 0.00000 0.00000 0.00000 \nonumber\\
0.00000 -1.50000 1.00000 0.00000 0.00000 0.00000 0.00000 0.00000 0.00000 0.00000 \nonumber\\
0.00000 0.00000 -1.33333 1.00000 0.00000 0.00000 0.00000 0.00000 0.00000 0.00000 \nonumber\\
0.00000 0.00000 0.00000 -1.25000 1.00000 0.00000 0.00000 0.00000 0.00000 0.00000 \nonumber\\
0.00000 0.00000 0.00000 0.00000 -1.20000 1.00000 0.00000 0.00000 0.00000 0.00000 \nonumber\\
0.00000 0.00000 0.00000 0.00000 0.00000 -1.16667 1.00000 0.00000 0.00000 0.00000 \nonumber\\
0.00000 0.00000 0.00000 0.00000 0.00000 0.00000 -1.14286 1.00000 0.00000 0.00000 \nonumber\\
0.00000 0.00000 0.00000 0.00000 0.00000 0.00000 0.00000 -1.12500 1.00000 0.00000 \nonumber\\
0.00000 0.00000 0.00000 0.00000 0.00000 0.00000 0.00000 0.00000 -1.11111 1.00000 \nonumber\\
0.00000 0.00000 0.00000 0.00000 0.00000 0.00000 0.00000 0.00000 0.00000 -1.10000 \nonumber\\
