-1.000000 0.038462
-0.999000 0.078499
-0.998000 0.154859
-0.997000 0.229118
-0.996000 0.301308
-0.995000 0.371465
-0.994000 0.439622
-0.993000 0.505813
-0.992000 0.570070
-0.991000 0.632427
-0.990000 0.692915
-0.989000 0.751567
-0.988000 0.808413
-0.987000 0.863485
-0.986000 0.916814
-0.985000 0.968430
-0.984000 1.018364
-0.983000 1.066644
-0.982000 1.113299
-0.981000 1.158360
-0.980000 1.201854
-0.979000 1.243810
-0.978000 1.284255
-0.977000 1.323217
-0.976000 1.360723
-0.975000 1.396800
-0.974000 1.431475
-0.973000 1.464773
-0.972000 1.496721
-0.971000 1.527343
-0.970000 1.556666
-0.969000 1.584713
-0.968000 1.611510
-0.967000 1.637080
-0.966000 1.661448
-0.965000 1.684638
-0.964000 1.706671
-0.963000 1.727572
-0.962000 1.747364
-0.961000 1.766067
-0.960000 1.783706
-0.959000 1.800300
-0.958000 1.815873
-0.957000 1.830444
-0.956000 1.844036
-0.955000 1.856668
-0.954000 1.868362
-0.953000 1.879136
-0.952000 1.889012
-0.951000 1.898008
-0.950000 1.906145
-0.949000 1.913439
-0.948000 1.919912
-0.947000 1.925581
-0.946000 1.930464
-0.945000 1.934580
-0.944000 1.937945
-0.943000 1.940579
-0.942000 1.942497
-0.941000 1.943717
-0.940000 1.944256
-0.939000 1.944129
-0.938000 1.943355
-0.937000 1.941947
-0.936000 1.939923
-0.935000 1.937297
-0.934000 1.934086
-0.933000 1.930304
-0.932000 1.925966
-0.931000 1.921088
-0.930000 1.915682
-0.929000 1.909764
-0.928000 1.903347
-0.927000 1.896446
-0.926000 1.889074
-0.925000 1.881244
-0.924000 1.872970
-0.923000 1.864264
-0.922000 1.855140
-0.921000 1.845610
-0.920000 1.835686
-0.919000 1.825380
-0.918000 1.814705
-0.917000 1.803672
-0.916000 1.792293
-0.915000 1.780580
-0.914000 1.768543
-0.913000 1.756194
-0.912000 1.743543
-0.911000 1.730602
-0.910000 1.717380
-0.909000 1.703888
-0.908000 1.690137
-0.907000 1.676136
-0.906000 1.661896
-0.905000 1.647425
-0.904000 1.632733
-0.903000 1.617830
-0.902000 1.602725
-0.901000 1.587427
-0.900000 1.571944
-0.899000 1.556286
-0.898000 1.540461
-0.897000 1.524477
-0.896000 1.508343
-0.895000 1.492067
-0.894000 1.475656
-0.893000 1.459118
-0.892000 1.442462
-0.891000 1.425695
-0.890000 1.408823
-0.889000 1.391854
-0.888000 1.374796
-0.887000 1.357656
-0.886000 1.340439
-0.885000 1.323153
-0.884000 1.305804
-0.883000 1.288399
-0.882000 1.270945
-0.881000 1.253446
-0.880000 1.235910
-0.879000 1.218342
-0.878000 1.200748
-0.877000 1.183134
-0.876000 1.165505
-0.875000 1.147867
-0.874000 1.130225
-0.873000 1.112584
-0.872000 1.094950
-0.871000 1.077327
-0.870000 1.059720
-0.869000 1.042134
-0.868000 1.024574
-0.867000 1.007044
-0.866000 0.989549
-0.865000 0.972093
-0.864000 0.954680
-0.863000 0.937315
-0.862000 0.920001
-0.861000 0.902742
-0.860000 0.885543
-0.859000 0.868407
-0.858000 0.851337
-0.857000 0.834338
-0.856000 0.817412
-0.855000 0.800564
-0.854000 0.783796
-0.853000 0.767111
-0.852000 0.750514
-0.851000 0.734006
-0.850000 0.717590
-0.849000 0.701271
-0.848000 0.685049
-0.847000 0.668929
-0.846000 0.652913
-0.845000 0.637002
-0.844000 0.621201
-0.843000 0.605510
-0.842000 0.589933
-0.841000 0.574471
-0.840000 0.559127
-0.839000 0.543903
-0.838000 0.528801
-0.837000 0.513823
-0.836000 0.498971
-0.835000 0.484246
-0.834000 0.469650
-0.833000 0.455185
-0.832000 0.440853
-0.831000 0.426655
-0.830000 0.412593
-0.829000 0.398667
-0.828000 0.384880
-0.827000 0.371233
-0.826000 0.357727
-0.825000 0.344363
-0.824000 0.331142
-0.823000 0.318065
-0.822000 0.305134
-0.821000 0.292349
-0.820000 0.279711
-0.819000 0.267221
-0.818000 0.254880
-0.817000 0.242689
-0.816000 0.230648
-0.815000 0.218758
-0.814000 0.207020
-0.813000 0.195433
-0.812000 0.184000
-0.811000 0.172719
-0.810000 0.161592
-0.809000 0.150619
-0.808000 0.139800
-0.807000 0.129135
-0.806000 0.118625
-0.805000 0.108270
-0.804000 0.098070
-0.803000 0.088026
-0.802000 0.078136
-0.801000 0.068402
-0.800000 0.058824
-0.799000 0.049400
-0.798000 0.040132
-0.797000 0.031019
-0.796000 0.022060
-0.795000 0.013257
-0.794000 0.004608
-0.793000 -0.003886
-0.792000 -0.012227
-0.791000 -0.020414
-0.790000 -0.028447
-0.789000 -0.036327
-0.788000 -0.044055
-0.787000 -0.051630
-0.786000 -0.059054
-0.785000 -0.066326
-0.784000 -0.073447
-0.783000 -0.080419
-0.782000 -0.087240
-0.781000 -0.093913
-0.780000 -0.100437
-0.779000 -0.106813
-0.778000 -0.113042
-0.777000 -0.119124
-0.776000 -0.125061
-0.775000 -0.130853
-0.774000 -0.136500
-0.773000 -0.142004
-0.772000 -0.147365
-0.771000 -0.152584
-0.770000 -0.157661
-0.769000 -0.162599
-0.768000 -0.167397
-0.767000 -0.172057
-0.766000 -0.176579
-0.765000 -0.180964
-0.764000 -0.185214
-0.763000 -0.189329
-0.762000 -0.193310
-0.761000 -0.197158
-0.760000 -0.200874
-0.759000 -0.204460
-0.758000 -0.207915
-0.757000 -0.211242
-0.756000 -0.214441
-0.755000 -0.217514
-0.754000 -0.220460
-0.753000 -0.223283
-0.752000 -0.225981
-0.751000 -0.228558
-0.750000 -0.231013
-0.749000 -0.233349
-0.748000 -0.235565
-0.747000 -0.237664
-0.746000 -0.239646
-0.745000 -0.241512
-0.744000 -0.243264
-0.743000 -0.244903
-0.742000 -0.246430
-0.741000 -0.247847
-0.740000 -0.249154
-0.739000 -0.250352
-0.738000 -0.251444
-0.737000 -0.252429
-0.736000 -0.253310
-0.735000 -0.254087
-0.734000 -0.254763
-0.733000 -0.255337
-0.732000 -0.255811
-0.731000 -0.256187
-0.730000 -0.256466
-0.729000 -0.256648
-0.728000 -0.256736
-0.727000 -0.256731
-0.726000 -0.256633
-0.725000 -0.256444
-0.724000 -0.256166
-0.723000 -0.255799
-0.722000 -0.255344
-0.721000 -0.254804
-0.720000 -0.254179
-0.719000 -0.253471
-0.718000 -0.252681
-0.717000 -0.251809
-0.716000 -0.250858
-0.715000 -0.249829
-0.714000 -0.248723
-0.713000 -0.247541
-0.712000 -0.246284
-0.711000 -0.244954
-0.710000 -0.243551
-0.709000 -0.242078
-0.708000 -0.240536
-0.707000 -0.238925
-0.706000 -0.237247
-0.705000 -0.235503
-0.704000 -0.233695
-0.703000 -0.231823
-0.702000 -0.229889
-0.701000 -0.227894
-0.700000 -0.225840
-0.699000 -0.223727
-0.698000 -0.221556
-0.697000 -0.219330
-0.696000 -0.217049
-0.695000 -0.214714
-0.694000 -0.212327
-0.693000 -0.209889
-0.692000 -0.207401
-0.691000 -0.204863
-0.690000 -0.202278
-0.689000 -0.199647
-0.688000 -0.196970
-0.687000 -0.194249
-0.686000 -0.191485
-0.685000 -0.188679
-0.684000 -0.185833
-0.683000 -0.182946
-0.682000 -0.180021
-0.681000 -0.177059
-0.680000 -0.174061
-0.679000 -0.171027
-0.678000 -0.167959
-0.677000 -0.164859
-0.676000 -0.161726
-0.675000 -0.158563
-0.674000 -0.155370
-0.673000 -0.152148
-0.672000 -0.148899
-0.671000 -0.145623
-0.670000 -0.142321
-0.669000 -0.138995
-0.668000 -0.135646
-0.667000 -0.132274
-0.666000 -0.128880
-0.665000 -0.125466
-0.664000 -0.122033
-0.663000 -0.118581
-0.662000 -0.115112
-0.661000 -0.111626
-0.660000 -0.108124
-0.659000 -0.104608
-0.658000 -0.101078
-0.657000 -0.097535
-0.656000 -0.093980
-0.655000 -0.090415
-0.654000 -0.086839
-0.653000 -0.083254
-0.652000 -0.079661
-0.651000 -0.076060
-0.650000 -0.072453
-0.649000 -0.068840
-0.648000 -0.065222
-0.647000 -0.061600
-0.646000 -0.057975
-0.645000 -0.054348
-0.644000 -0.050718
-0.643000 -0.047089
-0.642000 -0.043459
-0.641000 -0.039830
-0.640000 -0.036202
-0.639000 -0.032577
-0.638000 -0.028955
-0.637000 -0.025337
-0.636000 -0.021723
-0.635000 -0.018114
-0.634000 -0.014512
-0.633000 -0.010916
-0.632000 -0.007327
-0.631000 -0.003747
-0.630000 -0.000175
-0.629000 0.003387
-0.628000 0.006940
-0.627000 0.010482
-0.626000 0.014012
-0.625000 0.017531
-0.624000 0.021037
-0.623000 0.024529
-0.622000 0.028009
-0.621000 0.031473
-0.620000 0.034923
-0.619000 0.038358
-0.618000 0.041776
-0.617000 0.045178
-0.616000 0.048563
-0.615000 0.051931
-0.614000 0.055280
-0.613000 0.058610
-0.612000 0.061922
-0.611000 0.065214
-0.610000 0.068485
-0.609000 0.071736
-0.608000 0.074967
-0.607000 0.078175
-0.606000 0.081362
-0.605000 0.084527
-0.604000 0.087668
-0.603000 0.090787
-0.602000 0.093882
-0.601000 0.096953
-0.600000 0.100000
-0.599000 0.103022
-0.598000 0.106019
-0.597000 0.108991
-0.596000 0.111937
-0.595000 0.114856
-0.594000 0.117750
-0.593000 0.120617
-0.592000 0.123456
-0.591000 0.126268
-0.590000 0.129053
-0.589000 0.131810
-0.588000 0.134538
-0.587000 0.137239
-0.586000 0.139910
-0.585000 0.142553
-0.584000 0.145166
-0.583000 0.147750
-0.582000 0.150304
-0.581000 0.152829
-0.580000 0.155323
-0.579000 0.157787
-0.578000 0.160221
-0.577000 0.162624
-0.576000 0.164997
-0.575000 0.167338
-0.574000 0.169649
-0.573000 0.171928
-0.572000 0.174176
-0.571000 0.176393
-0.570000 0.178578
-0.569000 0.180731
-0.568000 0.182852
-0.567000 0.184942
-0.566000 0.186999
-0.565000 0.189025
-0.564000 0.191018
-0.563000 0.192979
-0.562000 0.194908
-0.561000 0.196804
-0.560000 0.198669
-0.559000 0.200501
-0.558000 0.202300
-0.557000 0.204067
-0.556000 0.205801
-0.555000 0.207504
-0.554000 0.209173
-0.553000 0.210811
-0.552000 0.212415
-0.551000 0.213988
-0.550000 0.215528
-0.549000 0.217036
-0.548000 0.218511
-0.547000 0.219954
-0.546000 0.221365
-0.545000 0.222744
-0.544000 0.224091
-0.543000 0.225406
-0.542000 0.226689
-0.541000 0.227940
-0.540000 0.229159
-0.539000 0.230347
-0.538000 0.231504
-0.537000 0.232629
-0.536000 0.233722
-0.535000 0.234785
-0.534000 0.235816
-0.533000 0.236817
-0.532000 0.237787
-0.531000 0.238726
-0.530000 0.239635
-0.529000 0.240513
-0.528000 0.241361
-0.527000 0.242180
-0.526000 0.242968
-0.525000 0.243727
-0.524000 0.244457
-0.523000 0.245157
-0.522000 0.245829
-0.521000 0.246471
-0.520000 0.247085
-0.519000 0.247670
-0.518000 0.248227
-0.517000 0.248756
-0.516000 0.249257
-0.515000 0.249731
-0.514000 0.250177
-0.513000 0.250596
-0.512000 0.250989
-0.511000 0.251354
-0.510000 0.251694
-0.509000 0.252007
-0.508000 0.252294
-0.507000 0.252556
-0.506000 0.252792
-0.505000 0.253003
-0.504000 0.253190
-0.503000 0.253352
-0.502000 0.253489
-0.501000 0.253603
-0.500000 0.253693
-0.499000 0.253759
-0.498000 0.253802
-0.497000 0.253822
-0.496000 0.253820
-0.495000 0.253796
-0.494000 0.253749
-0.493000 0.253681
-0.492000 0.253592
-0.491000 0.253481
-0.490000 0.253350
-0.489000 0.253199
-0.488000 0.253027
-0.487000 0.252835
-0.486000 0.252624
-0.485000 0.252394
-0.484000 0.252145
-0.483000 0.251878
-0.482000 0.251592
-0.481000 0.251289
-0.480000 0.250968
-0.479000 0.250630
-0.478000 0.250275
-0.477000 0.249904
-0.476000 0.249517
-0.475000 0.249114
-0.474000 0.248695
-0.473000 0.248261
-0.472000 0.247813
-0.471000 0.247350
-0.470000 0.246873
-0.469000 0.246383
-0.468000 0.245879
-0.467000 0.245362
-0.466000 0.244832
-0.465000 0.244291
-0.464000 0.243737
-0.463000 0.243172
-0.462000 0.242595
-0.461000 0.242008
-0.460000 0.241410
-0.459000 0.240802
-0.458000 0.240185
-0.457000 0.239558
-0.456000 0.238922
-0.455000 0.238277
-0.454000 0.237624
-0.453000 0.236963
-0.452000 0.236295
-0.451000 0.235619
-0.450000 0.234936
-0.449000 0.234247
-0.448000 0.233552
-0.447000 0.232851
-0.446000 0.232145
-0.445000 0.231434
-0.444000 0.230718
-0.443000 0.229997
-0.442000 0.229273
-0.441000 0.228546
-0.440000 0.227815
-0.439000 0.227081
-0.438000 0.226344
-0.437000 0.225606
-0.436000 0.224866
-0.435000 0.224124
-0.434000 0.223382
-0.433000 0.222638
-0.432000 0.221895
-0.431000 0.221151
-0.430000 0.220408
-0.429000 0.219665
-0.428000 0.218924
-0.427000 0.218184
-0.426000 0.217446
-0.425000 0.216710
-0.424000 0.215976
-0.423000 0.215246
-0.422000 0.214518
-0.421000 0.213794
-0.420000 0.213074
-0.419000 0.212358
-0.418000 0.211647
-0.417000 0.210940
-0.416000 0.210239
-0.415000 0.209544
-0.414000 0.208854
-0.413000 0.208170
-0.412000 0.207493
-0.411000 0.206823
-0.410000 0.206161
-0.409000 0.205505
-0.408000 0.204858
-0.407000 0.204219
-0.406000 0.203588
-0.405000 0.202966
-0.404000 0.202353
-0.403000 0.201750
-0.402000 0.201157
-0.401000 0.200573
-0.400000 0.200000
-0.399000 0.199438
-0.398000 0.198886
-0.397000 0.198346
-0.396000 0.197817
-0.395000 0.197301
-0.394000 0.196796
-0.393000 0.196304
-0.392000 0.195825
-0.391000 0.195359
-0.390000 0.194906
-0.389000 0.194466
-0.388000 0.194041
-0.387000 0.193629
-0.386000 0.193232
-0.385000 0.192850
-0.384000 0.192483
-0.383000 0.192131
-0.382000 0.191794
-0.381000 0.191473
-0.380000 0.191168
-0.379000 0.190880
-0.378000 0.190607
-0.377000 0.190352
-0.376000 0.190114
-0.375000 0.189892
-0.374000 0.189689
-0.373000 0.189502
-0.372000 0.189334
-0.371000 0.189184
-0.370000 0.189053
-0.369000 0.188940
-0.368000 0.188845
-0.367000 0.188770
-0.366000 0.188714
-0.365000 0.188678
-0.364000 0.188661
-0.363000 0.188664
-0.362000 0.188687
-0.361000 0.188731
-0.360000 0.188795
-0.359000 0.188879
-0.358000 0.188985
-0.357000 0.189111
-0.356000 0.189258
-0.355000 0.189427
-0.354000 0.189618
-0.353000 0.189830
-0.352000 0.190064
-0.351000 0.190321
-0.350000 0.190599
-0.349000 0.190900
-0.348000 0.191223
-0.347000 0.191569
-0.346000 0.191938
-0.345000 0.192330
-0.344000 0.192745
-0.343000 0.193183
-0.342000 0.193644
-0.341000 0.194129
-0.340000 0.194638
-0.339000 0.195171
-0.338000 0.195727
-0.337000 0.196307
-0.336000 0.196911
-0.335000 0.197540
-0.334000 0.198193
-0.333000 0.198870
-0.332000 0.199572
-0.331000 0.200299
-0.330000 0.201050
-0.329000 0.201826
-0.328000 0.202626
-0.327000 0.203452
-0.326000 0.204303
-0.325000 0.205179
-0.324000 0.206079
-0.323000 0.207006
-0.322000 0.207957
-0.321000 0.208934
-0.320000 0.209936
-0.319000 0.210964
-0.318000 0.212017
-0.317000 0.213096
-0.316000 0.214200
-0.315000 0.215330
-0.314000 0.216486
-0.313000 0.217667
-0.312000 0.218874
-0.311000 0.220107
-0.310000 0.221365
-0.309000 0.222649
-0.308000 0.223959
-0.307000 0.225295
-0.306000 0.226657
-0.305000 0.228044
-0.304000 0.229457
-0.303000 0.230896
-0.302000 0.232361
-0.301000 0.233851
-0.300000 0.235368
-0.299000 0.236910
-0.298000 0.238477
-0.297000 0.240070
-0.296000 0.241689
-0.295000 0.243334
-0.294000 0.245004
-0.293000 0.246700
-0.292000 0.248421
-0.291000 0.250168
-0.290000 0.251940
-0.289000 0.253737
-0.288000 0.255560
-0.287000 0.257407
-0.286000 0.259280
-0.285000 0.261178
-0.284000 0.263102
-0.283000 0.265050
-0.282000 0.267022
-0.281000 0.269020
-0.280000 0.271042
-0.279000 0.273089
-0.278000 0.275161
-0.277000 0.277257
-0.276000 0.279377
-0.275000 0.281522
-0.274000 0.283690
-0.273000 0.285883
-0.272000 0.288100
-0.271000 0.290340
-0.270000 0.292604
-0.269000 0.294892
-0.268000 0.297203
-0.267000 0.299537
-0.266000 0.301894
-0.265000 0.304275
-0.264000 0.306679
-0.263000 0.309105
-0.262000 0.311554
-0.261000 0.314025
-0.260000 0.316519
-0.259000 0.319035
-0.258000 0.321573
-0.257000 0.324133
-0.256000 0.326715
-0.255000 0.329319
-0.254000 0.331943
-0.253000 0.334589
-0.252000 0.337257
-0.251000 0.339945
-0.250000 0.342653
-0.249000 0.345383
-0.248000 0.348133
-0.247000 0.350903
-0.246000 0.353693
-0.245000 0.356502
-0.244000 0.359332
-0.243000 0.362181
-0.242000 0.365049
-0.241000 0.367936
-0.240000 0.370843
-0.239000 0.373767
-0.238000 0.376711
-0.237000 0.379672
-0.236000 0.382652
-0.235000 0.385649
-0.234000 0.388664
-0.233000 0.391697
-0.232000 0.394746
-0.231000 0.397813
-0.230000 0.400896
-0.229000 0.403996
-0.228000 0.407112
-0.227000 0.410245
-0.226000 0.413393
-0.225000 0.416557
-0.224000 0.419736
-0.223000 0.422930
-0.222000 0.426139
-0.221000 0.429363
-0.220000 0.432601
-0.219000 0.435853
-0.218000 0.439119
-0.217000 0.442399
-0.216000 0.445693
-0.215000 0.448999
-0.214000 0.452318
-0.213000 0.455650
-0.212000 0.458995
-0.211000 0.462352
-0.210000 0.465720
-0.209000 0.469100
-0.208000 0.472492
-0.207000 0.475894
-0.206000 0.479308
-0.205000 0.482731
-0.204000 0.486166
-0.203000 0.489610
-0.202000 0.493064
-0.201000 0.496527
-0.200000 0.500000
-0.199000 0.503482
-0.198000 0.506972
-0.197000 0.510470
-0.196000 0.513977
-0.195000 0.517491
-0.194000 0.521013
-0.193000 0.524543
-0.192000 0.528079
-0.191000 0.531621
-0.190000 0.535171
-0.189000 0.538726
-0.188000 0.542287
-0.187000 0.545854
-0.186000 0.549425
-0.185000 0.553002
-0.184000 0.556583
-0.183000 0.560169
-0.182000 0.563759
-0.181000 0.567352
-0.180000 0.570949
-0.179000 0.574549
-0.178000 0.578152
-0.177000 0.581758
-0.176000 0.585366
-0.175000 0.588976
-0.174000 0.592587
-0.173000 0.596200
-0.172000 0.599814
-0.171000 0.603429
-0.170000 0.607044
-0.169000 0.610659
-0.168000 0.614274
-0.167000 0.617889
-0.166000 0.621503
-0.165000 0.625116
-0.164000 0.628728
-0.163000 0.632338
-0.162000 0.635946
-0.161000 0.639552
-0.160000 0.643155
-0.159000 0.646755
-0.158000 0.650353
-0.157000 0.653946
-0.156000 0.657536
-0.155000 0.661122
-0.154000 0.664704
-0.153000 0.668281
-0.152000 0.671853
-0.151000 0.675420
-0.150000 0.678981
-0.149000 0.682536
-0.148000 0.686085
-0.147000 0.689627
-0.146000 0.693163
-0.145000 0.696692
-0.144000 0.700213
-0.143000 0.703727
-0.142000 0.707232
-0.141000 0.710730
-0.140000 0.714218
-0.139000 0.717698
-0.138000 0.721169
-0.137000 0.724630
-0.136000 0.728081
-0.135000 0.731523
-0.134000 0.734954
-0.133000 0.738374
-0.132000 0.741783
-0.131000 0.745181
-0.130000 0.748568
-0.129000 0.751943
-0.128000 0.755305
-0.127000 0.758656
-0.126000 0.761993
-0.125000 0.765318
-0.124000 0.768629
-0.123000 0.771927
-0.122000 0.775211
-0.121000 0.778481
-0.120000 0.781736
-0.119000 0.784977
-0.118000 0.788202
-0.117000 0.791413
-0.116000 0.794608
-0.115000 0.797787
-0.114000 0.800950
-0.113000 0.804097
-0.112000 0.807227
-0.111000 0.810340
-0.110000 0.813437
-0.109000 0.816515
-0.108000 0.819576
-0.107000 0.822619
-0.106000 0.825644
-0.105000 0.828651
-0.104000 0.831638
-0.103000 0.834607
-0.102000 0.837556
-0.101000 0.840486
-0.100000 0.843396
-0.099000 0.846286
-0.098000 0.849156
-0.097000 0.852005
-0.096000 0.854834
-0.095000 0.857641
-0.094000 0.860427
-0.093000 0.863192
-0.092000 0.865935
-0.091000 0.868656
-0.090000 0.871355
-0.089000 0.874031
-0.088000 0.876685
-0.087000 0.879316
-0.086000 0.881923
-0.085000 0.884507
-0.084000 0.887068
-0.083000 0.889605
-0.082000 0.892118
-0.081000 0.894606
-0.080000 0.897070
-0.079000 0.899509
-0.078000 0.901924
-0.077000 0.904313
-0.076000 0.906677
-0.075000 0.909015
-0.074000 0.911328
-0.073000 0.913615
-0.072000 0.915875
-0.071000 0.918110
-0.070000 0.920317
-0.069000 0.922498
-0.068000 0.924652
-0.067000 0.926779
-0.066000 0.928879
-0.065000 0.930951
-0.064000 0.932996
-0.063000 0.935012
-0.062000 0.937001
-0.061000 0.938962
-0.060000 0.940894
-0.059000 0.942797
-0.058000 0.944672
-0.057000 0.946518
-0.056000 0.948336
-0.055000 0.950123
-0.054000 0.951882
-0.053000 0.953611
-0.052000 0.955310
-0.051000 0.956980
-0.050000 0.958620
-0.049000 0.960229
-0.048000 0.961809
-0.047000 0.963358
-0.046000 0.964876
-0.045000 0.966364
-0.044000 0.967821
-0.043000 0.969248
-0.042000 0.970643
-0.041000 0.972007
-0.040000 0.973340
-0.039000 0.974641
-0.038000 0.975911
-0.037000 0.977150
-0.036000 0.978357
-0.035000 0.979532
-0.034000 0.980674
-0.033000 0.981785
-0.032000 0.982864
-0.031000 0.983911
-0.030000 0.984925
-0.029000 0.985907
-0.028000 0.986857
-0.027000 0.987774
-0.026000 0.988658
-0.025000 0.989510
-0.024000 0.990329
-0.023000 0.991115
-0.022000 0.991868
-0.021000 0.992588
-0.020000 0.993275
-0.019000 0.993928
-0.018000 0.994549
-0.017000 0.995137
-0.016000 0.995691
-0.015000 0.996212
-0.014000 0.996699
-0.013000 0.997153
-0.012000 0.997574
-0.011000 0.997961
-0.010000 0.998314
-0.009000 0.998634
-0.008000 0.998921
-0.007000 0.999173
-0.006000 0.999392
-0.005000 0.999578
-0.004000 0.999730
-0.003000 0.999848
-0.002000 0.999932
-0.001000 0.999983
0.000000 1.000000
0.001000 0.999983
0.002000 0.999933
0.003000 0.999849
0.004000 0.999731
0.005000 0.999579
0.006000 0.999394
0.007000 0.999175
0.008000 0.998923
0.009000 0.998637
0.010000 0.998317
0.011000 0.997964
0.012000 0.997577
0.013000 0.997157
0.014000 0.996703
0.015000 0.996216
0.016000 0.995696
0.017000 0.995142
0.018000 0.994555
0.019000 0.993934
0.020000 0.993281
0.021000 0.992594
0.022000 0.991874
0.023000 0.991121
0.024000 0.990336
0.025000 0.989517
0.026000 0.988666
0.027000 0.987782
0.028000 0.986865
0.029000 0.985916
0.030000 0.984934
0.031000 0.983920
0.032000 0.982874
0.033000 0.981795
0.034000 0.980684
0.035000 0.979542
0.036000 0.978367
0.037000 0.977161
0.038000 0.975922
0.039000 0.974653
0.040000 0.973351
0.041000 0.972019
0.042000 0.970655
0.043000 0.969260
0.044000 0.967834
0.045000 0.966377
0.046000 0.964889
0.047000 0.963371
0.048000 0.961822
0.049000 0.960243
0.050000 0.958634
0.051000 0.956994
0.052000 0.955325
0.053000 0.953626
0.054000 0.951897
0.055000 0.950138
0.056000 0.948351
0.057000 0.946534
0.058000 0.944688
0.059000 0.942813
0.060000 0.940910
0.061000 0.938978
0.062000 0.937018
0.063000 0.935029
0.064000 0.933013
0.065000 0.930968
0.066000 0.928896
0.067000 0.926797
0.068000 0.924670
0.069000 0.922516
0.070000 0.920335
0.071000 0.918127
0.072000 0.915893
0.073000 0.913633
0.074000 0.911346
0.075000 0.909034
0.076000 0.906696
0.077000 0.904332
0.078000 0.901943
0.079000 0.899528
0.080000 0.897089
0.081000 0.894625
0.082000 0.892137
0.083000 0.889624
0.084000 0.887088
0.085000 0.884527
0.086000 0.881943
0.087000 0.879335
0.088000 0.876705
0.089000 0.874051
0.090000 0.871375
0.091000 0.868676
0.092000 0.865955
0.093000 0.863212
0.094000 0.860448
0.095000 0.857662
0.096000 0.854854
0.097000 0.852026
0.098000 0.849176
0.099000 0.846307
0.100000 0.843417
0.101000 0.840507
0.102000 0.837577
0.103000 0.834627
0.104000 0.831659
0.105000 0.828671
0.106000 0.825665
0.107000 0.822640
0.108000 0.819597
0.109000 0.816536
0.110000 0.813457
0.111000 0.810361
0.112000 0.807248
0.113000 0.804117
0.114000 0.800971
0.115000 0.797807
0.116000 0.794628
0.117000 0.791433
0.118000 0.788223
0.119000 0.784997
0.120000 0.781756
0.121000 0.778500
0.122000 0.775231
0.123000 0.771947
0.124000 0.768649
0.125000 0.765337
0.126000 0.762013
0.127000 0.758675
0.128000 0.755325
0.129000 0.751962
0.130000 0.748587
0.131000 0.745200
0.132000 0.741802
0.133000 0.738393
0.134000 0.734972
0.135000 0.731541
0.136000 0.728100
0.137000 0.724648
0.138000 0.721187
0.139000 0.717716
0.140000 0.714236
0.141000 0.710747
0.142000 0.707249
0.143000 0.703744
0.144000 0.700230
0.145000 0.696708
0.146000 0.693180
0.147000 0.689644
0.148000 0.686101
0.149000 0.682552
0.150000 0.678996
0.151000 0.675435
0.152000 0.671868
0.153000 0.668296
0.154000 0.664719
0.155000 0.661137
0.156000 0.657551
0.157000 0.653960
0.158000 0.650366
0.159000 0.646769
0.160000 0.643168
0.161000 0.639565
0.162000 0.635958
0.163000 0.632350
0.164000 0.628740
0.165000 0.625128
0.166000 0.621515
0.167000 0.617900
0.168000 0.614285
0.169000 0.610670
0.170000 0.607054
0.171000 0.603439
0.172000 0.599824
0.173000 0.596209
0.174000 0.592596
0.175000 0.588984
0.176000 0.585374
0.177000 0.581766
0.178000 0.578160
0.179000 0.574557
0.180000 0.570957
0.181000 0.567359
0.182000 0.563765
0.183000 0.560175
0.184000 0.556589
0.185000 0.553008
0.186000 0.549431
0.187000 0.545858
0.188000 0.542291
0.189000 0.538730
0.190000 0.535174
0.191000 0.531625
0.192000 0.528082
0.193000 0.524545
0.194000 0.521016
0.195000 0.517493
0.196000 0.513978
0.197000 0.510471
0.198000 0.506973
0.199000 0.503482
0.200000 0.500000
0.201000 0.496527
0.202000 0.493063
0.203000 0.489609
0.204000 0.486164
0.205000 0.482730
0.206000 0.479305
0.207000 0.475891
0.208000 0.472489
0.209000 0.469097
0.210000 0.465716
0.211000 0.462347
0.212000 0.458990
0.213000 0.455645
0.214000 0.452313
0.215000 0.448993
0.216000 0.445686
0.217000 0.442393
0.218000 0.439112
0.219000 0.435846
0.220000 0.432593
0.221000 0.429354
0.222000 0.426130
0.223000 0.422921
0.224000 0.419726
0.225000 0.416547
0.226000 0.413383
0.227000 0.410234
0.228000 0.407101
0.229000 0.403985
0.230000 0.400885
0.231000 0.397801
0.232000 0.394734
0.233000 0.391684
0.234000 0.388651
0.235000 0.385635
0.236000 0.382638
0.237000 0.379658
0.238000 0.376696
0.239000 0.373752
0.240000 0.370827
0.241000 0.367920
0.242000 0.365033
0.243000 0.362164
0.244000 0.359315
0.245000 0.356485
0.246000 0.353675
0.247000 0.350884
0.248000 0.348114
0.249000 0.345364
0.250000 0.342634
0.251000 0.339925
0.252000 0.337236
0.253000 0.334569
0.254000 0.331922
0.255000 0.329297
0.256000 0.326694
0.257000 0.324112
0.258000 0.321551
0.259000 0.319013
0.260000 0.316496
0.261000 0.314002
0.262000 0.311530
0.263000 0.309081
0.264000 0.306654
0.265000 0.304251
0.266000 0.301870
0.267000 0.299512
0.268000 0.297177
0.269000 0.294866
0.270000 0.292578
0.271000 0.290314
0.272000 0.288073
0.273000 0.285856
0.274000 0.283663
0.275000 0.281494
0.276000 0.279349
0.277000 0.277229
0.278000 0.275133
0.279000 0.273061
0.280000 0.271014
0.281000 0.268991
0.282000 0.266993
0.283000 0.265020
0.284000 0.263072
0.285000 0.261149
0.286000 0.259250
0.287000 0.257377
0.288000 0.255529
0.289000 0.253706
0.290000 0.251909
0.291000 0.250137
0.292000 0.248390
0.293000 0.246668
0.294000 0.244973
0.295000 0.243302
0.296000 0.241658
0.297000 0.240039
0.298000 0.238445
0.299000 0.236877
0.300000 0.235335
0.301000 0.233819
0.302000 0.232328
0.303000 0.230864
0.304000 0.229425
0.305000 0.228011
0.306000 0.226624
0.307000 0.225262
0.308000 0.223926
0.309000 0.222616
0.310000 0.221332
0.311000 0.220074
0.312000 0.218841
0.313000 0.217634
0.314000 0.216453
0.315000 0.215297
0.316000 0.214167
0.317000 0.213063
0.318000 0.211984
0.319000 0.210931
0.320000 0.209903
0.321000 0.208901
0.322000 0.207924
0.323000 0.206973
0.324000 0.206047
0.325000 0.205146
0.326000 0.204270
0.327000 0.203420
0.328000 0.202594
0.329000 0.201793
0.330000 0.201018
0.331000 0.200267
0.332000 0.199540
0.333000 0.198839
0.334000 0.198161
0.335000 0.197509
0.336000 0.196880
0.337000 0.196276
0.338000 0.195696
0.339000 0.195140
0.340000 0.194608
0.341000 0.194099
0.342000 0.193615
0.343000 0.193153
0.344000 0.192715
0.345000 0.192301
0.346000 0.191909
0.347000 0.191541
0.348000 0.191195
0.349000 0.190872
0.350000 0.190572
0.351000 0.190293
0.352000 0.190038
0.353000 0.189804
0.354000 0.189592
0.355000 0.189402
0.356000 0.189233
0.357000 0.189086
0.358000 0.188960
0.359000 0.188855
0.360000 0.188771
0.361000 0.188707
0.362000 0.188664
0.363000 0.188642
0.364000 0.188639
0.365000 0.188656
0.366000 0.188693
0.367000 0.188750
0.368000 0.188825
0.369000 0.188920
0.370000 0.189033
0.371000 0.189166
0.372000 0.189316
0.373000 0.189485
0.374000 0.189671
0.375000 0.189876
0.376000 0.190098
0.377000 0.190337
0.378000 0.190593
0.379000 0.190865
0.380000 0.191155
0.381000 0.191460
0.382000 0.191782
0.383000 0.192119
0.384000 0.192472
0.385000 0.192840
0.386000 0.193223
0.387000 0.193620
0.388000 0.194032
0.389000 0.194458
0.390000 0.194898
0.391000 0.195352
0.392000 0.195819
0.393000 0.196299
0.394000 0.196792
0.395000 0.197297
0.396000 0.197815
0.397000 0.198344
0.398000 0.198885
0.399000 0.199437
0.400000 0.200000
0.401000 0.200574
0.402000 0.201158
0.403000 0.201752
0.404000 0.202356
0.405000 0.202970
0.406000 0.203593
0.407000 0.204224
0.408000 0.204864
0.409000 0.205512
0.410000 0.206169
0.411000 0.206832
0.412000 0.207503
0.413000 0.208181
0.414000 0.208865
0.415000 0.209556
0.416000 0.210252
0.417000 0.210954
0.418000 0.211662
0.419000 0.212374
0.420000 0.213091
0.421000 0.213812
0.422000 0.214536
0.423000 0.215265
0.424000 0.215996
0.425000 0.216731
0.426000 0.217468
0.427000 0.218207
0.428000 0.218948
0.429000 0.219690
0.430000 0.220433
0.431000 0.221178
0.432000 0.221922
0.433000 0.222667
0.434000 0.223411
0.435000 0.224155
0.436000 0.224897
0.437000 0.225638
0.438000 0.226377
0.439000 0.227115
0.440000 0.227849
0.441000 0.228581
0.442000 0.229310
0.443000 0.230035
0.444000 0.230756
0.445000 0.231473
0.446000 0.232186
0.447000 0.232893
0.448000 0.233595
0.449000 0.234291
0.450000 0.234981
0.451000 0.235664
0.452000 0.236341
0.453000 0.237010
0.454000 0.237672
0.455000 0.238326
0.456000 0.238972
0.457000 0.239609
0.458000 0.240237
0.459000 0.240855
0.460000 0.241464
0.461000 0.242063
0.462000 0.242651
0.463000 0.243228
0.464000 0.243794
0.465000 0.244349
0.466000 0.244891
0.467000 0.245422
0.468000 0.245940
0.469000 0.246444
0.470000 0.246936
0.471000 0.247413
0.472000 0.247877
0.473000 0.248326
0.474000 0.248761
0.475000 0.249180
0.476000 0.249584
0.477000 0.249973
0.478000 0.250345
0.479000 0.250700
0.480000 0.251039
0.481000 0.251361
0.482000 0.251665
0.483000 0.251951
0.484000 0.252219
0.485000 0.252469
0.486000 0.252700
0.487000 0.252911
0.488000 0.253103
0.489000 0.253276
0.490000 0.253428
0.491000 0.253560
0.492000 0.253671
0.493000 0.253761
0.494000 0.253830
0.495000 0.253877
0.496000 0.253902
0.497000 0.253905
0.498000 0.253885
0.499000 0.253842
0.500000 0.253776
0.501000 0.253687
0.502000 0.253574
0.503000 0.253437
0.504000 0.253276
0.505000 0.253090
0.506000 0.252879
0.507000 0.252643
0.508000 0.252382
0.509000 0.252095
0.510000 0.251782
0.511000 0.251443
0.512000 0.251078
0.513000 0.250686
0.514000 0.250267
0.515000 0.249821
0.516000 0.249347
0.517000 0.248846
0.518000 0.248317
0.519000 0.247760
0.520000 0.247175
0.521000 0.246562
0.522000 0.245919
0.523000 0.245248
0.524000 0.244548
0.525000 0.243818
0.526000 0.243059
0.527000 0.242271
0.528000 0.241452
0.529000 0.240604
0.530000 0.239725
0.531000 0.238816
0.532000 0.237877
0.533000 0.236907
0.534000 0.235906
0.535000 0.234875
0.536000 0.233812
0.537000 0.232718
0.538000 0.231593
0.539000 0.230436
0.540000 0.229248
0.541000 0.228028
0.542000 0.226776
0.543000 0.225493
0.544000 0.224177
0.545000 0.222830
0.546000 0.221450
0.547000 0.220039
0.548000 0.218595
0.549000 0.217119
0.550000 0.215610
0.551000 0.214070
0.552000 0.212496
0.553000 0.210891
0.554000 0.209253
0.555000 0.207582
0.556000 0.205879
0.557000 0.204144
0.558000 0.202376
0.559000 0.200575
0.560000 0.198742
0.561000 0.196877
0.562000 0.194979
0.563000 0.193049
0.564000 0.191087
0.565000 0.189093
0.566000 0.187066
0.567000 0.185007
0.568000 0.182916
0.569000 0.180793
0.570000 0.178639
0.571000 0.176452
0.572000 0.174234
0.573000 0.171985
0.574000 0.169704
0.575000 0.167392
0.576000 0.165049
0.577000 0.162675
0.578000 0.160270
0.579000 0.157834
0.580000 0.155368
0.581000 0.152872
0.582000 0.150345
0.583000 0.147789
0.584000 0.145203
0.585000 0.142588
0.586000 0.139943
0.587000 0.137270
0.588000 0.134567
0.589000 0.131837
0.590000 0.129078
0.591000 0.126291
0.592000 0.123476
0.593000 0.120634
0.594000 0.117765
0.595000 0.114869
0.596000 0.111947
0.597000 0.108999
0.598000 0.106024
0.599000 0.103025
0.600000 0.100000
0.601000 0.096951
0.602000 0.093877
0.603000 0.090779
0.604000 0.087657
0.605000 0.084513
0.606000 0.081345
0.607000 0.078156
0.608000 0.074944
0.609000 0.071711
0.610000 0.068456
0.611000 0.065182
0.612000 0.061887
0.613000 0.058572
0.614000 0.055238
0.615000 0.051886
0.616000 0.048515
0.617000 0.045127
0.618000 0.041722
0.619000 0.038300
0.620000 0.034862
0.621000 0.031408
0.622000 0.027940
0.623000 0.024457
0.624000 0.020960
0.625000 0.017451
0.626000 0.013928
0.627000 0.010394
0.628000 0.006849
0.629000 0.003292
0.630000 -0.000274
0.631000 -0.003850
0.632000 -0.007434
0.633000 -0.011027
0.634000 -0.014627
0.635000 -0.018233
0.636000 -0.021846
0.637000 -0.025464
0.638000 -0.029086
0.639000 -0.032713
0.640000 -0.036342
0.641000 -0.039974
0.642000 -0.043607
0.643000 -0.047241
0.644000 -0.050875
0.645000 -0.054509
0.646000 -0.058141
0.647000 -0.061770
0.648000 -0.065397
0.649000 -0.069019
0.650000 -0.072636
0.651000 -0.076248
0.652000 -0.079853
0.653000 -0.083451
0.654000 -0.087041
0.655000 -0.090621
0.656000 -0.094192
0.657000 -0.097751
0.658000 -0.101299
0.659000 -0.104833
0.660000 -0.108354
0.661000 -0.111861
0.662000 -0.115351
0.663000 -0.118826
0.664000 -0.122282
0.665000 -0.125721
0.666000 -0.129139
0.667000 -0.132538
0.668000 -0.135914
0.669000 -0.139269
0.670000 -0.142600
0.671000 -0.145906
0.672000 -0.149187
0.673000 -0.152441
0.674000 -0.155668
0.675000 -0.158866
0.676000 -0.162034
0.677000 -0.165171
0.678000 -0.168277
0.679000 -0.171349
0.680000 -0.174388
0.681000 -0.177391
0.682000 -0.180358
0.683000 -0.183288
0.684000 -0.186179
0.685000 -0.189030
0.686000 -0.191841
0.687000 -0.194610
0.688000 -0.197336
0.689000 -0.200017
0.690000 -0.202653
0.691000 -0.205243
0.692000 -0.207785
0.693000 -0.210278
0.694000 -0.212720
0.695000 -0.215112
0.696000 -0.217451
0.697000 -0.219737
0.698000 -0.221967
0.699000 -0.224142
0.700000 -0.226259
0.701000 -0.228318
0.702000 -0.230317
0.703000 -0.232255
0.704000 -0.234131
0.705000 -0.235943
0.706000 -0.237691
0.707000 -0.239373
0.708000 -0.240988
0.709000 -0.242534
0.710000 -0.244011
0.711000 -0.245417
0.712000 -0.246751
0.713000 -0.248011
0.714000 -0.249197
0.715000 -0.250306
0.716000 -0.251339
0.717000 -0.252293
0.718000 -0.253167
0.719000 -0.253960
0.720000 -0.254672
0.721000 -0.255299
0.722000 -0.255842
0.723000 -0.256299
0.724000 -0.256668
0.725000 -0.256949
0.726000 -0.257140
0.727000 -0.257240
0.728000 -0.257247
0.729000 -0.257161
0.730000 -0.256980
0.731000 -0.256703
0.732000 -0.256328
0.733000 -0.255855
0.734000 -0.255282
0.735000 -0.254608
0.736000 -0.253831
0.737000 -0.252951
0.738000 -0.251966
0.739000 -0.250875
0.740000 -0.249676
0.741000 -0.248369
0.742000 -0.246952
0.743000 -0.245425
0.744000 -0.243785
0.745000 -0.242032
0.746000 -0.240164
0.747000 -0.238181
0.748000 -0.236081
0.749000 -0.233863
0.750000 -0.231526
0.751000 -0.229068
0.752000 -0.226489
0.753000 -0.223788
0.754000 -0.220963
0.755000 -0.218013
0.756000 -0.214937
0.757000 -0.211734
0.758000 -0.208404
0.759000 -0.204944
0.760000 -0.201354
0.761000 -0.197633
0.762000 -0.193780
0.763000 -0.189793
0.764000 -0.185673
0.765000 -0.181417
0.766000 -0.177026
0.767000 -0.172497
0.768000 -0.167831
0.769000 -0.163025
0.770000 -0.158080
0.771000 -0.152994
0.772000 -0.147767
0.773000 -0.142397
0.774000 -0.136885
0.775000 -0.131228
0.776000 -0.125427
0.777000 -0.119480
0.778000 -0.113387
0.779000 -0.107147
0.780000 -0.100760
0.781000 -0.094224
0.782000 -0.087539
0.783000 -0.080705
0.784000 -0.073721
0.785000 -0.066586
0.786000 -0.059300
0.787000 -0.051862
0.788000 -0.044272
0.789000 -0.036529
0.790000 -0.028633
0.791000 -0.020584
0.792000 -0.012380
0.793000 -0.004022
0.794000 0.004490
0.795000 0.013157
0.796000 0.021979
0.797000 0.030957
0.798000 0.040090
0.799000 0.049379
0.800000 0.058824
0.801000 0.068424
0.802000 0.078180
0.803000 0.088093
0.804000 0.098161
0.805000 0.108385
0.806000 0.118764
0.807000 0.129300
0.808000 0.139990
0.809000 0.150836
0.810000 0.161836
0.811000 0.172991
0.812000 0.184301
0.813000 0.195764
0.814000 0.207380
0.815000 0.219150
0.816000 0.231071
0.817000 0.243144
0.818000 0.255369
0.819000 0.267743
0.820000 0.280268
0.821000 0.292941
0.822000 0.305762
0.823000 0.318730
0.824000 0.331845
0.825000 0.345105
0.826000 0.358508
0.827000 0.372055
0.828000 0.385744
0.829000 0.399573
0.830000 0.413541
0.831000 0.427648
0.832000 0.441890
0.833000 0.456268
0.834000 0.470780
0.835000 0.485423
0.836000 0.500197
0.837000 0.515099
0.838000 0.530128
0.839000 0.545282
0.840000 0.560559
0.841000 0.575957
0.842000 0.591473
0.843000 0.607106
0.844000 0.622854
0.845000 0.638714
0.846000 0.654684
0.847000 0.670761
0.848000 0.686943
0.849000 0.703227
0.850000 0.719611
0.851000 0.736091
0.852000 0.752665
0.853000 0.769331
0.854000 0.786084
0.855000 0.802923
0.856000 0.819842
0.857000 0.836841
0.858000 0.853914
0.859000 0.871059
0.860000 0.888272
0.861000 0.905550
0.862000 0.922888
0.863000 0.940283
0.864000 0.957730
0.865000 0.975227
0.866000 0.992769
0.867000 1.010351
0.868000 1.027969
0.869000 1.045619
0.870000 1.063296
0.871000 1.080995
0.872000 1.098713
0.873000 1.116443
0.874000 1.134182
0.875000 1.151923
0.876000 1.169662
0.877000 1.187394
0.878000 1.205112
0.879000 1.222812
0.880000 1.240488
0.881000 1.258134
0.882000 1.275744
0.883000 1.293312
0.884000 1.310831
0.885000 1.328297
0.886000 1.345701
0.887000 1.363039
0.888000 1.380302
0.889000 1.397485
0.890000 1.414579
0.891000 1.431579
0.892000 1.448477
0.893000 1.465266
0.894000 1.481938
0.895000 1.498485
0.896000 1.514900
0.897000 1.531175
0.898000 1.547302
0.899000 1.563272
0.900000 1.579078
0.901000 1.594710
0.902000 1.610160
0.903000 1.625419
0.904000 1.640478
0.905000 1.655329
0.906000 1.669961
0.907000 1.684365
0.908000 1.698532
0.909000 1.712451
0.910000 1.726113
0.911000 1.739508
0.912000 1.752626
0.913000 1.765455
0.914000 1.777985
0.915000 1.790205
0.916000 1.802105
0.917000 1.813672
0.918000 1.824897
0.919000 1.835766
0.920000 1.846269
0.921000 1.856393
0.922000 1.866126
0.923000 1.875455
0.924000 1.884369
0.925000 1.892855
0.926000 1.900899
0.927000 1.908488
0.928000 1.915609
0.929000 1.922249
0.930000 1.928394
0.931000 1.934029
0.932000 1.939140
0.933000 1.943713
0.934000 1.947734
0.935000 1.951188
0.936000 1.954059
0.937000 1.956331
0.938000 1.957991
0.939000 1.959021
0.940000 1.959406
0.941000 1.959130
0.942000 1.958176
0.943000 1.956527
0.944000 1.954166
0.945000 1.951077
0.946000 1.947242
0.947000 1.942642
0.948000 1.937261
0.949000 1.931080
0.950000 1.924080
0.951000 1.916242
0.952000 1.907549
0.953000 1.897980
0.954000 1.887516
0.955000 1.876137
0.956000 1.863823
0.957000 1.850554
0.958000 1.836309
0.959000 1.821067
0.960000 1.804807
0.961000 1.787509
0.962000 1.769148
0.963000 1.749705
0.964000 1.729156
0.965000 1.707479
0.966000 1.684651
0.967000 1.660649
0.968000 1.635448
0.969000 1.609026
0.970000 1.581358
0.971000 1.552419
0.972000 1.522186
0.973000 1.490632
0.974000 1.457732
0.975000 1.423460
0.976000 1.387791
0.977000 1.350698
0.978000 1.312154
0.979000 1.272132
0.980000 1.230604
0.981000 1.187543
0.982000 1.142921
0.983000 1.096709
0.984000 1.048878
0.985000 0.999399
0.986000 0.948243
0.987000 0.895379
0.988000 0.840777
0.989000 0.784407
0.990000 0.726238
0.991000 0.666237
0.992000 0.604374
0.993000 0.540615
0.994000 0.474930
0.995000 0.407283
0.996000 0.337643
0.997000 0.265975
0.998000 0.192245
0.999000 0.116419
1.000000 0.038462
