832099092 832099088/n832099936 832099936 832099936 832099936 832099936 832099936 832099936 832099936 832099936 832099936 832099936 832099936 832099936 832099936 832099936 832099936 832099936 832099936 832099936 832099936 832099936 832099936 832099936 832099936 
832099936 832099936 832099936 832099936 832099936 832099936 832099936 832099936 832099936 832099936 832099936 832099936 832099936 832099936 832099936 832099936 832099936 832099936 832099936 832099936 832099936 832099936 832099936 832099936 
832099936 832099936 832099936 832099936 832099936 832099936 832099936 832099936 832099936 832099936 832099936 832099936 832099936 832099936 832099936 832099936 832099936 832099936 832099936 832099936 832099936 832099936 832099936 832099936 
832099936 832099936 832099936 832099936 832099936 832099936 832099936 832099936 832099936 832099936 832099936 832099936 832099936 832099936 832099936 832099936 832099936 832099936 832099936 832099936 832099936 832099936 832099936 832099936 
832099936 832099936 832099936 832099936 832099936 832099936 832099936 832099936 832099936 832099936 832099936 832099936 832099936 832099936 832099936 832099936 832099936 832099936 832099936 832099936 832099936 832099936 832099936 832099936 
832099936 832099936 832099936 832099936 832099936 832099936 832099936 832099936 832099936 832099936 832099936 832099936 832099936 832099936 832099936 832099936 832099936 832099936 832099936 832099936 832099936 832099936 832099936 832099936 
832099936 832099936 832099936 832099936 832099936 832099936 832099936 832099936 832099936 832099936 832099936 832099936 832099936 832099936 832099936 832099936 832099936 832099936 832099936 832099936 832099936 832099936 832099936 832099936 
832099936 832099936 832099936 832099936 832099936 832099936 832099936 832099936 832099936 832099936 832099936 832099936 832099936 832099936 832099936 832099936 832099936 832099936 832099936 832099936 832099936 832099936 832099936 832099936 
832099936 832099936 832099936 832099936 832099936 832099936 832099936 832099936 832099936 832099936 832099936 832099936 832099936 832099936 832099936 832099936 832099936 832099936 832099936 832099936 832099936 832099936 832099936 832099936 
832099936 832099936 832099936 832099936 832099936 832099936 832099936 832099936 832099936 832099936 832099936 832099936 832099936 832099936 832099936 832099936 832099936 832099936 832099936 832099936 832099936 832099936 832099936 832099936 
832099936 832099936 832099936 832099936 832099936 832099936 832099936 832099936 832099936 832099936 832099936 832099936 832099936 832099936 832099936 832099936 832099936 832099936 832099936 832099936 832099936 832099936 832099936 832099936 
832099936 832099936 832099936 832099936 832099936 832099936 832099936 832099936 832099936 832099936 832099936 832099936 832099936 832099936 832099936 832099936 832099936 832099936 832099936 832099936 832099936 832099936 832099936 832099936 
832099936 832099936 832099936 832099936 832099936 832099936 832099936 832099936 832099936 832099936 832099936 832099936 832099936 832099936 832099936 832099936 832099936 832099936 832099936 832099936 832099936 832099936 832099936 832099936 
832099936 832099936 832099936 832099936 832099936 832099936 832099936 832099936 832099936 832099936 832099936 832099936 832099936 832099936 832099936 832099936 832099936 832099936 832099936 832099936 832099936 832099936 832099936 832099936 
832099936 832099936 832099936 832099936 832099936 832099936 832099936 832099936 832099936 832099936 832099936 832099936 832099936 832099936 832099936 832099936 832099936 832099936 832099936 832099936 832099936 832099936 832099936 832099936 
832099936 832099936 832099936 832099936 832099936 832099936 832099936 832099936 832099936 832099936 832099936 832099936 832099936 832099936 832099936 832099936 832099936 832099936 832099936 832099936 832099936 832099936 832099936 832099936 
832099936 832099936 832099936 832099936 832099936 832099936 832099936 832099936 832099936 832099936 832099936 832099936 832099936 832099936 832099936 832099936 832099936 832099936 832099936 832099936 832099936 832099936 832099936 832099936 
832099936 832099936 832099936 832099936 832099936 832099936 832099936 832099936 832099936 832099936 832099936 832099936 832099936 832099936 832099936 832099936 832099936 832099936 832099936 832099936 832099936 832099936 832099936 832099936 
832099936 832099936 832099936 832099936 832099936 832099936 832099936 832099936 832099936 832099936 832099936 832099936 832099936 832099936 832099936 832099936 832099936 832099936 832099936 832099936 832099936 832099936 832099936 832099936 
832099936 832099936 832099936 832099936 832099936 832099936 832099936 832099936 832099936 832099936 832099936 832099936 832099936 832099936 832099936 832099936 832099936 832099936 832099936 832099936 832099936 832099936 832099936 832099936 
832099936 832099936 832099936 832099936 832099936 832099936 832099936 832099936 832099936 832099936 832099936 832099936 832099936 832099936 832099936 832099936 832099936 832099936 832099936 832099936 832099936 832099936 832099936 832099936 
832099936 832099936 832099936 832099936 832099936 832099936 832099936 832099936 832099936 832099936 832099936 832099936 832099936 832099936 832099936 832099936 832099936 832099936 832099936 832099936 832099936 832099936 832099936 832099936 
832099936 832099936 832099936 832099936 832099936 832099936 832099936 832099936 832099936 832099936 832099936 832099936 832099936 832099936 832099936 832099936 832099936 832099936 832099936 832099936 832099936 832099936 832099936 832099936 
832099936 832099936 832099936 832099936 832099936 832099936 832099936 832099936 832099936 832099936 832099936 832099936 832099936 832099936 832099936 832099936 832099936 832099936 832099936 832099936 832099936 832099936 832099936 832099936 
832099936 832099936 832099936 832099936 832099936 832099936 832099936 832099936 832099936 832099936 832099936 832099936 832099936 832099936 832099936 832099936 832099936 832099936 832099936 832099936 832099936 832099936 832099936 832099936 
832099936 832099936 832099936 832099936 832099936 832099936 832099936 832099936 832099936 832099936 832099936 832099936 832099936 832099936 832099936 832099936 832099936 832099936 832099936 832099936 832099936 832099936 832099936 832099936 
