832099092 832099088/n832100048 832100048 832100048 832100048 832100048 832100048 832100048 832100048 832100048 832100048 832100048 832100048 832100048 832100048 832100048 832100048 832100048 832100048 832100048 832100048 
832100048 832100048 832100048 832100048 832100048 832100048 832100048 832100048 832100048 832100048 832100048 832100048 832100048 832100048 832100048 832100048 832100048 832100048 832100048 832100048 
832100048 832100048 832100048 832100048 832100048 832100048 832100048 832100048 832100048 832100048 832100048 832100048 832100048 832100048 832100048 832100048 832100048 832100048 832100048 832100048 
832100048 832100048 832100048 832100048 832100048 832100048 832100048 832100048 832100048 832100048 832100048 832100048 832100048 832100048 832100048 832100048 832100048 832100048 832100048 832100048 
832100048 832100048 832100048 832100048 832100048 832100048 832100048 832100048 832100048 832100048 832100048 832100048 832100048 832100048 832100048 832100048 832100048 832100048 832100048 832100048 
832100048 832100048 832100048 832100048 832100048 832100048 832100048 832100048 832100048 832100048 832100048 832100048 832100048 832100048 832100048 832100048 832100048 832100048 832100048 832100048 
832100048 832100048 832100048 832100048 832100048 832100048 832100048 832100048 832100048 832100048 832100048 832100048 832100048 832100048 832100048 832100048 832100048 832100048 832100048 832100048 
832100048 832100048 832100048 832100048 832100048 832100048 832100048 832100048 832100048 832100048 832100048 832100048 832100048 832100048 832100048 832100048 832100048 832100048 832100048 832100048 
832100048 832100048 832100048 832100048 832100048 832100048 832100048 832100048 832100048 832100048 832100048 832100048 832100048 832100048 832100048 832100048 832100048 832100048 832100048 832100048 
832100048 832100048 832100048 832100048 832100048 832100048 832100048 832100048 832100048 832100048 832100048 832100048 832100048 832100048 832100048 832100048 832100048 832100048 832100048 832100048 
832100048 832100048 832100048 832100048 832100048 832100048 832100048 832100048 832100048 832100048 832100048 832100048 832100048 832100048 832100048 832100048 832100048 832100048 832100048 832100048 
832100048 832100048 832100048 832100048 832100048 832100048 832100048 832100048 832100048 832100048 832100048 832100048 832100048 832100048 832100048 832100048 832100048 832100048 832100048 832100048 
832100048 832100048 832100048 832100048 832100048 832100048 832100048 832100048 832100048 832100048 832100048 832100048 832100048 832100048 832100048 832100048 832100048 832100048 832100048 832100048 
832100048 832100048 832100048 832100048 832100048 832100048 832100048 832100048 832100048 832100048 832100048 832100048 832100048 832100048 832100048 832100048 832100048 832100048 832100048 832100048 
832100048 832100048 832100048 832100048 832100048 832100048 832100048 832100048 832100048 832100048 832100048 832100048 832100048 832100048 832100048 832100048 832100048 832100048 832100048 832100048 
832100048 832100048 832100048 832100048 832100048 832100048 832100048 832100048 832100048 832100048 832100048 832100048 832100048 832100048 832100048 832100048 832100048 832100048 832100048 832100048 
832100048 832100048 832100048 832100048 832100048 832100048 832100048 832100048 832100048 832100048 832100048 832100048 832100048 832100048 832100048 832100048 832100048 832100048 832100048 832100048 
832100048 832100048 832100048 832100048 832100048 832100048 832100048 832100048 832100048 832100048 832100048 832100048 832100048 832100048 832100048 832100048 832100048 832100048 832100048 832100048 
832100048 832100048 832100048 832100048 832100048 832100048 832100048 832100048 832100048 832100048 832100048 832100048 832100048 832100048 832100048 832100048 832100048 832100048 832100048 832100048 
832100048 832100048 832100048 832100048 832100048 832100048 832100048 832100048 832100048 832100048 832100048 832100048 832100048 832100048 832100048 832100048 832100048 832100048 832100048 832100048 
832100048 832100048 832100048 832100048 832100048 832100048 832100048 832100048 832100048 832100048 832100048 832100048 832100048 832100048 832100048 832100048 832100048 832100048 832100048 832100048 
832100048 832100048 832100048 832100048 832100048 832100048 832100048 832100048 832100048 832100048 832100048 832100048 832100048 832100048 832100048 832100048 832100048 832100048 832100048 832100048 
832100048 832100048 832100048 832100048 832100048 832100048 832100048 832100048 832100048 832100048 832100048 832100048 832100048 832100048 832100048 832100048 832100048 832100048 832100048 832100048 
832100048 832100048 832100048 832100048 832100048 832100048 832100048 832100048 832100048 832100048 832100048 832100048 832100048 832100048 832100048 832100048 832100048 832100048 832100048 832100048 
832100048 832100048 832100048 832100048 832100048 832100048 832100048 832100048 832100048 832100048 832100048 832100048 832100048 832100048 832100048 832100048 832100048 832100048 832100048 832100048 
832100048 832100048 832100048 832100048 832100048 832100048 832100048 832100048 832100048 832100048 832100048 832100048 832100048 832100048 832100048 832100048 832100048 832100048 832100048 832100048 
832100048 832100048 832100048 832100048 832100048 832100048 832100048 832100048 832100048 832100048 832100048 832100048 832100048 832100048 832100048 832100048 832100048 832100048 832100048 832100048 
832100048 832100048 832100048 832100048 832100048 832100048 832100048 832100048 832100048 832100048 832100048 832100048 832100048 832100048 832100048 832100048 832100048 832100048 832100048 832100048 
832100048 832100048 832100048 832100048 832100048 832100048 832100048 832100048 832100048 832100048 832100048 832100048 832100048 832100048 832100048 832100048 832100048 832100048 832100048 832100048 
832100048 832100048 832100048 832100048 832100048 832100048 832100048 832100048 832100048 832100048 832100048 832100048 832100048 832100048 832100048 832100048 832100048 832100048 832100048 832100048 
832100048 832100048 832100048 832100048 832100048 832100048 832100048 832100048 832100048 832100048 832100048 832100048 832100048 832100048 832100048 832100048 832100048 832100048 832100048 832100048 
832100048 832100048 832100048 832100048 832100048 832100048 832100048 832100048 832100048 832100048 832100048 832100048 832100048 832100048 832100048 832100048 832100048 832100048 832100048 832100048 
832100048 832100048 832100048 832100048 832100048 832100048 832100048 832100048 832100048 832100048 832100048 832100048 832100048 832100048 832100048 832100048 832100048 832100048 832100048 832100048 
832100048 832100048 832100048 832100048 832100048 832100048 832100048 832100048 832100048 832100048 832100048 832100048 832100048 832100048 832100048 832100048 832100048 832100048 832100048 832100048 
