832099092 832099088/n832099868 832099868 832099868 832099868 832099868 832099868 832099868 832099868 832099868 832099868 832099868 832099868 832099868 832099868 832099868 
832099868 832099868 832099868 832099868 832099868 832099868 832099868 832099868 832099868 832099868 832099868 832099868 832099868 832099868 832099868 
832099868 832099868 832099868 832099868 832099868 832099868 832099868 832099868 832099868 832099868 832099868 832099868 832099868 832099868 832099868 
832099868 832099868 832099868 832099868 832099868 832099868 832099868 832099868 832099868 832099868 832099868 832099868 832099868 832099868 832099868 
832099868 832099868 832099868 832099868 832099868 832099868 832099868 832099868 832099868 832099868 832099868 832099868 832099868 832099868 832099868 
832099868 832099868 832099868 832099868 832099868 832099868 832099868 832099868 832099868 832099868 832099868 832099868 832099868 832099868 832099868 
832099868 832099868 832099868 832099868 832099868 832099868 832099868 832099868 832099868 832099868 832099868 832099868 832099868 832099868 832099868 
832099868 832099868 832099868 832099868 832099868 832099868 832099868 832099868 832099868 832099868 832099868 832099868 832099868 832099868 832099868 
832099868 832099868 832099868 832099868 832099868 832099868 832099868 832099868 832099868 832099868 832099868 832099868 832099868 832099868 832099868 
832099868 832099868 832099868 832099868 832099868 832099868 832099868 832099868 832099868 832099868 832099868 832099868 832099868 832099868 832099868 
832099868 832099868 832099868 832099868 832099868 832099868 832099868 832099868 832099868 832099868 832099868 832099868 832099868 832099868 832099868 
832099868 832099868 832099868 832099868 832099868 832099868 832099868 832099868 832099868 832099868 832099868 832099868 832099868 832099868 832099868 
832099868 832099868 832099868 832099868 832099868 832099868 832099868 832099868 832099868 832099868 832099868 832099868 832099868 832099868 832099868 
832099868 832099868 832099868 832099868 832099868 832099868 832099868 832099868 832099868 832099868 832099868 832099868 832099868 832099868 832099868 
832099868 832099868 832099868 832099868 832099868 832099868 832099868 832099868 832099868 832099868 832099868 832099868 832099868 832099868 832099868 
832099868 832099868 832099868 832099868 832099868 832099868 832099868 832099868 832099868 832099868 832099868 832099868 832099868 832099868 832099868 
832099868 832099868 832099868 832099868 832099868 832099868 832099868 832099868 832099868 832099868 832099868 832099868 832099868 832099868 832099868 
832099868 832099868 832099868 832099868 832099868 832099868 832099868 832099868 832099868 832099868 832099868 832099868 832099868 832099868 832099868 
832099868 832099868 832099868 832099868 832099868 832099868 832099868 832099868 832099868 832099868 832099868 832099868 832099868 832099868 832099868 
832099868 832099868 832099868 832099868 832099868 832099868 832099868 832099868 832099868 832099868 832099868 832099868 832099868 832099868 832099868 
832099868 832099868 832099868 832099868 832099868 832099868 832099868 832099868 832099868 832099868 832099868 832099868 832099868 832099868 832099868 
832099868 832099868 832099868 832099868 832099868 832099868 832099868 832099868 832099868 832099868 832099868 832099868 832099868 832099868 832099868 
832099868 832099868 832099868 832099868 832099868 832099868 832099868 832099868 832099868 832099868 832099868 832099868 832099868 832099868 832099868 
832099868 832099868 832099868 832099868 832099868 832099868 832099868 832099868 832099868 832099868 832099868 832099868 832099868 832099868 832099868 
