832099092 832099088/n832099708 832099708 832099708 832099708 832099708 832099708 832099708 832099708 832099708 832099708 832099708 
832099708 832099708 832099708 832099708 832099708 832099708 832099708 832099708 832099708 832099708 832099708 
832099708 832099708 832099708 832099708 832099708 832099708 832099708 832099708 832099708 832099708 832099708 
832099708 832099708 832099708 832099708 832099708 832099708 832099708 832099708 832099708 832099708 832099708 
832099708 832099708 832099708 832099708 832099708 832099708 832099708 832099708 832099708 832099708 832099708 
832099708 832099708 832099708 832099708 832099708 832099708 832099708 832099708 832099708 832099708 832099708 
832099708 832099708 832099708 832099708 832099708 832099708 832099708 832099708 832099708 832099708 832099708 
832099708 832099708 832099708 832099708 832099708 832099708 832099708 832099708 832099708 832099708 832099708 
832099708 832099708 832099708 832099708 832099708 832099708 832099708 832099708 832099708 832099708 832099708 
832099708 832099708 832099708 832099708 832099708 832099708 832099708 832099708 832099708 832099708 832099708 
832099708 832099708 832099708 832099708 832099708 832099708 832099708 832099708 832099708 832099708 832099708 
832099708 832099708 832099708 832099708 832099708 832099708 832099708 832099708 832099708 832099708 832099708 
832099708 832099708 832099708 832099708 832099708 832099708 832099708 832099708 832099708 832099708 832099708 
832099708 832099708 832099708 832099708 832099708 832099708 832099708 832099708 832099708 832099708 832099708 
832099708 832099708 832099708 832099708 832099708 832099708 832099708 832099708 832099708 832099708 832099708 
