832099092 832099088/n832100508 832100508 832100508 832100508 832100508 832100508 832100508 832100508 832100508 832100508 832100508 832100508 832100508 832100508 832100508 832100508 832100508 832100508 832100508 832100508 832100508 832100508 832100508 832100508 832100508 832100508 832100508 832100508 832100508 832100508 832100508 
832100508 832100508 832100508 832100508 832100508 832100508 832100508 832100508 832100508 832100508 832100508 832100508 832100508 832100508 832100508 832100508 832100508 832100508 832100508 832100508 832100508 832100508 832100508 832100508 832100508 832100508 832100508 832100508 832100508 832100508 832100508 
832100508 832100508 832100508 832100508 832100508 832100508 832100508 832100508 832100508 832100508 832100508 832100508 832100508 832100508 832100508 832100508 832100508 832100508 832100508 832100508 832100508 832100508 832100508 832100508 832100508 832100508 832100508 832100508 832100508 832100508 832100508 
832100508 832100508 832100508 832100508 832100508 832100508 832100508 832100508 832100508 832100508 832100508 832100508 832100508 832100508 832100508 832100508 832100508 832100508 832100508 832100508 832100508 832100508 832100508 832100508 832100508 832100508 832100508 832100508 832100508 832100508 832100508 
832100508 832100508 832100508 832100508 832100508 832100508 832100508 832100508 832100508 832100508 832100508 832100508 832100508 832100508 832100508 832100508 832100508 832100508 832100508 832100508 832100508 832100508 832100508 832100508 832100508 832100508 832100508 832100508 832100508 832100508 832100508 
832100508 832100508 832100508 832100508 832100508 832100508 832100508 832100508 832100508 832100508 832100508 832100508 832100508 832100508 832100508 832100508 832100508 832100508 832100508 832100508 832100508 832100508 832100508 832100508 832100508 832100508 832100508 832100508 832100508 832100508 832100508 
832100508 832100508 832100508 832100508 832100508 832100508 832100508 832100508 832100508 832100508 832100508 832100508 832100508 832100508 832100508 832100508 832100508 832100508 832100508 832100508 832100508 832100508 832100508 832100508 832100508 832100508 832100508 832100508 832100508 832100508 832100508 
832100508 832100508 832100508 832100508 832100508 832100508 832100508 832100508 832100508 832100508 832100508 832100508 832100508 832100508 832100508 832100508 832100508 832100508 832100508 832100508 832100508 832100508 832100508 832100508 832100508 832100508 832100508 832100508 832100508 832100508 832100508 
832100508 832100508 832100508 832100508 832100508 832100508 832100508 832100508 832100508 832100508 832100508 832100508 832100508 832100508 832100508 832100508 832100508 832100508 832100508 832100508 832100508 832100508 832100508 832100508 832100508 832100508 832100508 832100508 832100508 832100508 832100508 
832100508 832100508 832100508 832100508 832100508 832100508 832100508 832100508 832100508 832100508 832100508 832100508 832100508 832100508 832100508 832100508 832100508 832100508 832100508 832100508 832100508 832100508 832100508 832100508 832100508 832100508 832100508 832100508 832100508 832100508 832100508 
832100508 832100508 832100508 832100508 832100508 832100508 832100508 832100508 832100508 832100508 832100508 832100508 832100508 832100508 832100508 832100508 832100508 832100508 832100508 832100508 832100508 832100508 832100508 832100508 832100508 832100508 832100508 832100508 832100508 832100508 832100508 
832100508 832100508 832100508 832100508 832100508 832100508 832100508 832100508 832100508 832100508 832100508 832100508 832100508 832100508 832100508 832100508 832100508 832100508 832100508 832100508 832100508 832100508 832100508 832100508 832100508 832100508 832100508 832100508 832100508 832100508 832100508 
832100508 832100508 832100508 832100508 832100508 832100508 832100508 832100508 832100508 832100508 832100508 832100508 832100508 832100508 832100508 832100508 832100508 832100508 832100508 832100508 832100508 832100508 832100508 832100508 832100508 832100508 832100508 832100508 832100508 832100508 832100508 
832100508 832100508 832100508 832100508 832100508 832100508 832100508 832100508 832100508 832100508 832100508 832100508 832100508 832100508 832100508 832100508 832100508 832100508 832100508 832100508 832100508 832100508 832100508 832100508 832100508 832100508 832100508 832100508 832100508 832100508 832100508 
832100508 832100508 832100508 832100508 832100508 832100508 832100508 832100508 832100508 832100508 832100508 832100508 832100508 832100508 832100508 832100508 832100508 832100508 832100508 832100508 832100508 832100508 832100508 832100508 832100508 832100508 832100508 832100508 832100508 832100508 832100508 
832100508 832100508 832100508 832100508 832100508 832100508 832100508 832100508 832100508 832100508 832100508 832100508 832100508 832100508 832100508 832100508 832100508 832100508 832100508 832100508 832100508 832100508 832100508 832100508 832100508 832100508 832100508 832100508 832100508 832100508 832100508 
832100508 832100508 832100508 832100508 832100508 832100508 832100508 832100508 832100508 832100508 832100508 832100508 832100508 832100508 832100508 832100508 832100508 832100508 832100508 832100508 832100508 832100508 832100508 832100508 832100508 832100508 832100508 832100508 832100508 832100508 832100508 
832100508 832100508 832100508 832100508 832100508 832100508 832100508 832100508 832100508 832100508 832100508 832100508 832100508 832100508 832100508 832100508 832100508 832100508 832100508 832100508 832100508 832100508 832100508 832100508 832100508 832100508 832100508 832100508 832100508 832100508 832100508 
832100508 832100508 832100508 832100508 832100508 832100508 832100508 832100508 832100508 832100508 832100508 832100508 832100508 832100508 832100508 832100508 832100508 832100508 832100508 832100508 832100508 832100508 832100508 832100508 832100508 832100508 832100508 832100508 832100508 832100508 832100508 
832100508 832100508 832100508 832100508 832100508 832100508 832100508 832100508 832100508 832100508 832100508 832100508 832100508 832100508 832100508 832100508 832100508 832100508 832100508 832100508 832100508 832100508 832100508 832100508 832100508 832100508 832100508 832100508 832100508 832100508 832100508 
832100508 832100508 832100508 832100508 832100508 832100508 832100508 832100508 832100508 832100508 832100508 832100508 832100508 832100508 832100508 832100508 832100508 832100508 832100508 832100508 832100508 832100508 832100508 832100508 832100508 832100508 832100508 832100508 832100508 832100508 832100508 
832100508 832100508 832100508 832100508 832100508 832100508 832100508 832100508 832100508 832100508 832100508 832100508 832100508 832100508 832100508 832100508 832100508 832100508 832100508 832100508 832100508 832100508 832100508 832100508 832100508 832100508 832100508 832100508 832100508 832100508 832100508 
832100508 832100508 832100508 832100508 832100508 832100508 832100508 832100508 832100508 832100508 832100508 832100508 832100508 832100508 832100508 832100508 832100508 832100508 832100508 832100508 832100508 832100508 832100508 832100508 832100508 832100508 832100508 832100508 832100508 832100508 832100508 
832100508 832100508 832100508 832100508 832100508 832100508 832100508 832100508 832100508 832100508 832100508 832100508 832100508 832100508 832100508 832100508 832100508 832100508 832100508 832100508 832100508 832100508 832100508 832100508 832100508 832100508 832100508 832100508 832100508 832100508 832100508 
832100508 832100508 832100508 832100508 832100508 832100508 832100508 832100508 832100508 832100508 832100508 832100508 832100508 832100508 832100508 832100508 832100508 832100508 832100508 832100508 832100508 832100508 832100508 832100508 832100508 832100508 832100508 832100508 832100508 832100508 832100508 
832100508 832100508 832100508 832100508 832100508 832100508 832100508 832100508 832100508 832100508 832100508 832100508 832100508 832100508 832100508 832100508 832100508 832100508 832100508 832100508 832100508 832100508 832100508 832100508 832100508 832100508 832100508 832100508 832100508 832100508 832100508 
832100508 832100508 832100508 832100508 832100508 832100508 832100508 832100508 832100508 832100508 832100508 832100508 832100508 832100508 832100508 832100508 832100508 832100508 832100508 832100508 832100508 832100508 832100508 832100508 832100508 832100508 832100508 832100508 832100508 832100508 832100508 
832100508 832100508 832100508 832100508 832100508 832100508 832100508 832100508 832100508 832100508 832100508 832100508 832100508 832100508 832100508 832100508 832100508 832100508 832100508 832100508 832100508 832100508 832100508 832100508 832100508 832100508 832100508 832100508 832100508 832100508 832100508 
832100508 832100508 832100508 832100508 832100508 832100508 832100508 832100508 832100508 832100508 832100508 832100508 832100508 832100508 832100508 832100508 832100508 832100508 832100508 832100508 832100508 832100508 832100508 832100508 832100508 832100508 832100508 832100508 832100508 832100508 832100508 
832100508 832100508 832100508 832100508 832100508 832100508 832100508 832100508 832100508 832100508 832100508 832100508 832100508 832100508 832100508 832100508 832100508 832100508 832100508 832100508 832100508 832100508 832100508 832100508 832100508 832100508 832100508 832100508 832100508 832100508 832100508 
832100508 832100508 832100508 832100508 832100508 832100508 832100508 832100508 832100508 832100508 832100508 832100508 832100508 832100508 832100508 832100508 832100508 832100508 832100508 832100508 832100508 832100508 832100508 832100508 832100508 832100508 832100508 832100508 832100508 832100508 832100508 
832100508 832100508 832100508 832100508 832100508 832100508 832100508 832100508 832100508 832100508 832100508 832100508 832100508 832100508 832100508 832100508 832100508 832100508 832100508 832100508 832100508 832100508 832100508 832100508 832100508 832100508 832100508 832100508 832100508 832100508 832100508 
832100508 832100508 832100508 832100508 832100508 832100508 832100508 832100508 832100508 832100508 832100508 832100508 832100508 832100508 832100508 832100508 832100508 832100508 832100508 832100508 832100508 832100508 832100508 832100508 832100508 832100508 832100508 832100508 832100508 832100508 832100508 
832100508 832100508 832100508 832100508 832100508 832100508 832100508 832100508 832100508 832100508 832100508 832100508 832100508 832100508 832100508 832100508 832100508 832100508 832100508 832100508 832100508 832100508 832100508 832100508 832100508 832100508 832100508 832100508 832100508 832100508 832100508 
832100508 832100508 832100508 832100508 832100508 832100508 832100508 832100508 832100508 832100508 832100508 832100508 832100508 832100508 832100508 832100508 832100508 832100508 832100508 832100508 832100508 832100508 832100508 832100508 832100508 832100508 832100508 832100508 832100508 832100508 832100508 
832100508 832100508 832100508 832100508 832100508 832100508 832100508 832100508 832100508 832100508 832100508 832100508 832100508 832100508 832100508 832100508 832100508 832100508 832100508 832100508 832100508 832100508 832100508 832100508 832100508 832100508 832100508 832100508 832100508 832100508 832100508 
832100508 832100508 832100508 832100508 832100508 832100508 832100508 832100508 832100508 832100508 832100508 832100508 832100508 832100508 832100508 832100508 832100508 832100508 832100508 832100508 832100508 832100508 832100508 832100508 832100508 832100508 832100508 832100508 832100508 832100508 832100508 
832100508 832100508 832100508 832100508 832100508 832100508 832100508 832100508 832100508 832100508 832100508 832100508 832100508 832100508 832100508 832100508 832100508 832100508 832100508 832100508 832100508 832100508 832100508 832100508 832100508 832100508 832100508 832100508 832100508 832100508 832100508 
832100508 832100508 832100508 832100508 832100508 832100508 832100508 832100508 832100508 832100508 832100508 832100508 832100508 832100508 832100508 832100508 832100508 832100508 832100508 832100508 832100508 832100508 832100508 832100508 832100508 832100508 832100508 832100508 832100508 832100508 832100508 
832100508 832100508 832100508 832100508 832100508 832100508 832100508 832100508 832100508 832100508 832100508 832100508 832100508 832100508 832100508 832100508 832100508 832100508 832100508 832100508 832100508 832100508 832100508 832100508 832100508 832100508 832100508 832100508 832100508 832100508 832100508 
832100508 832100508 832100508 832100508 832100508 832100508 832100508 832100508 832100508 832100508 832100508 832100508 832100508 832100508 832100508 832100508 832100508 832100508 832100508 832100508 832100508 832100508 832100508 832100508 832100508 832100508 832100508 832100508 832100508 832100508 832100508 
832100508 832100508 832100508 832100508 832100508 832100508 832100508 832100508 832100508 832100508 832100508 832100508 832100508 832100508 832100508 832100508 832100508 832100508 832100508 832100508 832100508 832100508 832100508 832100508 832100508 832100508 832100508 832100508 832100508 832100508 832100508 
832100508 832100508 832100508 832100508 832100508 832100508 832100508 832100508 832100508 832100508 832100508 832100508 832100508 832100508 832100508 832100508 832100508 832100508 832100508 832100508 832100508 832100508 832100508 832100508 832100508 832100508 832100508 832100508 832100508 832100508 832100508 
832100508 832100508 832100508 832100508 832100508 832100508 832100508 832100508 832100508 832100508 832100508 832100508 832100508 832100508 832100508 832100508 832100508 832100508 832100508 832100508 832100508 832100508 832100508 832100508 832100508 832100508 832100508 832100508 832100508 832100508 832100508 
832100508 832100508 832100508 832100508 832100508 832100508 832100508 832100508 832100508 832100508 832100508 832100508 832100508 832100508 832100508 832100508 832100508 832100508 832100508 832100508 832100508 832100508 832100508 832100508 832100508 832100508 832100508 832100508 832100508 832100508 832100508 
832100508 832100508 832100508 832100508 832100508 832100508 832100508 832100508 832100508 832100508 832100508 832100508 832100508 832100508 832100508 832100508 832100508 832100508 832100508 832100508 832100508 832100508 832100508 832100508 832100508 832100508 832100508 832100508 832100508 832100508 832100508 
832100508 832100508 832100508 832100508 832100508 832100508 832100508 832100508 832100508 832100508 832100508 832100508 832100508 832100508 832100508 832100508 832100508 832100508 832100508 832100508 832100508 832100508 832100508 832100508 832100508 832100508 832100508 832100508 832100508 832100508 832100508 
832100508 832100508 832100508 832100508 832100508 832100508 832100508 832100508 832100508 832100508 832100508 832100508 832100508 832100508 832100508 832100508 832100508 832100508 832100508 832100508 832100508 832100508 832100508 832100508 832100508 832100508 832100508 832100508 832100508 832100508 832100508 
832100508 832100508 832100508 832100508 832100508 832100508 832100508 832100508 832100508 832100508 832100508 832100508 832100508 832100508 832100508 832100508 832100508 832100508 832100508 832100508 832100508 832100508 832100508 832100508 832100508 832100508 832100508 832100508 832100508 832100508 832100508 
832100508 832100508 832100508 832100508 832100508 832100508 832100508 832100508 832100508 832100508 832100508 832100508 832100508 832100508 832100508 832100508 832100508 832100508 832100508 832100508 832100508 832100508 832100508 832100508 832100508 832100508 832100508 832100508 832100508 832100508 832100508 
832100508 832100508 832100508 832100508 832100508 832100508 832100508 832100508 832100508 832100508 832100508 832100508 832100508 832100508 832100508 832100508 832100508 832100508 832100508 832100508 832100508 832100508 832100508 832100508 832100508 832100508 832100508 832100508 832100508 832100508 832100508 
832100508 832100508 832100508 832100508 832100508 832100508 832100508 832100508 832100508 832100508 832100508 832100508 832100508 832100508 832100508 832100508 832100508 832100508 832100508 832100508 832100508 832100508 832100508 832100508 832100508 832100508 832100508 832100508 832100508 832100508 832100508 
832100508 832100508 832100508 832100508 832100508 832100508 832100508 832100508 832100508 832100508 832100508 832100508 832100508 832100508 832100508 832100508 832100508 832100508 832100508 832100508 832100508 832100508 832100508 832100508 832100508 832100508 832100508 832100508 832100508 832100508 832100508 
832100508 832100508 832100508 832100508 832100508 832100508 832100508 832100508 832100508 832100508 832100508 832100508 832100508 832100508 832100508 832100508 832100508 832100508 832100508 832100508 832100508 832100508 832100508 832100508 832100508 832100508 832100508 832100508 832100508 832100508 832100508 
832100508 832100508 832100508 832100508 832100508 832100508 832100508 832100508 832100508 832100508 832100508 832100508 832100508 832100508 832100508 832100508 832100508 832100508 832100508 832100508 832100508 832100508 832100508 832100508 832100508 832100508 832100508 832100508 832100508 832100508 832100508 
832100508 832100508 832100508 832100508 832100508 832100508 832100508 832100508 832100508 832100508 832100508 832100508 832100508 832100508 832100508 832100508 832100508 832100508 832100508 832100508 832100508 832100508 832100508 832100508 832100508 832100508 832100508 832100508 832100508 832100508 832100508 
832100508 832100508 832100508 832100508 832100508 832100508 832100508 832100508 832100508 832100508 832100508 832100508 832100508 832100508 832100508 832100508 832100508 832100508 832100508 832100508 832100508 832100508 832100508 832100508 832100508 832100508 832100508 832100508 832100508 832100508 832100508 
832100508 832100508 832100508 832100508 832100508 832100508 832100508 832100508 832100508 832100508 832100508 832100508 832100508 832100508 832100508 832100508 832100508 832100508 832100508 832100508 832100508 832100508 832100508 832100508 832100508 832100508 832100508 832100508 832100508 832100508 832100508 
832100508 832100508 832100508 832100508 832100508 832100508 832100508 832100508 832100508 832100508 832100508 832100508 832100508 832100508 832100508 832100508 832100508 832100508 832100508 832100508 832100508 832100508 832100508 832100508 832100508 832100508 832100508 832100508 832100508 832100508 832100508 
832100508 832100508 832100508 832100508 832100508 832100508 832100508 832100508 832100508 832100508 832100508 832100508 832100508 832100508 832100508 832100508 832100508 832100508 832100508 832100508 832100508 832100508 832100508 832100508 832100508 832100508 832100508 832100508 832100508 832100508 832100508 
