832099092 832099088/n832100344 832100344 832100344 832100344 832100344 832100344 832100344 832100344 832100344 832100344 832100344 832100344 832100344 832100344 832100344 832100344 832100344 832100344 832100344 832100344 832100344 832100344 832100344 832100344 832100344 832100344 832100344 832100344 832100344 832100344 832100344 832100344 832100344 832100344 832100344 832100344 832100344 832100344 
832100344 832100344 832100344 832100344 832100344 832100344 832100344 832100344 832100344 832100344 832100344 832100344 832100344 832100344 832100344 832100344 832100344 832100344 832100344 832100344 832100344 832100344 832100344 832100344 832100344 832100344 832100344 832100344 832100344 832100344 832100344 832100344 832100344 832100344 832100344 832100344 832100344 832100344 
832100344 832100344 832100344 832100344 832100344 832100344 832100344 832100344 832100344 832100344 832100344 832100344 832100344 832100344 832100344 832100344 832100344 832100344 832100344 832100344 832100344 832100344 832100344 832100344 832100344 832100344 832100344 832100344 832100344 832100344 832100344 832100344 832100344 832100344 832100344 832100344 832100344 832100344 
832100344 832100344 832100344 832100344 832100344 832100344 832100344 832100344 832100344 832100344 832100344 832100344 832100344 832100344 832100344 832100344 832100344 832100344 832100344 832100344 832100344 832100344 832100344 832100344 832100344 832100344 832100344 832100344 832100344 832100344 832100344 832100344 832100344 832100344 832100344 832100344 832100344 832100344 
832100344 832100344 832100344 832100344 832100344 832100344 832100344 832100344 832100344 832100344 832100344 832100344 832100344 832100344 832100344 832100344 832100344 832100344 832100344 832100344 832100344 832100344 832100344 832100344 832100344 832100344 832100344 832100344 832100344 832100344 832100344 832100344 832100344 832100344 832100344 832100344 832100344 832100344 
832100344 832100344 832100344 832100344 832100344 832100344 832100344 832100344 832100344 832100344 832100344 832100344 832100344 832100344 832100344 832100344 832100344 832100344 832100344 832100344 832100344 832100344 832100344 832100344 832100344 832100344 832100344 832100344 832100344 832100344 832100344 832100344 832100344 832100344 832100344 832100344 832100344 832100344 
832100344 832100344 832100344 832100344 832100344 832100344 832100344 832100344 832100344 832100344 832100344 832100344 832100344 832100344 832100344 832100344 832100344 832100344 832100344 832100344 832100344 832100344 832100344 832100344 832100344 832100344 832100344 832100344 832100344 832100344 832100344 832100344 832100344 832100344 832100344 832100344 832100344 832100344 
832100344 832100344 832100344 832100344 832100344 832100344 832100344 832100344 832100344 832100344 832100344 832100344 832100344 832100344 832100344 832100344 832100344 832100344 832100344 832100344 832100344 832100344 832100344 832100344 832100344 832100344 832100344 832100344 832100344 832100344 832100344 832100344 832100344 832100344 832100344 832100344 832100344 832100344 
832100344 832100344 832100344 832100344 832100344 832100344 832100344 832100344 832100344 832100344 832100344 832100344 832100344 832100344 832100344 832100344 832100344 832100344 832100344 832100344 832100344 832100344 832100344 832100344 832100344 832100344 832100344 832100344 832100344 832100344 832100344 832100344 832100344 832100344 832100344 832100344 832100344 832100344 
832100344 832100344 832100344 832100344 832100344 832100344 832100344 832100344 832100344 832100344 832100344 832100344 832100344 832100344 832100344 832100344 832100344 832100344 832100344 832100344 832100344 832100344 832100344 832100344 832100344 832100344 832100344 832100344 832100344 832100344 832100344 832100344 832100344 832100344 832100344 832100344 832100344 832100344 
832100344 832100344 832100344 832100344 832100344 832100344 832100344 832100344 832100344 832100344 832100344 832100344 832100344 832100344 832100344 832100344 832100344 832100344 832100344 832100344 832100344 832100344 832100344 832100344 832100344 832100344 832100344 832100344 832100344 832100344 832100344 832100344 832100344 832100344 832100344 832100344 832100344 832100344 
832100344 832100344 832100344 832100344 832100344 832100344 832100344 832100344 832100344 832100344 832100344 832100344 832100344 832100344 832100344 832100344 832100344 832100344 832100344 832100344 832100344 832100344 832100344 832100344 832100344 832100344 832100344 832100344 832100344 832100344 832100344 832100344 832100344 832100344 832100344 832100344 832100344 832100344 
832100344 832100344 832100344 832100344 832100344 832100344 832100344 832100344 832100344 832100344 832100344 832100344 832100344 832100344 832100344 832100344 832100344 832100344 832100344 832100344 832100344 832100344 832100344 832100344 832100344 832100344 832100344 832100344 832100344 832100344 832100344 832100344 832100344 832100344 832100344 832100344 832100344 832100344 
832100344 832100344 832100344 832100344 832100344 832100344 832100344 832100344 832100344 832100344 832100344 832100344 832100344 832100344 832100344 832100344 832100344 832100344 832100344 832100344 832100344 832100344 832100344 832100344 832100344 832100344 832100344 832100344 832100344 832100344 832100344 832100344 832100344 832100344 832100344 832100344 832100344 832100344 
832100344 832100344 832100344 832100344 832100344 832100344 832100344 832100344 832100344 832100344 832100344 832100344 832100344 832100344 832100344 832100344 832100344 832100344 832100344 832100344 832100344 832100344 832100344 832100344 832100344 832100344 832100344 832100344 832100344 832100344 832100344 832100344 832100344 832100344 832100344 832100344 832100344 832100344 
832100344 832100344 832100344 832100344 832100344 832100344 832100344 832100344 832100344 832100344 832100344 832100344 832100344 832100344 832100344 832100344 832100344 832100344 832100344 832100344 832100344 832100344 832100344 832100344 832100344 832100344 832100344 832100344 832100344 832100344 832100344 832100344 832100344 832100344 832100344 832100344 832100344 832100344 
832100344 832100344 832100344 832100344 832100344 832100344 832100344 832100344 832100344 832100344 832100344 832100344 832100344 832100344 832100344 832100344 832100344 832100344 832100344 832100344 832100344 832100344 832100344 832100344 832100344 832100344 832100344 832100344 832100344 832100344 832100344 832100344 832100344 832100344 832100344 832100344 832100344 832100344 
832100344 832100344 832100344 832100344 832100344 832100344 832100344 832100344 832100344 832100344 832100344 832100344 832100344 832100344 832100344 832100344 832100344 832100344 832100344 832100344 832100344 832100344 832100344 832100344 832100344 832100344 832100344 832100344 832100344 832100344 832100344 832100344 832100344 832100344 832100344 832100344 832100344 832100344 
832100344 832100344 832100344 832100344 832100344 832100344 832100344 832100344 832100344 832100344 832100344 832100344 832100344 832100344 832100344 832100344 832100344 832100344 832100344 832100344 832100344 832100344 832100344 832100344 832100344 832100344 832100344 832100344 832100344 832100344 832100344 832100344 832100344 832100344 832100344 832100344 832100344 832100344 
832100344 832100344 832100344 832100344 832100344 832100344 832100344 832100344 832100344 832100344 832100344 832100344 832100344 832100344 832100344 832100344 832100344 832100344 832100344 832100344 832100344 832100344 832100344 832100344 832100344 832100344 832100344 832100344 832100344 832100344 832100344 832100344 832100344 832100344 832100344 832100344 832100344 832100344 
832100344 832100344 832100344 832100344 832100344 832100344 832100344 832100344 832100344 832100344 832100344 832100344 832100344 832100344 832100344 832100344 832100344 832100344 832100344 832100344 832100344 832100344 832100344 832100344 832100344 832100344 832100344 832100344 832100344 832100344 832100344 832100344 832100344 832100344 832100344 832100344 832100344 832100344 
832100344 832100344 832100344 832100344 832100344 832100344 832100344 832100344 832100344 832100344 832100344 832100344 832100344 832100344 832100344 832100344 832100344 832100344 832100344 832100344 832100344 832100344 832100344 832100344 832100344 832100344 832100344 832100344 832100344 832100344 832100344 832100344 832100344 832100344 832100344 832100344 832100344 832100344 
832100344 832100344 832100344 832100344 832100344 832100344 832100344 832100344 832100344 832100344 832100344 832100344 832100344 832100344 832100344 832100344 832100344 832100344 832100344 832100344 832100344 832100344 832100344 832100344 832100344 832100344 832100344 832100344 832100344 832100344 832100344 832100344 832100344 832100344 832100344 832100344 832100344 832100344 
832100344 832100344 832100344 832100344 832100344 832100344 832100344 832100344 832100344 832100344 832100344 832100344 832100344 832100344 832100344 832100344 832100344 832100344 832100344 832100344 832100344 832100344 832100344 832100344 832100344 832100344 832100344 832100344 832100344 832100344 832100344 832100344 832100344 832100344 832100344 832100344 832100344 832100344 
832100344 832100344 832100344 832100344 832100344 832100344 832100344 832100344 832100344 832100344 832100344 832100344 832100344 832100344 832100344 832100344 832100344 832100344 832100344 832100344 832100344 832100344 832100344 832100344 832100344 832100344 832100344 832100344 832100344 832100344 832100344 832100344 832100344 832100344 832100344 832100344 832100344 832100344 
832100344 832100344 832100344 832100344 832100344 832100344 832100344 832100344 832100344 832100344 832100344 832100344 832100344 832100344 832100344 832100344 832100344 832100344 832100344 832100344 832100344 832100344 832100344 832100344 832100344 832100344 832100344 832100344 832100344 832100344 832100344 832100344 832100344 832100344 832100344 832100344 832100344 832100344 
832100344 832100344 832100344 832100344 832100344 832100344 832100344 832100344 832100344 832100344 832100344 832100344 832100344 832100344 832100344 832100344 832100344 832100344 832100344 832100344 832100344 832100344 832100344 832100344 832100344 832100344 832100344 832100344 832100344 832100344 832100344 832100344 832100344 832100344 832100344 832100344 832100344 832100344 
832100344 832100344 832100344 832100344 832100344 832100344 832100344 832100344 832100344 832100344 832100344 832100344 832100344 832100344 832100344 832100344 832100344 832100344 832100344 832100344 832100344 832100344 832100344 832100344 832100344 832100344 832100344 832100344 832100344 832100344 832100344 832100344 832100344 832100344 832100344 832100344 832100344 832100344 
832100344 832100344 832100344 832100344 832100344 832100344 832100344 832100344 832100344 832100344 832100344 832100344 832100344 832100344 832100344 832100344 832100344 832100344 832100344 832100344 832100344 832100344 832100344 832100344 832100344 832100344 832100344 832100344 832100344 832100344 832100344 832100344 832100344 832100344 832100344 832100344 832100344 832100344 
832100344 832100344 832100344 832100344 832100344 832100344 832100344 832100344 832100344 832100344 832100344 832100344 832100344 832100344 832100344 832100344 832100344 832100344 832100344 832100344 832100344 832100344 832100344 832100344 832100344 832100344 832100344 832100344 832100344 832100344 832100344 832100344 832100344 832100344 832100344 832100344 832100344 832100344 
832100344 832100344 832100344 832100344 832100344 832100344 832100344 832100344 832100344 832100344 832100344 832100344 832100344 832100344 832100344 832100344 832100344 832100344 832100344 832100344 832100344 832100344 832100344 832100344 832100344 832100344 832100344 832100344 832100344 832100344 832100344 832100344 832100344 832100344 832100344 832100344 832100344 832100344 
832100344 832100344 832100344 832100344 832100344 832100344 832100344 832100344 832100344 832100344 832100344 832100344 832100344 832100344 832100344 832100344 832100344 832100344 832100344 832100344 832100344 832100344 832100344 832100344 832100344 832100344 832100344 832100344 832100344 832100344 832100344 832100344 832100344 832100344 832100344 832100344 832100344 832100344 
832100344 832100344 832100344 832100344 832100344 832100344 832100344 832100344 832100344 832100344 832100344 832100344 832100344 832100344 832100344 832100344 832100344 832100344 832100344 832100344 832100344 832100344 832100344 832100344 832100344 832100344 832100344 832100344 832100344 832100344 832100344 832100344 832100344 832100344 832100344 832100344 832100344 832100344 
832100344 832100344 832100344 832100344 832100344 832100344 832100344 832100344 832100344 832100344 832100344 832100344 832100344 832100344 832100344 832100344 832100344 832100344 832100344 832100344 832100344 832100344 832100344 832100344 832100344 832100344 832100344 832100344 832100344 832100344 832100344 832100344 832100344 832100344 832100344 832100344 832100344 832100344 
832100344 832100344 832100344 832100344 832100344 832100344 832100344 832100344 832100344 832100344 832100344 832100344 832100344 832100344 832100344 832100344 832100344 832100344 832100344 832100344 832100344 832100344 832100344 832100344 832100344 832100344 832100344 832100344 832100344 832100344 832100344 832100344 832100344 832100344 832100344 832100344 832100344 832100344 
832100344 832100344 832100344 832100344 832100344 832100344 832100344 832100344 832100344 832100344 832100344 832100344 832100344 832100344 832100344 832100344 832100344 832100344 832100344 832100344 832100344 832100344 832100344 832100344 832100344 832100344 832100344 832100344 832100344 832100344 832100344 832100344 832100344 832100344 832100344 832100344 832100344 832100344 
832100344 832100344 832100344 832100344 832100344 832100344 832100344 832100344 832100344 832100344 832100344 832100344 832100344 832100344 832100344 832100344 832100344 832100344 832100344 832100344 832100344 832100344 832100344 832100344 832100344 832100344 832100344 832100344 832100344 832100344 832100344 832100344 832100344 832100344 832100344 832100344 832100344 832100344 
832100344 832100344 832100344 832100344 832100344 832100344 832100344 832100344 832100344 832100344 832100344 832100344 832100344 832100344 832100344 832100344 832100344 832100344 832100344 832100344 832100344 832100344 832100344 832100344 832100344 832100344 832100344 832100344 832100344 832100344 832100344 832100344 832100344 832100344 832100344 832100344 832100344 832100344 
832100344 832100344 832100344 832100344 832100344 832100344 832100344 832100344 832100344 832100344 832100344 832100344 832100344 832100344 832100344 832100344 832100344 832100344 832100344 832100344 832100344 832100344 832100344 832100344 832100344 832100344 832100344 832100344 832100344 832100344 832100344 832100344 832100344 832100344 832100344 832100344 832100344 832100344 
832100344 832100344 832100344 832100344 832100344 832100344 832100344 832100344 832100344 832100344 832100344 832100344 832100344 832100344 832100344 832100344 832100344 832100344 832100344 832100344 832100344 832100344 832100344 832100344 832100344 832100344 832100344 832100344 832100344 832100344 832100344 832100344 832100344 832100344 832100344 832100344 832100344 832100344 
832100344 832100344 832100344 832100344 832100344 832100344 832100344 832100344 832100344 832100344 832100344 832100344 832100344 832100344 832100344 832100344 832100344 832100344 832100344 832100344 832100344 832100344 832100344 832100344 832100344 832100344 832100344 832100344 832100344 832100344 832100344 832100344 832100344 832100344 832100344 832100344 832100344 832100344 
832100344 832100344 832100344 832100344 832100344 832100344 832100344 832100344 832100344 832100344 832100344 832100344 832100344 832100344 832100344 832100344 832100344 832100344 832100344 832100344 832100344 832100344 832100344 832100344 832100344 832100344 832100344 832100344 832100344 832100344 832100344 832100344 832100344 832100344 832100344 832100344 832100344 832100344 
832100344 832100344 832100344 832100344 832100344 832100344 832100344 832100344 832100344 832100344 832100344 832100344 832100344 832100344 832100344 832100344 832100344 832100344 832100344 832100344 832100344 832100344 832100344 832100344 832100344 832100344 832100344 832100344 832100344 832100344 832100344 832100344 832100344 832100344 832100344 832100344 832100344 832100344 
832100344 832100344 832100344 832100344 832100344 832100344 832100344 832100344 832100344 832100344 832100344 832100344 832100344 832100344 832100344 832100344 832100344 832100344 832100344 832100344 832100344 832100344 832100344 832100344 832100344 832100344 832100344 832100344 832100344 832100344 832100344 832100344 832100344 832100344 832100344 832100344 832100344 832100344 
832100344 832100344 832100344 832100344 832100344 832100344 832100344 832100344 832100344 832100344 832100344 832100344 832100344 832100344 832100344 832100344 832100344 832100344 832100344 832100344 832100344 832100344 832100344 832100344 832100344 832100344 832100344 832100344 832100344 832100344 832100344 832100344 832100344 832100344 832100344 832100344 832100344 832100344 
832100344 832100344 832100344 832100344 832100344 832100344 832100344 832100344 832100344 832100344 832100344 832100344 832100344 832100344 832100344 832100344 832100344 832100344 832100344 832100344 832100344 832100344 832100344 832100344 832100344 832100344 832100344 832100344 832100344 832100344 832100344 832100344 832100344 832100344 832100344 832100344 832100344 832100344 
832100344 832100344 832100344 832100344 832100344 832100344 832100344 832100344 832100344 832100344 832100344 832100344 832100344 832100344 832100344 832100344 832100344 832100344 832100344 832100344 832100344 832100344 832100344 832100344 832100344 832100344 832100344 832100344 832100344 832100344 832100344 832100344 832100344 832100344 832100344 832100344 832100344 832100344 
832100344 832100344 832100344 832100344 832100344 832100344 832100344 832100344 832100344 832100344 832100344 832100344 832100344 832100344 832100344 832100344 832100344 832100344 832100344 832100344 832100344 832100344 832100344 832100344 832100344 832100344 832100344 832100344 832100344 832100344 832100344 832100344 832100344 832100344 832100344 832100344 832100344 832100344 
