832099092 832099088/n832099940 832099940 832099940 832099940 832099940 832099940 832099940 832099940 832099940 832099940 832099940 832099940 832099940 832099940 832099940 832099940 832099940 832099940 832099940 832099940 832099940 
832099940 832099940 832099940 832099940 832099940 832099940 832099940 832099940 832099940 832099940 832099940 832099940 832099940 832099940 832099940 832099940 832099940 832099940 832099940 832099940 832099940 
832099940 832099940 832099940 832099940 832099940 832099940 832099940 832099940 832099940 832099940 832099940 832099940 832099940 832099940 832099940 832099940 832099940 832099940 832099940 832099940 832099940 
832099940 832099940 832099940 832099940 832099940 832099940 832099940 832099940 832099940 832099940 832099940 832099940 832099940 832099940 832099940 832099940 832099940 832099940 832099940 832099940 832099940 
832099940 832099940 832099940 832099940 832099940 832099940 832099940 832099940 832099940 832099940 832099940 832099940 832099940 832099940 832099940 832099940 832099940 832099940 832099940 832099940 832099940 
832099940 832099940 832099940 832099940 832099940 832099940 832099940 832099940 832099940 832099940 832099940 832099940 832099940 832099940 832099940 832099940 832099940 832099940 832099940 832099940 832099940 
832099940 832099940 832099940 832099940 832099940 832099940 832099940 832099940 832099940 832099940 832099940 832099940 832099940 832099940 832099940 832099940 832099940 832099940 832099940 832099940 832099940 
832099940 832099940 832099940 832099940 832099940 832099940 832099940 832099940 832099940 832099940 832099940 832099940 832099940 832099940 832099940 832099940 832099940 832099940 832099940 832099940 832099940 
832099940 832099940 832099940 832099940 832099940 832099940 832099940 832099940 832099940 832099940 832099940 832099940 832099940 832099940 832099940 832099940 832099940 832099940 832099940 832099940 832099940 
832099940 832099940 832099940 832099940 832099940 832099940 832099940 832099940 832099940 832099940 832099940 832099940 832099940 832099940 832099940 832099940 832099940 832099940 832099940 832099940 832099940 
832099940 832099940 832099940 832099940 832099940 832099940 832099940 832099940 832099940 832099940 832099940 832099940 832099940 832099940 832099940 832099940 832099940 832099940 832099940 832099940 832099940 
832099940 832099940 832099940 832099940 832099940 832099940 832099940 832099940 832099940 832099940 832099940 832099940 832099940 832099940 832099940 832099940 832099940 832099940 832099940 832099940 832099940 
832099940 832099940 832099940 832099940 832099940 832099940 832099940 832099940 832099940 832099940 832099940 832099940 832099940 832099940 832099940 832099940 832099940 832099940 832099940 832099940 832099940 
832099940 832099940 832099940 832099940 832099940 832099940 832099940 832099940 832099940 832099940 832099940 832099940 832099940 832099940 832099940 832099940 832099940 832099940 832099940 832099940 832099940 
832099940 832099940 832099940 832099940 832099940 832099940 832099940 832099940 832099940 832099940 832099940 832099940 832099940 832099940 832099940 832099940 832099940 832099940 832099940 832099940 832099940 
832099940 832099940 832099940 832099940 832099940 832099940 832099940 832099940 832099940 832099940 832099940 832099940 832099940 832099940 832099940 832099940 832099940 832099940 832099940 832099940 832099940 
832099940 832099940 832099940 832099940 832099940 832099940 832099940 832099940 832099940 832099940 832099940 832099940 832099940 832099940 832099940 832099940 832099940 832099940 832099940 832099940 832099940 
832099940 832099940 832099940 832099940 832099940 832099940 832099940 832099940 832099940 832099940 832099940 832099940 832099940 832099940 832099940 832099940 832099940 832099940 832099940 832099940 832099940 
832099940 832099940 832099940 832099940 832099940 832099940 832099940 832099940 832099940 832099940 832099940 832099940 832099940 832099940 832099940 832099940 832099940 832099940 832099940 832099940 832099940 
832099940 832099940 832099940 832099940 832099940 832099940 832099940 832099940 832099940 832099940 832099940 832099940 832099940 832099940 832099940 832099940 832099940 832099940 832099940 832099940 832099940 
832099940 832099940 832099940 832099940 832099940 832099940 832099940 832099940 832099940 832099940 832099940 832099940 832099940 832099940 832099940 832099940 832099940 832099940 832099940 832099940 832099940 
832099940 832099940 832099940 832099940 832099940 832099940 832099940 832099940 832099940 832099940 832099940 832099940 832099940 832099940 832099940 832099940 832099940 832099940 832099940 832099940 832099940 
832099940 832099940 832099940 832099940 832099940 832099940 832099940 832099940 832099940 832099940 832099940 832099940 832099940 832099940 832099940 832099940 832099940 832099940 832099940 832099940 832099940 
832099940 832099940 832099940 832099940 832099940 832099940 832099940 832099940 832099940 832099940 832099940 832099940 832099940 832099940 832099940 832099940 832099940 832099940 832099940 832099940 832099940 
832099940 832099940 832099940 832099940 832099940 832099940 832099940 832099940 832099940 832099940 832099940 832099940 832099940 832099940 832099940 832099940 832099940 832099940 832099940 832099940 832099940 
832099940 832099940 832099940 832099940 832099940 832099940 832099940 832099940 832099940 832099940 832099940 832099940 832099940 832099940 832099940 832099940 832099940 832099940 832099940 832099940 832099940 
832099940 832099940 832099940 832099940 832099940 832099940 832099940 832099940 832099940 832099940 832099940 832099940 832099940 832099940 832099940 832099940 832099940 832099940 832099940 832099940 832099940 
