832099092 832099088/n832100232 832100232 832100232 832100232 832100232 832100232 832100232 832100232 832100232 832100232 832100232 832100232 832100232 832100232 832100232 832100232 832100232 832100232 832100232 832100232 832100232 832100232 832100232 832100232 832100232 832100232 832100232 832100232 832100232 832100232 832100232 832100232 832100232 832100232 
832100232 832100232 832100232 832100232 832100232 832100232 832100232 832100232 832100232 832100232 832100232 832100232 832100232 832100232 832100232 832100232 832100232 832100232 832100232 832100232 832100232 832100232 832100232 832100232 832100232 832100232 832100232 832100232 832100232 832100232 832100232 832100232 832100232 832100232 
832100232 832100232 832100232 832100232 832100232 832100232 832100232 832100232 832100232 832100232 832100232 832100232 832100232 832100232 832100232 832100232 832100232 832100232 832100232 832100232 832100232 832100232 832100232 832100232 832100232 832100232 832100232 832100232 832100232 832100232 832100232 832100232 832100232 832100232 
832100232 832100232 832100232 832100232 832100232 832100232 832100232 832100232 832100232 832100232 832100232 832100232 832100232 832100232 832100232 832100232 832100232 832100232 832100232 832100232 832100232 832100232 832100232 832100232 832100232 832100232 832100232 832100232 832100232 832100232 832100232 832100232 832100232 832100232 
832100232 832100232 832100232 832100232 832100232 832100232 832100232 832100232 832100232 832100232 832100232 832100232 832100232 832100232 832100232 832100232 832100232 832100232 832100232 832100232 832100232 832100232 832100232 832100232 832100232 832100232 832100232 832100232 832100232 832100232 832100232 832100232 832100232 832100232 
832100232 832100232 832100232 832100232 832100232 832100232 832100232 832100232 832100232 832100232 832100232 832100232 832100232 832100232 832100232 832100232 832100232 832100232 832100232 832100232 832100232 832100232 832100232 832100232 832100232 832100232 832100232 832100232 832100232 832100232 832100232 832100232 832100232 832100232 
832100232 832100232 832100232 832100232 832100232 832100232 832100232 832100232 832100232 832100232 832100232 832100232 832100232 832100232 832100232 832100232 832100232 832100232 832100232 832100232 832100232 832100232 832100232 832100232 832100232 832100232 832100232 832100232 832100232 832100232 832100232 832100232 832100232 832100232 
832100232 832100232 832100232 832100232 832100232 832100232 832100232 832100232 832100232 832100232 832100232 832100232 832100232 832100232 832100232 832100232 832100232 832100232 832100232 832100232 832100232 832100232 832100232 832100232 832100232 832100232 832100232 832100232 832100232 832100232 832100232 832100232 832100232 832100232 
832100232 832100232 832100232 832100232 832100232 832100232 832100232 832100232 832100232 832100232 832100232 832100232 832100232 832100232 832100232 832100232 832100232 832100232 832100232 832100232 832100232 832100232 832100232 832100232 832100232 832100232 832100232 832100232 832100232 832100232 832100232 832100232 832100232 832100232 
832100232 832100232 832100232 832100232 832100232 832100232 832100232 832100232 832100232 832100232 832100232 832100232 832100232 832100232 832100232 832100232 832100232 832100232 832100232 832100232 832100232 832100232 832100232 832100232 832100232 832100232 832100232 832100232 832100232 832100232 832100232 832100232 832100232 832100232 
832100232 832100232 832100232 832100232 832100232 832100232 832100232 832100232 832100232 832100232 832100232 832100232 832100232 832100232 832100232 832100232 832100232 832100232 832100232 832100232 832100232 832100232 832100232 832100232 832100232 832100232 832100232 832100232 832100232 832100232 832100232 832100232 832100232 832100232 
832100232 832100232 832100232 832100232 832100232 832100232 832100232 832100232 832100232 832100232 832100232 832100232 832100232 832100232 832100232 832100232 832100232 832100232 832100232 832100232 832100232 832100232 832100232 832100232 832100232 832100232 832100232 832100232 832100232 832100232 832100232 832100232 832100232 832100232 
832100232 832100232 832100232 832100232 832100232 832100232 832100232 832100232 832100232 832100232 832100232 832100232 832100232 832100232 832100232 832100232 832100232 832100232 832100232 832100232 832100232 832100232 832100232 832100232 832100232 832100232 832100232 832100232 832100232 832100232 832100232 832100232 832100232 832100232 
832100232 832100232 832100232 832100232 832100232 832100232 832100232 832100232 832100232 832100232 832100232 832100232 832100232 832100232 832100232 832100232 832100232 832100232 832100232 832100232 832100232 832100232 832100232 832100232 832100232 832100232 832100232 832100232 832100232 832100232 832100232 832100232 832100232 832100232 
832100232 832100232 832100232 832100232 832100232 832100232 832100232 832100232 832100232 832100232 832100232 832100232 832100232 832100232 832100232 832100232 832100232 832100232 832100232 832100232 832100232 832100232 832100232 832100232 832100232 832100232 832100232 832100232 832100232 832100232 832100232 832100232 832100232 832100232 
832100232 832100232 832100232 832100232 832100232 832100232 832100232 832100232 832100232 832100232 832100232 832100232 832100232 832100232 832100232 832100232 832100232 832100232 832100232 832100232 832100232 832100232 832100232 832100232 832100232 832100232 832100232 832100232 832100232 832100232 832100232 832100232 832100232 832100232 
832100232 832100232 832100232 832100232 832100232 832100232 832100232 832100232 832100232 832100232 832100232 832100232 832100232 832100232 832100232 832100232 832100232 832100232 832100232 832100232 832100232 832100232 832100232 832100232 832100232 832100232 832100232 832100232 832100232 832100232 832100232 832100232 832100232 832100232 
832100232 832100232 832100232 832100232 832100232 832100232 832100232 832100232 832100232 832100232 832100232 832100232 832100232 832100232 832100232 832100232 832100232 832100232 832100232 832100232 832100232 832100232 832100232 832100232 832100232 832100232 832100232 832100232 832100232 832100232 832100232 832100232 832100232 832100232 
832100232 832100232 832100232 832100232 832100232 832100232 832100232 832100232 832100232 832100232 832100232 832100232 832100232 832100232 832100232 832100232 832100232 832100232 832100232 832100232 832100232 832100232 832100232 832100232 832100232 832100232 832100232 832100232 832100232 832100232 832100232 832100232 832100232 832100232 
832100232 832100232 832100232 832100232 832100232 832100232 832100232 832100232 832100232 832100232 832100232 832100232 832100232 832100232 832100232 832100232 832100232 832100232 832100232 832100232 832100232 832100232 832100232 832100232 832100232 832100232 832100232 832100232 832100232 832100232 832100232 832100232 832100232 832100232 
832100232 832100232 832100232 832100232 832100232 832100232 832100232 832100232 832100232 832100232 832100232 832100232 832100232 832100232 832100232 832100232 832100232 832100232 832100232 832100232 832100232 832100232 832100232 832100232 832100232 832100232 832100232 832100232 832100232 832100232 832100232 832100232 832100232 832100232 
832100232 832100232 832100232 832100232 832100232 832100232 832100232 832100232 832100232 832100232 832100232 832100232 832100232 832100232 832100232 832100232 832100232 832100232 832100232 832100232 832100232 832100232 832100232 832100232 832100232 832100232 832100232 832100232 832100232 832100232 832100232 832100232 832100232 832100232 
832100232 832100232 832100232 832100232 832100232 832100232 832100232 832100232 832100232 832100232 832100232 832100232 832100232 832100232 832100232 832100232 832100232 832100232 832100232 832100232 832100232 832100232 832100232 832100232 832100232 832100232 832100232 832100232 832100232 832100232 832100232 832100232 832100232 832100232 
832100232 832100232 832100232 832100232 832100232 832100232 832100232 832100232 832100232 832100232 832100232 832100232 832100232 832100232 832100232 832100232 832100232 832100232 832100232 832100232 832100232 832100232 832100232 832100232 832100232 832100232 832100232 832100232 832100232 832100232 832100232 832100232 832100232 832100232 
832100232 832100232 832100232 832100232 832100232 832100232 832100232 832100232 832100232 832100232 832100232 832100232 832100232 832100232 832100232 832100232 832100232 832100232 832100232 832100232 832100232 832100232 832100232 832100232 832100232 832100232 832100232 832100232 832100232 832100232 832100232 832100232 832100232 832100232 
832100232 832100232 832100232 832100232 832100232 832100232 832100232 832100232 832100232 832100232 832100232 832100232 832100232 832100232 832100232 832100232 832100232 832100232 832100232 832100232 832100232 832100232 832100232 832100232 832100232 832100232 832100232 832100232 832100232 832100232 832100232 832100232 832100232 832100232 
832100232 832100232 832100232 832100232 832100232 832100232 832100232 832100232 832100232 832100232 832100232 832100232 832100232 832100232 832100232 832100232 832100232 832100232 832100232 832100232 832100232 832100232 832100232 832100232 832100232 832100232 832100232 832100232 832100232 832100232 832100232 832100232 832100232 832100232 
832100232 832100232 832100232 832100232 832100232 832100232 832100232 832100232 832100232 832100232 832100232 832100232 832100232 832100232 832100232 832100232 832100232 832100232 832100232 832100232 832100232 832100232 832100232 832100232 832100232 832100232 832100232 832100232 832100232 832100232 832100232 832100232 832100232 832100232 
832100232 832100232 832100232 832100232 832100232 832100232 832100232 832100232 832100232 832100232 832100232 832100232 832100232 832100232 832100232 832100232 832100232 832100232 832100232 832100232 832100232 832100232 832100232 832100232 832100232 832100232 832100232 832100232 832100232 832100232 832100232 832100232 832100232 832100232 
832100232 832100232 832100232 832100232 832100232 832100232 832100232 832100232 832100232 832100232 832100232 832100232 832100232 832100232 832100232 832100232 832100232 832100232 832100232 832100232 832100232 832100232 832100232 832100232 832100232 832100232 832100232 832100232 832100232 832100232 832100232 832100232 832100232 832100232 
832100232 832100232 832100232 832100232 832100232 832100232 832100232 832100232 832100232 832100232 832100232 832100232 832100232 832100232 832100232 832100232 832100232 832100232 832100232 832100232 832100232 832100232 832100232 832100232 832100232 832100232 832100232 832100232 832100232 832100232 832100232 832100232 832100232 832100232 
832100232 832100232 832100232 832100232 832100232 832100232 832100232 832100232 832100232 832100232 832100232 832100232 832100232 832100232 832100232 832100232 832100232 832100232 832100232 832100232 832100232 832100232 832100232 832100232 832100232 832100232 832100232 832100232 832100232 832100232 832100232 832100232 832100232 832100232 
832100232 832100232 832100232 832100232 832100232 832100232 832100232 832100232 832100232 832100232 832100232 832100232 832100232 832100232 832100232 832100232 832100232 832100232 832100232 832100232 832100232 832100232 832100232 832100232 832100232 832100232 832100232 832100232 832100232 832100232 832100232 832100232 832100232 832100232 
832100232 832100232 832100232 832100232 832100232 832100232 832100232 832100232 832100232 832100232 832100232 832100232 832100232 832100232 832100232 832100232 832100232 832100232 832100232 832100232 832100232 832100232 832100232 832100232 832100232 832100232 832100232 832100232 832100232 832100232 832100232 832100232 832100232 832100232 
832100232 832100232 832100232 832100232 832100232 832100232 832100232 832100232 832100232 832100232 832100232 832100232 832100232 832100232 832100232 832100232 832100232 832100232 832100232 832100232 832100232 832100232 832100232 832100232 832100232 832100232 832100232 832100232 832100232 832100232 832100232 832100232 832100232 832100232 
832100232 832100232 832100232 832100232 832100232 832100232 832100232 832100232 832100232 832100232 832100232 832100232 832100232 832100232 832100232 832100232 832100232 832100232 832100232 832100232 832100232 832100232 832100232 832100232 832100232 832100232 832100232 832100232 832100232 832100232 832100232 832100232 832100232 832100232 
832100232 832100232 832100232 832100232 832100232 832100232 832100232 832100232 832100232 832100232 832100232 832100232 832100232 832100232 832100232 832100232 832100232 832100232 832100232 832100232 832100232 832100232 832100232 832100232 832100232 832100232 832100232 832100232 832100232 832100232 832100232 832100232 832100232 832100232 
832100232 832100232 832100232 832100232 832100232 832100232 832100232 832100232 832100232 832100232 832100232 832100232 832100232 832100232 832100232 832100232 832100232 832100232 832100232 832100232 832100232 832100232 832100232 832100232 832100232 832100232 832100232 832100232 832100232 832100232 832100232 832100232 832100232 832100232 
832100232 832100232 832100232 832100232 832100232 832100232 832100232 832100232 832100232 832100232 832100232 832100232 832100232 832100232 832100232 832100232 832100232 832100232 832100232 832100232 832100232 832100232 832100232 832100232 832100232 832100232 832100232 832100232 832100232 832100232 832100232 832100232 832100232 832100232 
832100232 832100232 832100232 832100232 832100232 832100232 832100232 832100232 832100232 832100232 832100232 832100232 832100232 832100232 832100232 832100232 832100232 832100232 832100232 832100232 832100232 832100232 832100232 832100232 832100232 832100232 832100232 832100232 832100232 832100232 832100232 832100232 832100232 832100232 
832100232 832100232 832100232 832100232 832100232 832100232 832100232 832100232 832100232 832100232 832100232 832100232 832100232 832100232 832100232 832100232 832100232 832100232 832100232 832100232 832100232 832100232 832100232 832100232 832100232 832100232 832100232 832100232 832100232 832100232 832100232 832100232 832100232 832100232 
832100232 832100232 832100232 832100232 832100232 832100232 832100232 832100232 832100232 832100232 832100232 832100232 832100232 832100232 832100232 832100232 832100232 832100232 832100232 832100232 832100232 832100232 832100232 832100232 832100232 832100232 832100232 832100232 832100232 832100232 832100232 832100232 832100232 832100232 
