832099092 832099088/n832099992 832099992 832099992 832099992 832099992 832099992 832099992 832099992 832099992 832099992 832099992 832099992 832099992 832099992 
832099992 832099992 832099992 832099992 832099992 832099992 832099992 832099992 832099992 832099992 832099992 832099992 832099992 832099992 
832099992 832099992 832099992 832099992 832099992 832099992 832099992 832099992 832099992 832099992 832099992 832099992 832099992 832099992 
832099992 832099992 832099992 832099992 832099992 832099992 832099992 832099992 832099992 832099992 832099992 832099992 832099992 832099992 
832099992 832099992 832099992 832099992 832099992 832099992 832099992 832099992 832099992 832099992 832099992 832099992 832099992 832099992 
832099992 832099992 832099992 832099992 832099992 832099992 832099992 832099992 832099992 832099992 832099992 832099992 832099992 832099992 
832099992 832099992 832099992 832099992 832099992 832099992 832099992 832099992 832099992 832099992 832099992 832099992 832099992 832099992 
832099992 832099992 832099992 832099992 832099992 832099992 832099992 832099992 832099992 832099992 832099992 832099992 832099992 832099992 
832099992 832099992 832099992 832099992 832099992 832099992 832099992 832099992 832099992 832099992 832099992 832099992 832099992 832099992 
832099992 832099992 832099992 832099992 832099992 832099992 832099992 832099992 832099992 832099992 832099992 832099992 832099992 832099992 
832099992 832099992 832099992 832099992 832099992 832099992 832099992 832099992 832099992 832099992 832099992 832099992 832099992 832099992 
832099992 832099992 832099992 832099992 832099992 832099992 832099992 832099992 832099992 832099992 832099992 832099992 832099992 832099992 
832099992 832099992 832099992 832099992 832099992 832099992 832099992 832099992 832099992 832099992 832099992 832099992 832099992 832099992 
832099992 832099992 832099992 832099992 832099992 832099992 832099992 832099992 832099992 832099992 832099992 832099992 832099992 832099992 
832099992 832099992 832099992 832099992 832099992 832099992 832099992 832099992 832099992 832099992 832099992 832099992 832099992 832099992 
832099992 832099992 832099992 832099992 832099992 832099992 832099992 832099992 832099992 832099992 832099992 832099992 832099992 832099992 
832099992 832099992 832099992 832099992 832099992 832099992 832099992 832099992 832099992 832099992 832099992 832099992 832099992 832099992 
832099992 832099992 832099992 832099992 832099992 832099992 832099992 832099992 832099992 832099992 832099992 832099992 832099992 832099992 
832099992 832099992 832099992 832099992 832099992 832099992 832099992 832099992 832099992 832099992 832099992 832099992 832099992 832099992 
832099992 832099992 832099992 832099992 832099992 832099992 832099992 832099992 832099992 832099992 832099992 832099992 832099992 832099992 
832099992 832099992 832099992 832099992 832099992 832099992 832099992 832099992 832099992 832099992 832099992 832099992 832099992 832099992 
832099992 832099992 832099992 832099992 832099992 832099992 832099992 832099992 832099992 832099992 832099992 832099992 832099992 832099992 
832099992 832099992 832099992 832099992 832099992 832099992 832099992 832099992 832099992 832099992 832099992 832099992 832099992 832099992 
832099992 832099992 832099992 832099992 832099992 832099992 832099992 832099992 832099992 832099992 832099992 832099992 832099992 832099992 
832099992 832099992 832099992 832099992 832099992 832099992 832099992 832099992 832099992 832099992 832099992 832099992 832099992 832099992 
832099992 832099992 832099992 832099992 832099992 832099992 832099992 832099992 832099992 832099992 832099992 832099992 832099992 832099992 
832099992 832099992 832099992 832099992 832099992 832099992 832099992 832099992 832099992 832099992 832099992 832099992 832099992 832099992 
832099992 832099992 832099992 832099992 832099992 832099992 832099992 832099992 832099992 832099992 832099992 832099992 832099992 832099992 
832099992 832099992 832099992 832099992 832099992 832099992 832099992 832099992 832099992 832099992 832099992 832099992 832099992 832099992 
832099992 832099992 832099992 832099992 832099992 832099992 832099992 832099992 832099992 832099992 832099992 832099992 832099992 832099992 
832099992 832099992 832099992 832099992 832099992 832099992 832099992 832099992 832099992 832099992 832099992 832099992 832099992 832099992 
832099992 832099992 832099992 832099992 832099992 832099992 832099992 832099992 832099992 832099992 832099992 832099992 832099992 832099992 
