832099092 832099088/n832100324 832100324 832100324 832100324 832100324 832100324 832100324 832100324 832100324 832100324 832100324 832100324 832100324 832100324 832100324 832100324 832100324 
832100324 832100324 832100324 832100324 832100324 832100324 832100324 832100324 832100324 832100324 832100324 832100324 832100324 832100324 832100324 832100324 832100324 
832100324 832100324 832100324 832100324 832100324 832100324 832100324 832100324 832100324 832100324 832100324 832100324 832100324 832100324 832100324 832100324 832100324 
832100324 832100324 832100324 832100324 832100324 832100324 832100324 832100324 832100324 832100324 832100324 832100324 832100324 832100324 832100324 832100324 832100324 
832100324 832100324 832100324 832100324 832100324 832100324 832100324 832100324 832100324 832100324 832100324 832100324 832100324 832100324 832100324 832100324 832100324 
832100324 832100324 832100324 832100324 832100324 832100324 832100324 832100324 832100324 832100324 832100324 832100324 832100324 832100324 832100324 832100324 832100324 
832100324 832100324 832100324 832100324 832100324 832100324 832100324 832100324 832100324 832100324 832100324 832100324 832100324 832100324 832100324 832100324 832100324 
832100324 832100324 832100324 832100324 832100324 832100324 832100324 832100324 832100324 832100324 832100324 832100324 832100324 832100324 832100324 832100324 832100324 
832100324 832100324 832100324 832100324 832100324 832100324 832100324 832100324 832100324 832100324 832100324 832100324 832100324 832100324 832100324 832100324 832100324 
832100324 832100324 832100324 832100324 832100324 832100324 832100324 832100324 832100324 832100324 832100324 832100324 832100324 832100324 832100324 832100324 832100324 
832100324 832100324 832100324 832100324 832100324 832100324 832100324 832100324 832100324 832100324 832100324 832100324 832100324 832100324 832100324 832100324 832100324 
832100324 832100324 832100324 832100324 832100324 832100324 832100324 832100324 832100324 832100324 832100324 832100324 832100324 832100324 832100324 832100324 832100324 
832100324 832100324 832100324 832100324 832100324 832100324 832100324 832100324 832100324 832100324 832100324 832100324 832100324 832100324 832100324 832100324 832100324 
832100324 832100324 832100324 832100324 832100324 832100324 832100324 832100324 832100324 832100324 832100324 832100324 832100324 832100324 832100324 832100324 832100324 
832100324 832100324 832100324 832100324 832100324 832100324 832100324 832100324 832100324 832100324 832100324 832100324 832100324 832100324 832100324 832100324 832100324 
832100324 832100324 832100324 832100324 832100324 832100324 832100324 832100324 832100324 832100324 832100324 832100324 832100324 832100324 832100324 832100324 832100324 
832100324 832100324 832100324 832100324 832100324 832100324 832100324 832100324 832100324 832100324 832100324 832100324 832100324 832100324 832100324 832100324 832100324 
832100324 832100324 832100324 832100324 832100324 832100324 832100324 832100324 832100324 832100324 832100324 832100324 832100324 832100324 832100324 832100324 832100324 
832100324 832100324 832100324 832100324 832100324 832100324 832100324 832100324 832100324 832100324 832100324 832100324 832100324 832100324 832100324 832100324 832100324 
832100324 832100324 832100324 832100324 832100324 832100324 832100324 832100324 832100324 832100324 832100324 832100324 832100324 832100324 832100324 832100324 832100324 
832100324 832100324 832100324 832100324 832100324 832100324 832100324 832100324 832100324 832100324 832100324 832100324 832100324 832100324 832100324 832100324 832100324 
832100324 832100324 832100324 832100324 832100324 832100324 832100324 832100324 832100324 832100324 832100324 832100324 832100324 832100324 832100324 832100324 832100324 
832100324 832100324 832100324 832100324 832100324 832100324 832100324 832100324 832100324 832100324 832100324 832100324 832100324 832100324 832100324 832100324 832100324 
832100324 832100324 832100324 832100324 832100324 832100324 832100324 832100324 832100324 832100324 832100324 832100324 832100324 832100324 832100324 832100324 832100324 
832100324 832100324 832100324 832100324 832100324 832100324 832100324 832100324 832100324 832100324 832100324 832100324 832100324 832100324 832100324 832100324 832100324 
832100324 832100324 832100324 832100324 832100324 832100324 832100324 832100324 832100324 832100324 832100324 832100324 832100324 832100324 832100324 832100324 832100324 
832100324 832100324 832100324 832100324 832100324 832100324 832100324 832100324 832100324 832100324 832100324 832100324 832100324 832100324 832100324 832100324 832100324 
832100324 832100324 832100324 832100324 832100324 832100324 832100324 832100324 832100324 832100324 832100324 832100324 832100324 832100324 832100324 832100324 832100324 
832100324 832100324 832100324 832100324 832100324 832100324 832100324 832100324 832100324 832100324 832100324 832100324 832100324 832100324 832100324 832100324 832100324 
832100324 832100324 832100324 832100324 832100324 832100324 832100324 832100324 832100324 832100324 832100324 832100324 832100324 832100324 832100324 832100324 832100324 
832100324 832100324 832100324 832100324 832100324 832100324 832100324 832100324 832100324 832100324 832100324 832100324 832100324 832100324 832100324 832100324 832100324 
832100324 832100324 832100324 832100324 832100324 832100324 832100324 832100324 832100324 832100324 832100324 832100324 832100324 832100324 832100324 832100324 832100324 
832100324 832100324 832100324 832100324 832100324 832100324 832100324 832100324 832100324 832100324 832100324 832100324 832100324 832100324 832100324 832100324 832100324 
832100324 832100324 832100324 832100324 832100324 832100324 832100324 832100324 832100324 832100324 832100324 832100324 832100324 832100324 832100324 832100324 832100324 
832100324 832100324 832100324 832100324 832100324 832100324 832100324 832100324 832100324 832100324 832100324 832100324 832100324 832100324 832100324 832100324 832100324 
832100324 832100324 832100324 832100324 832100324 832100324 832100324 832100324 832100324 832100324 832100324 832100324 832100324 832100324 832100324 832100324 832100324 
832100324 832100324 832100324 832100324 832100324 832100324 832100324 832100324 832100324 832100324 832100324 832100324 832100324 832100324 832100324 832100324 832100324 
832100324 832100324 832100324 832100324 832100324 832100324 832100324 832100324 832100324 832100324 832100324 832100324 832100324 832100324 832100324 832100324 832100324 
832100324 832100324 832100324 832100324 832100324 832100324 832100324 832100324 832100324 832100324 832100324 832100324 832100324 832100324 832100324 832100324 832100324 
832100324 832100324 832100324 832100324 832100324 832100324 832100324 832100324 832100324 832100324 832100324 832100324 832100324 832100324 832100324 832100324 832100324 
832100324 832100324 832100324 832100324 832100324 832100324 832100324 832100324 832100324 832100324 832100324 832100324 832100324 832100324 832100324 832100324 832100324 
832100324 832100324 832100324 832100324 832100324 832100324 832100324 832100324 832100324 832100324 832100324 832100324 832100324 832100324 832100324 832100324 832100324 
832100324 832100324 832100324 832100324 832100324 832100324 832100324 832100324 832100324 832100324 832100324 832100324 832100324 832100324 832100324 832100324 832100324 
832100324 832100324 832100324 832100324 832100324 832100324 832100324 832100324 832100324 832100324 832100324 832100324 832100324 832100324 832100324 832100324 832100324 
832100324 832100324 832100324 832100324 832100324 832100324 832100324 832100324 832100324 832100324 832100324 832100324 832100324 832100324 832100324 832100324 832100324 
832100324 832100324 832100324 832100324 832100324 832100324 832100324 832100324 832100324 832100324 832100324 832100324 832100324 832100324 832100324 832100324 832100324 
832100324 832100324 832100324 832100324 832100324 832100324 832100324 832100324 832100324 832100324 832100324 832100324 832100324 832100324 832100324 832100324 832100324 
832100324 832100324 832100324 832100324 832100324 832100324 832100324 832100324 832100324 832100324 832100324 832100324 832100324 832100324 832100324 832100324 832100324 
832100324 832100324 832100324 832100324 832100324 832100324 832100324 832100324 832100324 832100324 832100324 832100324 832100324 832100324 832100324 832100324 832100324 
832100324 832100324 832100324 832100324 832100324 832100324 832100324 832100324 832100324 832100324 832100324 832100324 832100324 832100324 832100324 832100324 832100324 
832100324 832100324 832100324 832100324 832100324 832100324 832100324 832100324 832100324 832100324 832100324 832100324 832100324 832100324 832100324 832100324 832100324 
832100324 832100324 832100324 832100324 832100324 832100324 832100324 832100324 832100324 832100324 832100324 832100324 832100324 832100324 832100324 832100324 832100324 
