832099092 832099088/n832100088 832100088 832100088 832100088 832100088 832100088 832100088 832100088 832100088 832100088 832100088 832100088 832100088 832100088 832100088 832100088 832100088 832100088 832100088 832100088 832100088 832100088 
832100088 832100088 832100088 832100088 832100088 832100088 832100088 832100088 832100088 832100088 832100088 832100088 832100088 832100088 832100088 832100088 832100088 832100088 832100088 832100088 832100088 832100088 
832100088 832100088 832100088 832100088 832100088 832100088 832100088 832100088 832100088 832100088 832100088 832100088 832100088 832100088 832100088 832100088 832100088 832100088 832100088 832100088 832100088 832100088 
832100088 832100088 832100088 832100088 832100088 832100088 832100088 832100088 832100088 832100088 832100088 832100088 832100088 832100088 832100088 832100088 832100088 832100088 832100088 832100088 832100088 832100088 
832100088 832100088 832100088 832100088 832100088 832100088 832100088 832100088 832100088 832100088 832100088 832100088 832100088 832100088 832100088 832100088 832100088 832100088 832100088 832100088 832100088 832100088 
832100088 832100088 832100088 832100088 832100088 832100088 832100088 832100088 832100088 832100088 832100088 832100088 832100088 832100088 832100088 832100088 832100088 832100088 832100088 832100088 832100088 832100088 
832100088 832100088 832100088 832100088 832100088 832100088 832100088 832100088 832100088 832100088 832100088 832100088 832100088 832100088 832100088 832100088 832100088 832100088 832100088 832100088 832100088 832100088 
832100088 832100088 832100088 832100088 832100088 832100088 832100088 832100088 832100088 832100088 832100088 832100088 832100088 832100088 832100088 832100088 832100088 832100088 832100088 832100088 832100088 832100088 
832100088 832100088 832100088 832100088 832100088 832100088 832100088 832100088 832100088 832100088 832100088 832100088 832100088 832100088 832100088 832100088 832100088 832100088 832100088 832100088 832100088 832100088 
832100088 832100088 832100088 832100088 832100088 832100088 832100088 832100088 832100088 832100088 832100088 832100088 832100088 832100088 832100088 832100088 832100088 832100088 832100088 832100088 832100088 832100088 
832100088 832100088 832100088 832100088 832100088 832100088 832100088 832100088 832100088 832100088 832100088 832100088 832100088 832100088 832100088 832100088 832100088 832100088 832100088 832100088 832100088 832100088 
832100088 832100088 832100088 832100088 832100088 832100088 832100088 832100088 832100088 832100088 832100088 832100088 832100088 832100088 832100088 832100088 832100088 832100088 832100088 832100088 832100088 832100088 
832100088 832100088 832100088 832100088 832100088 832100088 832100088 832100088 832100088 832100088 832100088 832100088 832100088 832100088 832100088 832100088 832100088 832100088 832100088 832100088 832100088 832100088 
832100088 832100088 832100088 832100088 832100088 832100088 832100088 832100088 832100088 832100088 832100088 832100088 832100088 832100088 832100088 832100088 832100088 832100088 832100088 832100088 832100088 832100088 
832100088 832100088 832100088 832100088 832100088 832100088 832100088 832100088 832100088 832100088 832100088 832100088 832100088 832100088 832100088 832100088 832100088 832100088 832100088 832100088 832100088 832100088 
832100088 832100088 832100088 832100088 832100088 832100088 832100088 832100088 832100088 832100088 832100088 832100088 832100088 832100088 832100088 832100088 832100088 832100088 832100088 832100088 832100088 832100088 
832100088 832100088 832100088 832100088 832100088 832100088 832100088 832100088 832100088 832100088 832100088 832100088 832100088 832100088 832100088 832100088 832100088 832100088 832100088 832100088 832100088 832100088 
832100088 832100088 832100088 832100088 832100088 832100088 832100088 832100088 832100088 832100088 832100088 832100088 832100088 832100088 832100088 832100088 832100088 832100088 832100088 832100088 832100088 832100088 
832100088 832100088 832100088 832100088 832100088 832100088 832100088 832100088 832100088 832100088 832100088 832100088 832100088 832100088 832100088 832100088 832100088 832100088 832100088 832100088 832100088 832100088 
832100088 832100088 832100088 832100088 832100088 832100088 832100088 832100088 832100088 832100088 832100088 832100088 832100088 832100088 832100088 832100088 832100088 832100088 832100088 832100088 832100088 832100088 
832100088 832100088 832100088 832100088 832100088 832100088 832100088 832100088 832100088 832100088 832100088 832100088 832100088 832100088 832100088 832100088 832100088 832100088 832100088 832100088 832100088 832100088 
832100088 832100088 832100088 832100088 832100088 832100088 832100088 832100088 832100088 832100088 832100088 832100088 832100088 832100088 832100088 832100088 832100088 832100088 832100088 832100088 832100088 832100088 
832100088 832100088 832100088 832100088 832100088 832100088 832100088 832100088 832100088 832100088 832100088 832100088 832100088 832100088 832100088 832100088 832100088 832100088 832100088 832100088 832100088 832100088 
832100088 832100088 832100088 832100088 832100088 832100088 832100088 832100088 832100088 832100088 832100088 832100088 832100088 832100088 832100088 832100088 832100088 832100088 832100088 832100088 832100088 832100088 
832100088 832100088 832100088 832100088 832100088 832100088 832100088 832100088 832100088 832100088 832100088 832100088 832100088 832100088 832100088 832100088 832100088 832100088 832100088 832100088 832100088 832100088 
832100088 832100088 832100088 832100088 832100088 832100088 832100088 832100088 832100088 832100088 832100088 832100088 832100088 832100088 832100088 832100088 832100088 832100088 832100088 832100088 832100088 832100088 
832100088 832100088 832100088 832100088 832100088 832100088 832100088 832100088 832100088 832100088 832100088 832100088 832100088 832100088 832100088 832100088 832100088 832100088 832100088 832100088 832100088 832100088 
832100088 832100088 832100088 832100088 832100088 832100088 832100088 832100088 832100088 832100088 832100088 832100088 832100088 832100088 832100088 832100088 832100088 832100088 832100088 832100088 832100088 832100088 
832100088 832100088 832100088 832100088 832100088 832100088 832100088 832100088 832100088 832100088 832100088 832100088 832100088 832100088 832100088 832100088 832100088 832100088 832100088 832100088 832100088 832100088 
832100088 832100088 832100088 832100088 832100088 832100088 832100088 832100088 832100088 832100088 832100088 832100088 832100088 832100088 832100088 832100088 832100088 832100088 832100088 832100088 832100088 832100088 
832100088 832100088 832100088 832100088 832100088 832100088 832100088 832100088 832100088 832100088 832100088 832100088 832100088 832100088 832100088 832100088 832100088 832100088 832100088 832100088 832100088 832100088 
832100088 832100088 832100088 832100088 832100088 832100088 832100088 832100088 832100088 832100088 832100088 832100088 832100088 832100088 832100088 832100088 832100088 832100088 832100088 832100088 832100088 832100088 
832100088 832100088 832100088 832100088 832100088 832100088 832100088 832100088 832100088 832100088 832100088 832100088 832100088 832100088 832100088 832100088 832100088 832100088 832100088 832100088 832100088 832100088 
832100088 832100088 832100088 832100088 832100088 832100088 832100088 832100088 832100088 832100088 832100088 832100088 832100088 832100088 832100088 832100088 832100088 832100088 832100088 832100088 832100088 832100088 
832100088 832100088 832100088 832100088 832100088 832100088 832100088 832100088 832100088 832100088 832100088 832100088 832100088 832100088 832100088 832100088 832100088 832100088 832100088 832100088 832100088 832100088 
832100088 832100088 832100088 832100088 832100088 832100088 832100088 832100088 832100088 832100088 832100088 832100088 832100088 832100088 832100088 832100088 832100088 832100088 832100088 832100088 832100088 832100088 
