832099092 832099088/n832099780 832099780 832099780 832099780 832099780 832099780 832099780 832099780 832099780 832099780 832099780 832099780 832099780 832099780 832099780 832099780 832099780 832099780 832099780 832099780 832099780 
832099780 832099780 832099780 832099780 832099780 832099780 832099780 832099780 832099780 832099780 832099780 832099780 832099780 832099780 832099780 832099780 832099780 832099780 832099780 832099780 832099780 
832099780 832099780 832099780 832099780 832099780 832099780 832099780 832099780 832099780 832099780 832099780 832099780 832099780 832099780 832099780 832099780 832099780 832099780 832099780 832099780 832099780 
832099780 832099780 832099780 832099780 832099780 832099780 832099780 832099780 832099780 832099780 832099780 832099780 832099780 832099780 832099780 832099780 832099780 832099780 832099780 832099780 832099780 
832099780 832099780 832099780 832099780 832099780 832099780 832099780 832099780 832099780 832099780 832099780 832099780 832099780 832099780 832099780 832099780 832099780 832099780 832099780 832099780 832099780 
832099780 832099780 832099780 832099780 832099780 832099780 832099780 832099780 832099780 832099780 832099780 832099780 832099780 832099780 832099780 832099780 832099780 832099780 832099780 832099780 832099780 
832099780 832099780 832099780 832099780 832099780 832099780 832099780 832099780 832099780 832099780 832099780 832099780 832099780 832099780 832099780 832099780 832099780 832099780 832099780 832099780 832099780 
832099780 832099780 832099780 832099780 832099780 832099780 832099780 832099780 832099780 832099780 832099780 832099780 832099780 832099780 832099780 832099780 832099780 832099780 832099780 832099780 832099780 
832099780 832099780 832099780 832099780 832099780 832099780 832099780 832099780 832099780 832099780 832099780 832099780 832099780 832099780 832099780 832099780 832099780 832099780 832099780 832099780 832099780 
832099780 832099780 832099780 832099780 832099780 832099780 832099780 832099780 832099780 832099780 832099780 832099780 832099780 832099780 832099780 832099780 832099780 832099780 832099780 832099780 832099780 
832099780 832099780 832099780 832099780 832099780 832099780 832099780 832099780 832099780 832099780 832099780 832099780 832099780 832099780 832099780 832099780 832099780 832099780 832099780 832099780 832099780 
832099780 832099780 832099780 832099780 832099780 832099780 832099780 832099780 832099780 832099780 832099780 832099780 832099780 832099780 832099780 832099780 832099780 832099780 832099780 832099780 832099780 
832099780 832099780 832099780 832099780 832099780 832099780 832099780 832099780 832099780 832099780 832099780 832099780 832099780 832099780 832099780 832099780 832099780 832099780 832099780 832099780 832099780 
832099780 832099780 832099780 832099780 832099780 832099780 832099780 832099780 832099780 832099780 832099780 832099780 832099780 832099780 832099780 832099780 832099780 832099780 832099780 832099780 832099780 
832099780 832099780 832099780 832099780 832099780 832099780 832099780 832099780 832099780 832099780 832099780 832099780 832099780 832099780 832099780 832099780 832099780 832099780 832099780 832099780 832099780 
832099780 832099780 832099780 832099780 832099780 832099780 832099780 832099780 832099780 832099780 832099780 832099780 832099780 832099780 832099780 832099780 832099780 832099780 832099780 832099780 832099780 
832099780 832099780 832099780 832099780 832099780 832099780 832099780 832099780 832099780 832099780 832099780 832099780 832099780 832099780 832099780 832099780 832099780 832099780 832099780 832099780 832099780 
