832099092 832099088/n832100060 832100060 832100060 832100060 832100060 832100060 832100060 
832100060 832100060 832100060 832100060 832100060 832100060 832100060 
832100060 832100060 832100060 832100060 832100060 832100060 832100060 
832100060 832100060 832100060 832100060 832100060 832100060 832100060 
832100060 832100060 832100060 832100060 832100060 832100060 832100060 
832100060 832100060 832100060 832100060 832100060 832100060 832100060 
832100060 832100060 832100060 832100060 832100060 832100060 832100060 
832100060 832100060 832100060 832100060 832100060 832100060 832100060 
832100060 832100060 832100060 832100060 832100060 832100060 832100060 
832100060 832100060 832100060 832100060 832100060 832100060 832100060 
832100060 832100060 832100060 832100060 832100060 832100060 832100060 
832100060 832100060 832100060 832100060 832100060 832100060 832100060 
832100060 832100060 832100060 832100060 832100060 832100060 832100060 
832100060 832100060 832100060 832100060 832100060 832100060 832100060 
832100060 832100060 832100060 832100060 832100060 832100060 832100060 
832100060 832100060 832100060 832100060 832100060 832100060 832100060 
832100060 832100060 832100060 832100060 832100060 832100060 832100060 
832100060 832100060 832100060 832100060 832100060 832100060 832100060 
832100060 832100060 832100060 832100060 832100060 832100060 832100060 
832100060 832100060 832100060 832100060 832100060 832100060 832100060 
832100060 832100060 832100060 832100060 832100060 832100060 832100060 
832100060 832100060 832100060 832100060 832100060 832100060 832100060 
832100060 832100060 832100060 832100060 832100060 832100060 832100060 
832100060 832100060 832100060 832100060 832100060 832100060 832100060 
832100060 832100060 832100060 832100060 832100060 832100060 832100060 
832100060 832100060 832100060 832100060 832100060 832100060 832100060 
832100060 832100060 832100060 832100060 832100060 832100060 832100060 
832100060 832100060 832100060 832100060 832100060 832100060 832100060 
832100060 832100060 832100060 832100060 832100060 832100060 832100060 
832100060 832100060 832100060 832100060 832100060 832100060 832100060 
832100060 832100060 832100060 832100060 832100060 832100060 832100060 
832100060 832100060 832100060 832100060 832100060 832100060 832100060 
832100060 832100060 832100060 832100060 832100060 832100060 832100060 
832100060 832100060 832100060 832100060 832100060 832100060 832100060 
832100060 832100060 832100060 832100060 832100060 832100060 832100060 
832100060 832100060 832100060 832100060 832100060 832100060 832100060 
832100060 832100060 832100060 832100060 832100060 832100060 832100060 
832100060 832100060 832100060 832100060 832100060 832100060 832100060 
