832099092 832099088/n832100228 832100228 832100228 832100228 832100228 832100228 832100228 832100228 832100228 832100228 832100228 832100228 832100228 832100228 832100228 832100228 832100228 832100228 832100228 832100228 832100228 832100228 832100228 832100228 832100228 832100228 832100228 832100228 832100228 832100228 832100228 832100228 832100228 
832100228 832100228 832100228 832100228 832100228 832100228 832100228 832100228 832100228 832100228 832100228 832100228 832100228 832100228 832100228 832100228 832100228 832100228 832100228 832100228 832100228 832100228 832100228 832100228 832100228 832100228 832100228 832100228 832100228 832100228 832100228 832100228 832100228 
832100228 832100228 832100228 832100228 832100228 832100228 832100228 832100228 832100228 832100228 832100228 832100228 832100228 832100228 832100228 832100228 832100228 832100228 832100228 832100228 832100228 832100228 832100228 832100228 832100228 832100228 832100228 832100228 832100228 832100228 832100228 832100228 832100228 
832100228 832100228 832100228 832100228 832100228 832100228 832100228 832100228 832100228 832100228 832100228 832100228 832100228 832100228 832100228 832100228 832100228 832100228 832100228 832100228 832100228 832100228 832100228 832100228 832100228 832100228 832100228 832100228 832100228 832100228 832100228 832100228 832100228 
832100228 832100228 832100228 832100228 832100228 832100228 832100228 832100228 832100228 832100228 832100228 832100228 832100228 832100228 832100228 832100228 832100228 832100228 832100228 832100228 832100228 832100228 832100228 832100228 832100228 832100228 832100228 832100228 832100228 832100228 832100228 832100228 832100228 
832100228 832100228 832100228 832100228 832100228 832100228 832100228 832100228 832100228 832100228 832100228 832100228 832100228 832100228 832100228 832100228 832100228 832100228 832100228 832100228 832100228 832100228 832100228 832100228 832100228 832100228 832100228 832100228 832100228 832100228 832100228 832100228 832100228 
832100228 832100228 832100228 832100228 832100228 832100228 832100228 832100228 832100228 832100228 832100228 832100228 832100228 832100228 832100228 832100228 832100228 832100228 832100228 832100228 832100228 832100228 832100228 832100228 832100228 832100228 832100228 832100228 832100228 832100228 832100228 832100228 832100228 
832100228 832100228 832100228 832100228 832100228 832100228 832100228 832100228 832100228 832100228 832100228 832100228 832100228 832100228 832100228 832100228 832100228 832100228 832100228 832100228 832100228 832100228 832100228 832100228 832100228 832100228 832100228 832100228 832100228 832100228 832100228 832100228 832100228 
832100228 832100228 832100228 832100228 832100228 832100228 832100228 832100228 832100228 832100228 832100228 832100228 832100228 832100228 832100228 832100228 832100228 832100228 832100228 832100228 832100228 832100228 832100228 832100228 832100228 832100228 832100228 832100228 832100228 832100228 832100228 832100228 832100228 
832100228 832100228 832100228 832100228 832100228 832100228 832100228 832100228 832100228 832100228 832100228 832100228 832100228 832100228 832100228 832100228 832100228 832100228 832100228 832100228 832100228 832100228 832100228 832100228 832100228 832100228 832100228 832100228 832100228 832100228 832100228 832100228 832100228 
832100228 832100228 832100228 832100228 832100228 832100228 832100228 832100228 832100228 832100228 832100228 832100228 832100228 832100228 832100228 832100228 832100228 832100228 832100228 832100228 832100228 832100228 832100228 832100228 832100228 832100228 832100228 832100228 832100228 832100228 832100228 832100228 832100228 
832100228 832100228 832100228 832100228 832100228 832100228 832100228 832100228 832100228 832100228 832100228 832100228 832100228 832100228 832100228 832100228 832100228 832100228 832100228 832100228 832100228 832100228 832100228 832100228 832100228 832100228 832100228 832100228 832100228 832100228 832100228 832100228 832100228 
832100228 832100228 832100228 832100228 832100228 832100228 832100228 832100228 832100228 832100228 832100228 832100228 832100228 832100228 832100228 832100228 832100228 832100228 832100228 832100228 832100228 832100228 832100228 832100228 832100228 832100228 832100228 832100228 832100228 832100228 832100228 832100228 832100228 
832100228 832100228 832100228 832100228 832100228 832100228 832100228 832100228 832100228 832100228 832100228 832100228 832100228 832100228 832100228 832100228 832100228 832100228 832100228 832100228 832100228 832100228 832100228 832100228 832100228 832100228 832100228 832100228 832100228 832100228 832100228 832100228 832100228 
832100228 832100228 832100228 832100228 832100228 832100228 832100228 832100228 832100228 832100228 832100228 832100228 832100228 832100228 832100228 832100228 832100228 832100228 832100228 832100228 832100228 832100228 832100228 832100228 832100228 832100228 832100228 832100228 832100228 832100228 832100228 832100228 832100228 
832100228 832100228 832100228 832100228 832100228 832100228 832100228 832100228 832100228 832100228 832100228 832100228 832100228 832100228 832100228 832100228 832100228 832100228 832100228 832100228 832100228 832100228 832100228 832100228 832100228 832100228 832100228 832100228 832100228 832100228 832100228 832100228 832100228 
832100228 832100228 832100228 832100228 832100228 832100228 832100228 832100228 832100228 832100228 832100228 832100228 832100228 832100228 832100228 832100228 832100228 832100228 832100228 832100228 832100228 832100228 832100228 832100228 832100228 832100228 832100228 832100228 832100228 832100228 832100228 832100228 832100228 
832100228 832100228 832100228 832100228 832100228 832100228 832100228 832100228 832100228 832100228 832100228 832100228 832100228 832100228 832100228 832100228 832100228 832100228 832100228 832100228 832100228 832100228 832100228 832100228 832100228 832100228 832100228 832100228 832100228 832100228 832100228 832100228 832100228 
832100228 832100228 832100228 832100228 832100228 832100228 832100228 832100228 832100228 832100228 832100228 832100228 832100228 832100228 832100228 832100228 832100228 832100228 832100228 832100228 832100228 832100228 832100228 832100228 832100228 832100228 832100228 832100228 832100228 832100228 832100228 832100228 832100228 
832100228 832100228 832100228 832100228 832100228 832100228 832100228 832100228 832100228 832100228 832100228 832100228 832100228 832100228 832100228 832100228 832100228 832100228 832100228 832100228 832100228 832100228 832100228 832100228 832100228 832100228 832100228 832100228 832100228 832100228 832100228 832100228 832100228 
832100228 832100228 832100228 832100228 832100228 832100228 832100228 832100228 832100228 832100228 832100228 832100228 832100228 832100228 832100228 832100228 832100228 832100228 832100228 832100228 832100228 832100228 832100228 832100228 832100228 832100228 832100228 832100228 832100228 832100228 832100228 832100228 832100228 
832100228 832100228 832100228 832100228 832100228 832100228 832100228 832100228 832100228 832100228 832100228 832100228 832100228 832100228 832100228 832100228 832100228 832100228 832100228 832100228 832100228 832100228 832100228 832100228 832100228 832100228 832100228 832100228 832100228 832100228 832100228 832100228 832100228 
832100228 832100228 832100228 832100228 832100228 832100228 832100228 832100228 832100228 832100228 832100228 832100228 832100228 832100228 832100228 832100228 832100228 832100228 832100228 832100228 832100228 832100228 832100228 832100228 832100228 832100228 832100228 832100228 832100228 832100228 832100228 832100228 832100228 
832100228 832100228 832100228 832100228 832100228 832100228 832100228 832100228 832100228 832100228 832100228 832100228 832100228 832100228 832100228 832100228 832100228 832100228 832100228 832100228 832100228 832100228 832100228 832100228 832100228 832100228 832100228 832100228 832100228 832100228 832100228 832100228 832100228 
832100228 832100228 832100228 832100228 832100228 832100228 832100228 832100228 832100228 832100228 832100228 832100228 832100228 832100228 832100228 832100228 832100228 832100228 832100228 832100228 832100228 832100228 832100228 832100228 832100228 832100228 832100228 832100228 832100228 832100228 832100228 832100228 832100228 
832100228 832100228 832100228 832100228 832100228 832100228 832100228 832100228 832100228 832100228 832100228 832100228 832100228 832100228 832100228 832100228 832100228 832100228 832100228 832100228 832100228 832100228 832100228 832100228 832100228 832100228 832100228 832100228 832100228 832100228 832100228 832100228 832100228 
832100228 832100228 832100228 832100228 832100228 832100228 832100228 832100228 832100228 832100228 832100228 832100228 832100228 832100228 832100228 832100228 832100228 832100228 832100228 832100228 832100228 832100228 832100228 832100228 832100228 832100228 832100228 832100228 832100228 832100228 832100228 832100228 832100228 
832100228 832100228 832100228 832100228 832100228 832100228 832100228 832100228 832100228 832100228 832100228 832100228 832100228 832100228 832100228 832100228 832100228 832100228 832100228 832100228 832100228 832100228 832100228 832100228 832100228 832100228 832100228 832100228 832100228 832100228 832100228 832100228 832100228 
832100228 832100228 832100228 832100228 832100228 832100228 832100228 832100228 832100228 832100228 832100228 832100228 832100228 832100228 832100228 832100228 832100228 832100228 832100228 832100228 832100228 832100228 832100228 832100228 832100228 832100228 832100228 832100228 832100228 832100228 832100228 832100228 832100228 
832100228 832100228 832100228 832100228 832100228 832100228 832100228 832100228 832100228 832100228 832100228 832100228 832100228 832100228 832100228 832100228 832100228 832100228 832100228 832100228 832100228 832100228 832100228 832100228 832100228 832100228 832100228 832100228 832100228 832100228 832100228 832100228 832100228 
832100228 832100228 832100228 832100228 832100228 832100228 832100228 832100228 832100228 832100228 832100228 832100228 832100228 832100228 832100228 832100228 832100228 832100228 832100228 832100228 832100228 832100228 832100228 832100228 832100228 832100228 832100228 832100228 832100228 832100228 832100228 832100228 832100228 
832100228 832100228 832100228 832100228 832100228 832100228 832100228 832100228 832100228 832100228 832100228 832100228 832100228 832100228 832100228 832100228 832100228 832100228 832100228 832100228 832100228 832100228 832100228 832100228 832100228 832100228 832100228 832100228 832100228 832100228 832100228 832100228 832100228 
832100228 832100228 832100228 832100228 832100228 832100228 832100228 832100228 832100228 832100228 832100228 832100228 832100228 832100228 832100228 832100228 832100228 832100228 832100228 832100228 832100228 832100228 832100228 832100228 832100228 832100228 832100228 832100228 832100228 832100228 832100228 832100228 832100228 
832100228 832100228 832100228 832100228 832100228 832100228 832100228 832100228 832100228 832100228 832100228 832100228 832100228 832100228 832100228 832100228 832100228 832100228 832100228 832100228 832100228 832100228 832100228 832100228 832100228 832100228 832100228 832100228 832100228 832100228 832100228 832100228 832100228 
832100228 832100228 832100228 832100228 832100228 832100228 832100228 832100228 832100228 832100228 832100228 832100228 832100228 832100228 832100228 832100228 832100228 832100228 832100228 832100228 832100228 832100228 832100228 832100228 832100228 832100228 832100228 832100228 832100228 832100228 832100228 832100228 832100228 
832100228 832100228 832100228 832100228 832100228 832100228 832100228 832100228 832100228 832100228 832100228 832100228 832100228 832100228 832100228 832100228 832100228 832100228 832100228 832100228 832100228 832100228 832100228 832100228 832100228 832100228 832100228 832100228 832100228 832100228 832100228 832100228 832100228 
832100228 832100228 832100228 832100228 832100228 832100228 832100228 832100228 832100228 832100228 832100228 832100228 832100228 832100228 832100228 832100228 832100228 832100228 832100228 832100228 832100228 832100228 832100228 832100228 832100228 832100228 832100228 832100228 832100228 832100228 832100228 832100228 832100228 
832100228 832100228 832100228 832100228 832100228 832100228 832100228 832100228 832100228 832100228 832100228 832100228 832100228 832100228 832100228 832100228 832100228 832100228 832100228 832100228 832100228 832100228 832100228 832100228 832100228 832100228 832100228 832100228 832100228 832100228 832100228 832100228 832100228 
832100228 832100228 832100228 832100228 832100228 832100228 832100228 832100228 832100228 832100228 832100228 832100228 832100228 832100228 832100228 832100228 832100228 832100228 832100228 832100228 832100228 832100228 832100228 832100228 832100228 832100228 832100228 832100228 832100228 832100228 832100228 832100228 832100228 
832100228 832100228 832100228 832100228 832100228 832100228 832100228 832100228 832100228 832100228 832100228 832100228 832100228 832100228 832100228 832100228 832100228 832100228 832100228 832100228 832100228 832100228 832100228 832100228 832100228 832100228 832100228 832100228 832100228 832100228 832100228 832100228 832100228 
832100228 832100228 832100228 832100228 832100228 832100228 832100228 832100228 832100228 832100228 832100228 832100228 832100228 832100228 832100228 832100228 832100228 832100228 832100228 832100228 832100228 832100228 832100228 832100228 832100228 832100228 832100228 832100228 832100228 832100228 832100228 832100228 832100228 
832100228 832100228 832100228 832100228 832100228 832100228 832100228 832100228 832100228 832100228 832100228 832100228 832100228 832100228 832100228 832100228 832100228 832100228 832100228 832100228 832100228 832100228 832100228 832100228 832100228 832100228 832100228 832100228 832100228 832100228 832100228 832100228 832100228 
