832099092 832099088/n832100068 832100068 832100068 832100068 832100068 
832100068 832100068 832100068 832100068 832100068 
832100068 832100068 832100068 832100068 832100068 
832100068 832100068 832100068 832100068 832100068 
832100068 832100068 832100068 832100068 832100068 
832100068 832100068 832100068 832100068 832100068 
832100068 832100068 832100068 832100068 832100068 
832100068 832100068 832100068 832100068 832100068 
832100068 832100068 832100068 832100068 832100068 
832100068 832100068 832100068 832100068 832100068 
832100068 832100068 832100068 832100068 832100068 
832100068 832100068 832100068 832100068 832100068 
832100068 832100068 832100068 832100068 832100068 
832100068 832100068 832100068 832100068 832100068 
832100068 832100068 832100068 832100068 832100068 
832100068 832100068 832100068 832100068 832100068 
832100068 832100068 832100068 832100068 832100068 
832100068 832100068 832100068 832100068 832100068 
832100068 832100068 832100068 832100068 832100068 
832100068 832100068 832100068 832100068 832100068 
832100068 832100068 832100068 832100068 832100068 
832100068 832100068 832100068 832100068 832100068 
832100068 832100068 832100068 832100068 832100068 
832100068 832100068 832100068 832100068 832100068 
832100068 832100068 832100068 832100068 832100068 
832100068 832100068 832100068 832100068 832100068 
832100068 832100068 832100068 832100068 832100068 
832100068 832100068 832100068 832100068 832100068 
832100068 832100068 832100068 832100068 832100068 
832100068 832100068 832100068 832100068 832100068 
832100068 832100068 832100068 832100068 832100068 
832100068 832100068 832100068 832100068 832100068 
832100068 832100068 832100068 832100068 832100068 
832100068 832100068 832100068 832100068 832100068 
832100068 832100068 832100068 832100068 832100068 
832100068 832100068 832100068 832100068 832100068 
832100068 832100068 832100068 832100068 832100068 
832100068 832100068 832100068 832100068 832100068 
832100068 832100068 832100068 832100068 832100068 
