832099092 832099088/n832100268 832100268 832100268 832100268 832100268 832100268 832100268 832100268 832100268 832100268 832100268 832100268 832100268 832100268 832100268 832100268 832100268 832100268 832100268 832100268 832100268 832100268 832100268 832100268 832100268 832100268 832100268 832100268 832100268 832100268 832100268 832100268 832100268 832100268 832100268 
832100268 832100268 832100268 832100268 832100268 832100268 832100268 832100268 832100268 832100268 832100268 832100268 832100268 832100268 832100268 832100268 832100268 832100268 832100268 832100268 832100268 832100268 832100268 832100268 832100268 832100268 832100268 832100268 832100268 832100268 832100268 832100268 832100268 832100268 832100268 
832100268 832100268 832100268 832100268 832100268 832100268 832100268 832100268 832100268 832100268 832100268 832100268 832100268 832100268 832100268 832100268 832100268 832100268 832100268 832100268 832100268 832100268 832100268 832100268 832100268 832100268 832100268 832100268 832100268 832100268 832100268 832100268 832100268 832100268 832100268 
832100268 832100268 832100268 832100268 832100268 832100268 832100268 832100268 832100268 832100268 832100268 832100268 832100268 832100268 832100268 832100268 832100268 832100268 832100268 832100268 832100268 832100268 832100268 832100268 832100268 832100268 832100268 832100268 832100268 832100268 832100268 832100268 832100268 832100268 832100268 
832100268 832100268 832100268 832100268 832100268 832100268 832100268 832100268 832100268 832100268 832100268 832100268 832100268 832100268 832100268 832100268 832100268 832100268 832100268 832100268 832100268 832100268 832100268 832100268 832100268 832100268 832100268 832100268 832100268 832100268 832100268 832100268 832100268 832100268 832100268 
832100268 832100268 832100268 832100268 832100268 832100268 832100268 832100268 832100268 832100268 832100268 832100268 832100268 832100268 832100268 832100268 832100268 832100268 832100268 832100268 832100268 832100268 832100268 832100268 832100268 832100268 832100268 832100268 832100268 832100268 832100268 832100268 832100268 832100268 832100268 
832100268 832100268 832100268 832100268 832100268 832100268 832100268 832100268 832100268 832100268 832100268 832100268 832100268 832100268 832100268 832100268 832100268 832100268 832100268 832100268 832100268 832100268 832100268 832100268 832100268 832100268 832100268 832100268 832100268 832100268 832100268 832100268 832100268 832100268 832100268 
832100268 832100268 832100268 832100268 832100268 832100268 832100268 832100268 832100268 832100268 832100268 832100268 832100268 832100268 832100268 832100268 832100268 832100268 832100268 832100268 832100268 832100268 832100268 832100268 832100268 832100268 832100268 832100268 832100268 832100268 832100268 832100268 832100268 832100268 832100268 
832100268 832100268 832100268 832100268 832100268 832100268 832100268 832100268 832100268 832100268 832100268 832100268 832100268 832100268 832100268 832100268 832100268 832100268 832100268 832100268 832100268 832100268 832100268 832100268 832100268 832100268 832100268 832100268 832100268 832100268 832100268 832100268 832100268 832100268 832100268 
832100268 832100268 832100268 832100268 832100268 832100268 832100268 832100268 832100268 832100268 832100268 832100268 832100268 832100268 832100268 832100268 832100268 832100268 832100268 832100268 832100268 832100268 832100268 832100268 832100268 832100268 832100268 832100268 832100268 832100268 832100268 832100268 832100268 832100268 832100268 
832100268 832100268 832100268 832100268 832100268 832100268 832100268 832100268 832100268 832100268 832100268 832100268 832100268 832100268 832100268 832100268 832100268 832100268 832100268 832100268 832100268 832100268 832100268 832100268 832100268 832100268 832100268 832100268 832100268 832100268 832100268 832100268 832100268 832100268 832100268 
832100268 832100268 832100268 832100268 832100268 832100268 832100268 832100268 832100268 832100268 832100268 832100268 832100268 832100268 832100268 832100268 832100268 832100268 832100268 832100268 832100268 832100268 832100268 832100268 832100268 832100268 832100268 832100268 832100268 832100268 832100268 832100268 832100268 832100268 832100268 
832100268 832100268 832100268 832100268 832100268 832100268 832100268 832100268 832100268 832100268 832100268 832100268 832100268 832100268 832100268 832100268 832100268 832100268 832100268 832100268 832100268 832100268 832100268 832100268 832100268 832100268 832100268 832100268 832100268 832100268 832100268 832100268 832100268 832100268 832100268 
832100268 832100268 832100268 832100268 832100268 832100268 832100268 832100268 832100268 832100268 832100268 832100268 832100268 832100268 832100268 832100268 832100268 832100268 832100268 832100268 832100268 832100268 832100268 832100268 832100268 832100268 832100268 832100268 832100268 832100268 832100268 832100268 832100268 832100268 832100268 
832100268 832100268 832100268 832100268 832100268 832100268 832100268 832100268 832100268 832100268 832100268 832100268 832100268 832100268 832100268 832100268 832100268 832100268 832100268 832100268 832100268 832100268 832100268 832100268 832100268 832100268 832100268 832100268 832100268 832100268 832100268 832100268 832100268 832100268 832100268 
832100268 832100268 832100268 832100268 832100268 832100268 832100268 832100268 832100268 832100268 832100268 832100268 832100268 832100268 832100268 832100268 832100268 832100268 832100268 832100268 832100268 832100268 832100268 832100268 832100268 832100268 832100268 832100268 832100268 832100268 832100268 832100268 832100268 832100268 832100268 
832100268 832100268 832100268 832100268 832100268 832100268 832100268 832100268 832100268 832100268 832100268 832100268 832100268 832100268 832100268 832100268 832100268 832100268 832100268 832100268 832100268 832100268 832100268 832100268 832100268 832100268 832100268 832100268 832100268 832100268 832100268 832100268 832100268 832100268 832100268 
832100268 832100268 832100268 832100268 832100268 832100268 832100268 832100268 832100268 832100268 832100268 832100268 832100268 832100268 832100268 832100268 832100268 832100268 832100268 832100268 832100268 832100268 832100268 832100268 832100268 832100268 832100268 832100268 832100268 832100268 832100268 832100268 832100268 832100268 832100268 
832100268 832100268 832100268 832100268 832100268 832100268 832100268 832100268 832100268 832100268 832100268 832100268 832100268 832100268 832100268 832100268 832100268 832100268 832100268 832100268 832100268 832100268 832100268 832100268 832100268 832100268 832100268 832100268 832100268 832100268 832100268 832100268 832100268 832100268 832100268 
832100268 832100268 832100268 832100268 832100268 832100268 832100268 832100268 832100268 832100268 832100268 832100268 832100268 832100268 832100268 832100268 832100268 832100268 832100268 832100268 832100268 832100268 832100268 832100268 832100268 832100268 832100268 832100268 832100268 832100268 832100268 832100268 832100268 832100268 832100268 
832100268 832100268 832100268 832100268 832100268 832100268 832100268 832100268 832100268 832100268 832100268 832100268 832100268 832100268 832100268 832100268 832100268 832100268 832100268 832100268 832100268 832100268 832100268 832100268 832100268 832100268 832100268 832100268 832100268 832100268 832100268 832100268 832100268 832100268 832100268 
832100268 832100268 832100268 832100268 832100268 832100268 832100268 832100268 832100268 832100268 832100268 832100268 832100268 832100268 832100268 832100268 832100268 832100268 832100268 832100268 832100268 832100268 832100268 832100268 832100268 832100268 832100268 832100268 832100268 832100268 832100268 832100268 832100268 832100268 832100268 
832100268 832100268 832100268 832100268 832100268 832100268 832100268 832100268 832100268 832100268 832100268 832100268 832100268 832100268 832100268 832100268 832100268 832100268 832100268 832100268 832100268 832100268 832100268 832100268 832100268 832100268 832100268 832100268 832100268 832100268 832100268 832100268 832100268 832100268 832100268 
832100268 832100268 832100268 832100268 832100268 832100268 832100268 832100268 832100268 832100268 832100268 832100268 832100268 832100268 832100268 832100268 832100268 832100268 832100268 832100268 832100268 832100268 832100268 832100268 832100268 832100268 832100268 832100268 832100268 832100268 832100268 832100268 832100268 832100268 832100268 
832100268 832100268 832100268 832100268 832100268 832100268 832100268 832100268 832100268 832100268 832100268 832100268 832100268 832100268 832100268 832100268 832100268 832100268 832100268 832100268 832100268 832100268 832100268 832100268 832100268 832100268 832100268 832100268 832100268 832100268 832100268 832100268 832100268 832100268 832100268 
832100268 832100268 832100268 832100268 832100268 832100268 832100268 832100268 832100268 832100268 832100268 832100268 832100268 832100268 832100268 832100268 832100268 832100268 832100268 832100268 832100268 832100268 832100268 832100268 832100268 832100268 832100268 832100268 832100268 832100268 832100268 832100268 832100268 832100268 832100268 
832100268 832100268 832100268 832100268 832100268 832100268 832100268 832100268 832100268 832100268 832100268 832100268 832100268 832100268 832100268 832100268 832100268 832100268 832100268 832100268 832100268 832100268 832100268 832100268 832100268 832100268 832100268 832100268 832100268 832100268 832100268 832100268 832100268 832100268 832100268 
832100268 832100268 832100268 832100268 832100268 832100268 832100268 832100268 832100268 832100268 832100268 832100268 832100268 832100268 832100268 832100268 832100268 832100268 832100268 832100268 832100268 832100268 832100268 832100268 832100268 832100268 832100268 832100268 832100268 832100268 832100268 832100268 832100268 832100268 832100268 
832100268 832100268 832100268 832100268 832100268 832100268 832100268 832100268 832100268 832100268 832100268 832100268 832100268 832100268 832100268 832100268 832100268 832100268 832100268 832100268 832100268 832100268 832100268 832100268 832100268 832100268 832100268 832100268 832100268 832100268 832100268 832100268 832100268 832100268 832100268 
832100268 832100268 832100268 832100268 832100268 832100268 832100268 832100268 832100268 832100268 832100268 832100268 832100268 832100268 832100268 832100268 832100268 832100268 832100268 832100268 832100268 832100268 832100268 832100268 832100268 832100268 832100268 832100268 832100268 832100268 832100268 832100268 832100268 832100268 832100268 
832100268 832100268 832100268 832100268 832100268 832100268 832100268 832100268 832100268 832100268 832100268 832100268 832100268 832100268 832100268 832100268 832100268 832100268 832100268 832100268 832100268 832100268 832100268 832100268 832100268 832100268 832100268 832100268 832100268 832100268 832100268 832100268 832100268 832100268 832100268 
832100268 832100268 832100268 832100268 832100268 832100268 832100268 832100268 832100268 832100268 832100268 832100268 832100268 832100268 832100268 832100268 832100268 832100268 832100268 832100268 832100268 832100268 832100268 832100268 832100268 832100268 832100268 832100268 832100268 832100268 832100268 832100268 832100268 832100268 832100268 
832100268 832100268 832100268 832100268 832100268 832100268 832100268 832100268 832100268 832100268 832100268 832100268 832100268 832100268 832100268 832100268 832100268 832100268 832100268 832100268 832100268 832100268 832100268 832100268 832100268 832100268 832100268 832100268 832100268 832100268 832100268 832100268 832100268 832100268 832100268 
832100268 832100268 832100268 832100268 832100268 832100268 832100268 832100268 832100268 832100268 832100268 832100268 832100268 832100268 832100268 832100268 832100268 832100268 832100268 832100268 832100268 832100268 832100268 832100268 832100268 832100268 832100268 832100268 832100268 832100268 832100268 832100268 832100268 832100268 832100268 
832100268 832100268 832100268 832100268 832100268 832100268 832100268 832100268 832100268 832100268 832100268 832100268 832100268 832100268 832100268 832100268 832100268 832100268 832100268 832100268 832100268 832100268 832100268 832100268 832100268 832100268 832100268 832100268 832100268 832100268 832100268 832100268 832100268 832100268 832100268 
832100268 832100268 832100268 832100268 832100268 832100268 832100268 832100268 832100268 832100268 832100268 832100268 832100268 832100268 832100268 832100268 832100268 832100268 832100268 832100268 832100268 832100268 832100268 832100268 832100268 832100268 832100268 832100268 832100268 832100268 832100268 832100268 832100268 832100268 832100268 
832100268 832100268 832100268 832100268 832100268 832100268 832100268 832100268 832100268 832100268 832100268 832100268 832100268 832100268 832100268 832100268 832100268 832100268 832100268 832100268 832100268 832100268 832100268 832100268 832100268 832100268 832100268 832100268 832100268 832100268 832100268 832100268 832100268 832100268 832100268 
832100268 832100268 832100268 832100268 832100268 832100268 832100268 832100268 832100268 832100268 832100268 832100268 832100268 832100268 832100268 832100268 832100268 832100268 832100268 832100268 832100268 832100268 832100268 832100268 832100268 832100268 832100268 832100268 832100268 832100268 832100268 832100268 832100268 832100268 832100268 
832100268 832100268 832100268 832100268 832100268 832100268 832100268 832100268 832100268 832100268 832100268 832100268 832100268 832100268 832100268 832100268 832100268 832100268 832100268 832100268 832100268 832100268 832100268 832100268 832100268 832100268 832100268 832100268 832100268 832100268 832100268 832100268 832100268 832100268 832100268 
832100268 832100268 832100268 832100268 832100268 832100268 832100268 832100268 832100268 832100268 832100268 832100268 832100268 832100268 832100268 832100268 832100268 832100268 832100268 832100268 832100268 832100268 832100268 832100268 832100268 832100268 832100268 832100268 832100268 832100268 832100268 832100268 832100268 832100268 832100268 
832100268 832100268 832100268 832100268 832100268 832100268 832100268 832100268 832100268 832100268 832100268 832100268 832100268 832100268 832100268 832100268 832100268 832100268 832100268 832100268 832100268 832100268 832100268 832100268 832100268 832100268 832100268 832100268 832100268 832100268 832100268 832100268 832100268 832100268 832100268 
832100268 832100268 832100268 832100268 832100268 832100268 832100268 832100268 832100268 832100268 832100268 832100268 832100268 832100268 832100268 832100268 832100268 832100268 832100268 832100268 832100268 832100268 832100268 832100268 832100268 832100268 832100268 832100268 832100268 832100268 832100268 832100268 832100268 832100268 832100268 
832100268 832100268 832100268 832100268 832100268 832100268 832100268 832100268 832100268 832100268 832100268 832100268 832100268 832100268 832100268 832100268 832100268 832100268 832100268 832100268 832100268 832100268 832100268 832100268 832100268 832100268 832100268 832100268 832100268 832100268 832100268 832100268 832100268 832100268 832100268 
832100268 832100268 832100268 832100268 832100268 832100268 832100268 832100268 832100268 832100268 832100268 832100268 832100268 832100268 832100268 832100268 832100268 832100268 832100268 832100268 832100268 832100268 832100268 832100268 832100268 832100268 832100268 832100268 832100268 832100268 832100268 832100268 832100268 832100268 832100268 
