832099092 832099088/n832099752 832099752 832099752 832099752 832099752 832099752 832099752 832099752 832099752 832099752 
832099752 832099752 832099752 832099752 832099752 832099752 832099752 832099752 832099752 832099752 
832099752 832099752 832099752 832099752 832099752 832099752 832099752 832099752 832099752 832099752 
832099752 832099752 832099752 832099752 832099752 832099752 832099752 832099752 832099752 832099752 
832099752 832099752 832099752 832099752 832099752 832099752 832099752 832099752 832099752 832099752 
832099752 832099752 832099752 832099752 832099752 832099752 832099752 832099752 832099752 832099752 
832099752 832099752 832099752 832099752 832099752 832099752 832099752 832099752 832099752 832099752 
832099752 832099752 832099752 832099752 832099752 832099752 832099752 832099752 832099752 832099752 
832099752 832099752 832099752 832099752 832099752 832099752 832099752 832099752 832099752 832099752 
832099752 832099752 832099752 832099752 832099752 832099752 832099752 832099752 832099752 832099752 
832099752 832099752 832099752 832099752 832099752 832099752 832099752 832099752 832099752 832099752 
832099752 832099752 832099752 832099752 832099752 832099752 832099752 832099752 832099752 832099752 
832099752 832099752 832099752 832099752 832099752 832099752 832099752 832099752 832099752 832099752 
832099752 832099752 832099752 832099752 832099752 832099752 832099752 832099752 832099752 832099752 
832099752 832099752 832099752 832099752 832099752 832099752 832099752 832099752 832099752 832099752 
832099752 832099752 832099752 832099752 832099752 832099752 832099752 832099752 832099752 832099752 
832099752 832099752 832099752 832099752 832099752 832099752 832099752 832099752 832099752 832099752 
832099752 832099752 832099752 832099752 832099752 832099752 832099752 832099752 832099752 832099752 
