832099092 832099088/n832100012 832100012 832100012 832100012 832100012 832100012 832100012 832100012 832100012 832100012 832100012 832100012 832100012 832100012 832100012 832100012 832100012 832100012 832100012 832100012 832100012 832100012 832100012 
832100012 832100012 832100012 832100012 832100012 832100012 832100012 832100012 832100012 832100012 832100012 832100012 832100012 832100012 832100012 832100012 832100012 832100012 832100012 832100012 832100012 832100012 832100012 
832100012 832100012 832100012 832100012 832100012 832100012 832100012 832100012 832100012 832100012 832100012 832100012 832100012 832100012 832100012 832100012 832100012 832100012 832100012 832100012 832100012 832100012 832100012 
832100012 832100012 832100012 832100012 832100012 832100012 832100012 832100012 832100012 832100012 832100012 832100012 832100012 832100012 832100012 832100012 832100012 832100012 832100012 832100012 832100012 832100012 832100012 
832100012 832100012 832100012 832100012 832100012 832100012 832100012 832100012 832100012 832100012 832100012 832100012 832100012 832100012 832100012 832100012 832100012 832100012 832100012 832100012 832100012 832100012 832100012 
832100012 832100012 832100012 832100012 832100012 832100012 832100012 832100012 832100012 832100012 832100012 832100012 832100012 832100012 832100012 832100012 832100012 832100012 832100012 832100012 832100012 832100012 832100012 
832100012 832100012 832100012 832100012 832100012 832100012 832100012 832100012 832100012 832100012 832100012 832100012 832100012 832100012 832100012 832100012 832100012 832100012 832100012 832100012 832100012 832100012 832100012 
832100012 832100012 832100012 832100012 832100012 832100012 832100012 832100012 832100012 832100012 832100012 832100012 832100012 832100012 832100012 832100012 832100012 832100012 832100012 832100012 832100012 832100012 832100012 
832100012 832100012 832100012 832100012 832100012 832100012 832100012 832100012 832100012 832100012 832100012 832100012 832100012 832100012 832100012 832100012 832100012 832100012 832100012 832100012 832100012 832100012 832100012 
832100012 832100012 832100012 832100012 832100012 832100012 832100012 832100012 832100012 832100012 832100012 832100012 832100012 832100012 832100012 832100012 832100012 832100012 832100012 832100012 832100012 832100012 832100012 
832100012 832100012 832100012 832100012 832100012 832100012 832100012 832100012 832100012 832100012 832100012 832100012 832100012 832100012 832100012 832100012 832100012 832100012 832100012 832100012 832100012 832100012 832100012 
832100012 832100012 832100012 832100012 832100012 832100012 832100012 832100012 832100012 832100012 832100012 832100012 832100012 832100012 832100012 832100012 832100012 832100012 832100012 832100012 832100012 832100012 832100012 
832100012 832100012 832100012 832100012 832100012 832100012 832100012 832100012 832100012 832100012 832100012 832100012 832100012 832100012 832100012 832100012 832100012 832100012 832100012 832100012 832100012 832100012 832100012 
832100012 832100012 832100012 832100012 832100012 832100012 832100012 832100012 832100012 832100012 832100012 832100012 832100012 832100012 832100012 832100012 832100012 832100012 832100012 832100012 832100012 832100012 832100012 
832100012 832100012 832100012 832100012 832100012 832100012 832100012 832100012 832100012 832100012 832100012 832100012 832100012 832100012 832100012 832100012 832100012 832100012 832100012 832100012 832100012 832100012 832100012 
832100012 832100012 832100012 832100012 832100012 832100012 832100012 832100012 832100012 832100012 832100012 832100012 832100012 832100012 832100012 832100012 832100012 832100012 832100012 832100012 832100012 832100012 832100012 
832100012 832100012 832100012 832100012 832100012 832100012 832100012 832100012 832100012 832100012 832100012 832100012 832100012 832100012 832100012 832100012 832100012 832100012 832100012 832100012 832100012 832100012 832100012 
832100012 832100012 832100012 832100012 832100012 832100012 832100012 832100012 832100012 832100012 832100012 832100012 832100012 832100012 832100012 832100012 832100012 832100012 832100012 832100012 832100012 832100012 832100012 
832100012 832100012 832100012 832100012 832100012 832100012 832100012 832100012 832100012 832100012 832100012 832100012 832100012 832100012 832100012 832100012 832100012 832100012 832100012 832100012 832100012 832100012 832100012 
832100012 832100012 832100012 832100012 832100012 832100012 832100012 832100012 832100012 832100012 832100012 832100012 832100012 832100012 832100012 832100012 832100012 832100012 832100012 832100012 832100012 832100012 832100012 
832100012 832100012 832100012 832100012 832100012 832100012 832100012 832100012 832100012 832100012 832100012 832100012 832100012 832100012 832100012 832100012 832100012 832100012 832100012 832100012 832100012 832100012 832100012 
832100012 832100012 832100012 832100012 832100012 832100012 832100012 832100012 832100012 832100012 832100012 832100012 832100012 832100012 832100012 832100012 832100012 832100012 832100012 832100012 832100012 832100012 832100012 
832100012 832100012 832100012 832100012 832100012 832100012 832100012 832100012 832100012 832100012 832100012 832100012 832100012 832100012 832100012 832100012 832100012 832100012 832100012 832100012 832100012 832100012 832100012 
832100012 832100012 832100012 832100012 832100012 832100012 832100012 832100012 832100012 832100012 832100012 832100012 832100012 832100012 832100012 832100012 832100012 832100012 832100012 832100012 832100012 832100012 832100012 
832100012 832100012 832100012 832100012 832100012 832100012 832100012 832100012 832100012 832100012 832100012 832100012 832100012 832100012 832100012 832100012 832100012 832100012 832100012 832100012 832100012 832100012 832100012 
832100012 832100012 832100012 832100012 832100012 832100012 832100012 832100012 832100012 832100012 832100012 832100012 832100012 832100012 832100012 832100012 832100012 832100012 832100012 832100012 832100012 832100012 832100012 
832100012 832100012 832100012 832100012 832100012 832100012 832100012 832100012 832100012 832100012 832100012 832100012 832100012 832100012 832100012 832100012 832100012 832100012 832100012 832100012 832100012 832100012 832100012 
832100012 832100012 832100012 832100012 832100012 832100012 832100012 832100012 832100012 832100012 832100012 832100012 832100012 832100012 832100012 832100012 832100012 832100012 832100012 832100012 832100012 832100012 832100012 
832100012 832100012 832100012 832100012 832100012 832100012 832100012 832100012 832100012 832100012 832100012 832100012 832100012 832100012 832100012 832100012 832100012 832100012 832100012 832100012 832100012 832100012 832100012 
832100012 832100012 832100012 832100012 832100012 832100012 832100012 832100012 832100012 832100012 832100012 832100012 832100012 832100012 832100012 832100012 832100012 832100012 832100012 832100012 832100012 832100012 832100012 
832100012 832100012 832100012 832100012 832100012 832100012 832100012 832100012 832100012 832100012 832100012 832100012 832100012 832100012 832100012 832100012 832100012 832100012 832100012 832100012 832100012 832100012 832100012 
