832099092 832099088/n832100576 832100576 832100576 832100576 832100576 832100576 832100576 832100576 832100576 832100576 832100576 832100576 832100576 832100576 832100576 832100576 832100576 832100576 832100576 832100576 832100576 832100576 832100576 832100576 832100576 832100576 832100576 832100576 832100576 832100576 832100576 832100576 832100576 832100576 832100576 832100576 832100576 832100576 832100576 832100576 832100576 832100576 832100576 832100576 832100576 832100576 832100576 832100576 
832100576 832100576 832100576 832100576 832100576 832100576 832100576 832100576 832100576 832100576 832100576 832100576 832100576 832100576 832100576 832100576 832100576 832100576 832100576 832100576 832100576 832100576 832100576 832100576 832100576 832100576 832100576 832100576 832100576 832100576 832100576 832100576 832100576 832100576 832100576 832100576 832100576 832100576 832100576 832100576 832100576 832100576 832100576 832100576 832100576 832100576 832100576 832100576 
832100576 832100576 832100576 832100576 832100576 832100576 832100576 832100576 832100576 832100576 832100576 832100576 832100576 832100576 832100576 832100576 832100576 832100576 832100576 832100576 832100576 832100576 832100576 832100576 832100576 832100576 832100576 832100576 832100576 832100576 832100576 832100576 832100576 832100576 832100576 832100576 832100576 832100576 832100576 832100576 832100576 832100576 832100576 832100576 832100576 832100576 832100576 832100576 
832100576 832100576 832100576 832100576 832100576 832100576 832100576 832100576 832100576 832100576 832100576 832100576 832100576 832100576 832100576 832100576 832100576 832100576 832100576 832100576 832100576 832100576 832100576 832100576 832100576 832100576 832100576 832100576 832100576 832100576 832100576 832100576 832100576 832100576 832100576 832100576 832100576 832100576 832100576 832100576 832100576 832100576 832100576 832100576 832100576 832100576 832100576 832100576 
832100576 832100576 832100576 832100576 832100576 832100576 832100576 832100576 832100576 832100576 832100576 832100576 832100576 832100576 832100576 832100576 832100576 832100576 832100576 832100576 832100576 832100576 832100576 832100576 832100576 832100576 832100576 832100576 832100576 832100576 832100576 832100576 832100576 832100576 832100576 832100576 832100576 832100576 832100576 832100576 832100576 832100576 832100576 832100576 832100576 832100576 832100576 832100576 
832100576 832100576 832100576 832100576 832100576 832100576 832100576 832100576 832100576 832100576 832100576 832100576 832100576 832100576 832100576 832100576 832100576 832100576 832100576 832100576 832100576 832100576 832100576 832100576 832100576 832100576 832100576 832100576 832100576 832100576 832100576 832100576 832100576 832100576 832100576 832100576 832100576 832100576 832100576 832100576 832100576 832100576 832100576 832100576 832100576 832100576 832100576 832100576 
832100576 832100576 832100576 832100576 832100576 832100576 832100576 832100576 832100576 832100576 832100576 832100576 832100576 832100576 832100576 832100576 832100576 832100576 832100576 832100576 832100576 832100576 832100576 832100576 832100576 832100576 832100576 832100576 832100576 832100576 832100576 832100576 832100576 832100576 832100576 832100576 832100576 832100576 832100576 832100576 832100576 832100576 832100576 832100576 832100576 832100576 832100576 832100576 
832100576 832100576 832100576 832100576 832100576 832100576 832100576 832100576 832100576 832100576 832100576 832100576 832100576 832100576 832100576 832100576 832100576 832100576 832100576 832100576 832100576 832100576 832100576 832100576 832100576 832100576 832100576 832100576 832100576 832100576 832100576 832100576 832100576 832100576 832100576 832100576 832100576 832100576 832100576 832100576 832100576 832100576 832100576 832100576 832100576 832100576 832100576 832100576 
832100576 832100576 832100576 832100576 832100576 832100576 832100576 832100576 832100576 832100576 832100576 832100576 832100576 832100576 832100576 832100576 832100576 832100576 832100576 832100576 832100576 832100576 832100576 832100576 832100576 832100576 832100576 832100576 832100576 832100576 832100576 832100576 832100576 832100576 832100576 832100576 832100576 832100576 832100576 832100576 832100576 832100576 832100576 832100576 832100576 832100576 832100576 832100576 
832100576 832100576 832100576 832100576 832100576 832100576 832100576 832100576 832100576 832100576 832100576 832100576 832100576 832100576 832100576 832100576 832100576 832100576 832100576 832100576 832100576 832100576 832100576 832100576 832100576 832100576 832100576 832100576 832100576 832100576 832100576 832100576 832100576 832100576 832100576 832100576 832100576 832100576 832100576 832100576 832100576 832100576 832100576 832100576 832100576 832100576 832100576 832100576 
832100576 832100576 832100576 832100576 832100576 832100576 832100576 832100576 832100576 832100576 832100576 832100576 832100576 832100576 832100576 832100576 832100576 832100576 832100576 832100576 832100576 832100576 832100576 832100576 832100576 832100576 832100576 832100576 832100576 832100576 832100576 832100576 832100576 832100576 832100576 832100576 832100576 832100576 832100576 832100576 832100576 832100576 832100576 832100576 832100576 832100576 832100576 832100576 
832100576 832100576 832100576 832100576 832100576 832100576 832100576 832100576 832100576 832100576 832100576 832100576 832100576 832100576 832100576 832100576 832100576 832100576 832100576 832100576 832100576 832100576 832100576 832100576 832100576 832100576 832100576 832100576 832100576 832100576 832100576 832100576 832100576 832100576 832100576 832100576 832100576 832100576 832100576 832100576 832100576 832100576 832100576 832100576 832100576 832100576 832100576 832100576 
832100576 832100576 832100576 832100576 832100576 832100576 832100576 832100576 832100576 832100576 832100576 832100576 832100576 832100576 832100576 832100576 832100576 832100576 832100576 832100576 832100576 832100576 832100576 832100576 832100576 832100576 832100576 832100576 832100576 832100576 832100576 832100576 832100576 832100576 832100576 832100576 832100576 832100576 832100576 832100576 832100576 832100576 832100576 832100576 832100576 832100576 832100576 832100576 
832100576 832100576 832100576 832100576 832100576 832100576 832100576 832100576 832100576 832100576 832100576 832100576 832100576 832100576 832100576 832100576 832100576 832100576 832100576 832100576 832100576 832100576 832100576 832100576 832100576 832100576 832100576 832100576 832100576 832100576 832100576 832100576 832100576 832100576 832100576 832100576 832100576 832100576 832100576 832100576 832100576 832100576 832100576 832100576 832100576 832100576 832100576 832100576 
832100576 832100576 832100576 832100576 832100576 832100576 832100576 832100576 832100576 832100576 832100576 832100576 832100576 832100576 832100576 832100576 832100576 832100576 832100576 832100576 832100576 832100576 832100576 832100576 832100576 832100576 832100576 832100576 832100576 832100576 832100576 832100576 832100576 832100576 832100576 832100576 832100576 832100576 832100576 832100576 832100576 832100576 832100576 832100576 832100576 832100576 832100576 832100576 
832100576 832100576 832100576 832100576 832100576 832100576 832100576 832100576 832100576 832100576 832100576 832100576 832100576 832100576 832100576 832100576 832100576 832100576 832100576 832100576 832100576 832100576 832100576 832100576 832100576 832100576 832100576 832100576 832100576 832100576 832100576 832100576 832100576 832100576 832100576 832100576 832100576 832100576 832100576 832100576 832100576 832100576 832100576 832100576 832100576 832100576 832100576 832100576 
832100576 832100576 832100576 832100576 832100576 832100576 832100576 832100576 832100576 832100576 832100576 832100576 832100576 832100576 832100576 832100576 832100576 832100576 832100576 832100576 832100576 832100576 832100576 832100576 832100576 832100576 832100576 832100576 832100576 832100576 832100576 832100576 832100576 832100576 832100576 832100576 832100576 832100576 832100576 832100576 832100576 832100576 832100576 832100576 832100576 832100576 832100576 832100576 
832100576 832100576 832100576 832100576 832100576 832100576 832100576 832100576 832100576 832100576 832100576 832100576 832100576 832100576 832100576 832100576 832100576 832100576 832100576 832100576 832100576 832100576 832100576 832100576 832100576 832100576 832100576 832100576 832100576 832100576 832100576 832100576 832100576 832100576 832100576 832100576 832100576 832100576 832100576 832100576 832100576 832100576 832100576 832100576 832100576 832100576 832100576 832100576 
832100576 832100576 832100576 832100576 832100576 832100576 832100576 832100576 832100576 832100576 832100576 832100576 832100576 832100576 832100576 832100576 832100576 832100576 832100576 832100576 832100576 832100576 832100576 832100576 832100576 832100576 832100576 832100576 832100576 832100576 832100576 832100576 832100576 832100576 832100576 832100576 832100576 832100576 832100576 832100576 832100576 832100576 832100576 832100576 832100576 832100576 832100576 832100576 
832100576 832100576 832100576 832100576 832100576 832100576 832100576 832100576 832100576 832100576 832100576 832100576 832100576 832100576 832100576 832100576 832100576 832100576 832100576 832100576 832100576 832100576 832100576 832100576 832100576 832100576 832100576 832100576 832100576 832100576 832100576 832100576 832100576 832100576 832100576 832100576 832100576 832100576 832100576 832100576 832100576 832100576 832100576 832100576 832100576 832100576 832100576 832100576 
832100576 832100576 832100576 832100576 832100576 832100576 832100576 832100576 832100576 832100576 832100576 832100576 832100576 832100576 832100576 832100576 832100576 832100576 832100576 832100576 832100576 832100576 832100576 832100576 832100576 832100576 832100576 832100576 832100576 832100576 832100576 832100576 832100576 832100576 832100576 832100576 832100576 832100576 832100576 832100576 832100576 832100576 832100576 832100576 832100576 832100576 832100576 832100576 
832100576 832100576 832100576 832100576 832100576 832100576 832100576 832100576 832100576 832100576 832100576 832100576 832100576 832100576 832100576 832100576 832100576 832100576 832100576 832100576 832100576 832100576 832100576 832100576 832100576 832100576 832100576 832100576 832100576 832100576 832100576 832100576 832100576 832100576 832100576 832100576 832100576 832100576 832100576 832100576 832100576 832100576 832100576 832100576 832100576 832100576 832100576 832100576 
832100576 832100576 832100576 832100576 832100576 832100576 832100576 832100576 832100576 832100576 832100576 832100576 832100576 832100576 832100576 832100576 832100576 832100576 832100576 832100576 832100576 832100576 832100576 832100576 832100576 832100576 832100576 832100576 832100576 832100576 832100576 832100576 832100576 832100576 832100576 832100576 832100576 832100576 832100576 832100576 832100576 832100576 832100576 832100576 832100576 832100576 832100576 832100576 
832100576 832100576 832100576 832100576 832100576 832100576 832100576 832100576 832100576 832100576 832100576 832100576 832100576 832100576 832100576 832100576 832100576 832100576 832100576 832100576 832100576 832100576 832100576 832100576 832100576 832100576 832100576 832100576 832100576 832100576 832100576 832100576 832100576 832100576 832100576 832100576 832100576 832100576 832100576 832100576 832100576 832100576 832100576 832100576 832100576 832100576 832100576 832100576 
832100576 832100576 832100576 832100576 832100576 832100576 832100576 832100576 832100576 832100576 832100576 832100576 832100576 832100576 832100576 832100576 832100576 832100576 832100576 832100576 832100576 832100576 832100576 832100576 832100576 832100576 832100576 832100576 832100576 832100576 832100576 832100576 832100576 832100576 832100576 832100576 832100576 832100576 832100576 832100576 832100576 832100576 832100576 832100576 832100576 832100576 832100576 832100576 
832100576 832100576 832100576 832100576 832100576 832100576 832100576 832100576 832100576 832100576 832100576 832100576 832100576 832100576 832100576 832100576 832100576 832100576 832100576 832100576 832100576 832100576 832100576 832100576 832100576 832100576 832100576 832100576 832100576 832100576 832100576 832100576 832100576 832100576 832100576 832100576 832100576 832100576 832100576 832100576 832100576 832100576 832100576 832100576 832100576 832100576 832100576 832100576 
832100576 832100576 832100576 832100576 832100576 832100576 832100576 832100576 832100576 832100576 832100576 832100576 832100576 832100576 832100576 832100576 832100576 832100576 832100576 832100576 832100576 832100576 832100576 832100576 832100576 832100576 832100576 832100576 832100576 832100576 832100576 832100576 832100576 832100576 832100576 832100576 832100576 832100576 832100576 832100576 832100576 832100576 832100576 832100576 832100576 832100576 832100576 832100576 
832100576 832100576 832100576 832100576 832100576 832100576 832100576 832100576 832100576 832100576 832100576 832100576 832100576 832100576 832100576 832100576 832100576 832100576 832100576 832100576 832100576 832100576 832100576 832100576 832100576 832100576 832100576 832100576 832100576 832100576 832100576 832100576 832100576 832100576 832100576 832100576 832100576 832100576 832100576 832100576 832100576 832100576 832100576 832100576 832100576 832100576 832100576 832100576 
832100576 832100576 832100576 832100576 832100576 832100576 832100576 832100576 832100576 832100576 832100576 832100576 832100576 832100576 832100576 832100576 832100576 832100576 832100576 832100576 832100576 832100576 832100576 832100576 832100576 832100576 832100576 832100576 832100576 832100576 832100576 832100576 832100576 832100576 832100576 832100576 832100576 832100576 832100576 832100576 832100576 832100576 832100576 832100576 832100576 832100576 832100576 832100576 
832100576 832100576 832100576 832100576 832100576 832100576 832100576 832100576 832100576 832100576 832100576 832100576 832100576 832100576 832100576 832100576 832100576 832100576 832100576 832100576 832100576 832100576 832100576 832100576 832100576 832100576 832100576 832100576 832100576 832100576 832100576 832100576 832100576 832100576 832100576 832100576 832100576 832100576 832100576 832100576 832100576 832100576 832100576 832100576 832100576 832100576 832100576 832100576 
832100576 832100576 832100576 832100576 832100576 832100576 832100576 832100576 832100576 832100576 832100576 832100576 832100576 832100576 832100576 832100576 832100576 832100576 832100576 832100576 832100576 832100576 832100576 832100576 832100576 832100576 832100576 832100576 832100576 832100576 832100576 832100576 832100576 832100576 832100576 832100576 832100576 832100576 832100576 832100576 832100576 832100576 832100576 832100576 832100576 832100576 832100576 832100576 
832100576 832100576 832100576 832100576 832100576 832100576 832100576 832100576 832100576 832100576 832100576 832100576 832100576 832100576 832100576 832100576 832100576 832100576 832100576 832100576 832100576 832100576 832100576 832100576 832100576 832100576 832100576 832100576 832100576 832100576 832100576 832100576 832100576 832100576 832100576 832100576 832100576 832100576 832100576 832100576 832100576 832100576 832100576 832100576 832100576 832100576 832100576 832100576 
832100576 832100576 832100576 832100576 832100576 832100576 832100576 832100576 832100576 832100576 832100576 832100576 832100576 832100576 832100576 832100576 832100576 832100576 832100576 832100576 832100576 832100576 832100576 832100576 832100576 832100576 832100576 832100576 832100576 832100576 832100576 832100576 832100576 832100576 832100576 832100576 832100576 832100576 832100576 832100576 832100576 832100576 832100576 832100576 832100576 832100576 832100576 832100576 
832100576 832100576 832100576 832100576 832100576 832100576 832100576 832100576 832100576 832100576 832100576 832100576 832100576 832100576 832100576 832100576 832100576 832100576 832100576 832100576 832100576 832100576 832100576 832100576 832100576 832100576 832100576 832100576 832100576 832100576 832100576 832100576 832100576 832100576 832100576 832100576 832100576 832100576 832100576 832100576 832100576 832100576 832100576 832100576 832100576 832100576 832100576 832100576 
832100576 832100576 832100576 832100576 832100576 832100576 832100576 832100576 832100576 832100576 832100576 832100576 832100576 832100576 832100576 832100576 832100576 832100576 832100576 832100576 832100576 832100576 832100576 832100576 832100576 832100576 832100576 832100576 832100576 832100576 832100576 832100576 832100576 832100576 832100576 832100576 832100576 832100576 832100576 832100576 832100576 832100576 832100576 832100576 832100576 832100576 832100576 832100576 
832100576 832100576 832100576 832100576 832100576 832100576 832100576 832100576 832100576 832100576 832100576 832100576 832100576 832100576 832100576 832100576 832100576 832100576 832100576 832100576 832100576 832100576 832100576 832100576 832100576 832100576 832100576 832100576 832100576 832100576 832100576 832100576 832100576 832100576 832100576 832100576 832100576 832100576 832100576 832100576 832100576 832100576 832100576 832100576 832100576 832100576 832100576 832100576 
832100576 832100576 832100576 832100576 832100576 832100576 832100576 832100576 832100576 832100576 832100576 832100576 832100576 832100576 832100576 832100576 832100576 832100576 832100576 832100576 832100576 832100576 832100576 832100576 832100576 832100576 832100576 832100576 832100576 832100576 832100576 832100576 832100576 832100576 832100576 832100576 832100576 832100576 832100576 832100576 832100576 832100576 832100576 832100576 832100576 832100576 832100576 832100576 
832100576 832100576 832100576 832100576 832100576 832100576 832100576 832100576 832100576 832100576 832100576 832100576 832100576 832100576 832100576 832100576 832100576 832100576 832100576 832100576 832100576 832100576 832100576 832100576 832100576 832100576 832100576 832100576 832100576 832100576 832100576 832100576 832100576 832100576 832100576 832100576 832100576 832100576 832100576 832100576 832100576 832100576 832100576 832100576 832100576 832100576 832100576 832100576 
832100576 832100576 832100576 832100576 832100576 832100576 832100576 832100576 832100576 832100576 832100576 832100576 832100576 832100576 832100576 832100576 832100576 832100576 832100576 832100576 832100576 832100576 832100576 832100576 832100576 832100576 832100576 832100576 832100576 832100576 832100576 832100576 832100576 832100576 832100576 832100576 832100576 832100576 832100576 832100576 832100576 832100576 832100576 832100576 832100576 832100576 832100576 832100576 
832100576 832100576 832100576 832100576 832100576 832100576 832100576 832100576 832100576 832100576 832100576 832100576 832100576 832100576 832100576 832100576 832100576 832100576 832100576 832100576 832100576 832100576 832100576 832100576 832100576 832100576 832100576 832100576 832100576 832100576 832100576 832100576 832100576 832100576 832100576 832100576 832100576 832100576 832100576 832100576 832100576 832100576 832100576 832100576 832100576 832100576 832100576 832100576 
832100576 832100576 832100576 832100576 832100576 832100576 832100576 832100576 832100576 832100576 832100576 832100576 832100576 832100576 832100576 832100576 832100576 832100576 832100576 832100576 832100576 832100576 832100576 832100576 832100576 832100576 832100576 832100576 832100576 832100576 832100576 832100576 832100576 832100576 832100576 832100576 832100576 832100576 832100576 832100576 832100576 832100576 832100576 832100576 832100576 832100576 832100576 832100576 
832100576 832100576 832100576 832100576 832100576 832100576 832100576 832100576 832100576 832100576 832100576 832100576 832100576 832100576 832100576 832100576 832100576 832100576 832100576 832100576 832100576 832100576 832100576 832100576 832100576 832100576 832100576 832100576 832100576 832100576 832100576 832100576 832100576 832100576 832100576 832100576 832100576 832100576 832100576 832100576 832100576 832100576 832100576 832100576 832100576 832100576 832100576 832100576 
832100576 832100576 832100576 832100576 832100576 832100576 832100576 832100576 832100576 832100576 832100576 832100576 832100576 832100576 832100576 832100576 832100576 832100576 832100576 832100576 832100576 832100576 832100576 832100576 832100576 832100576 832100576 832100576 832100576 832100576 832100576 832100576 832100576 832100576 832100576 832100576 832100576 832100576 832100576 832100576 832100576 832100576 832100576 832100576 832100576 832100576 832100576 832100576 
832100576 832100576 832100576 832100576 832100576 832100576 832100576 832100576 832100576 832100576 832100576 832100576 832100576 832100576 832100576 832100576 832100576 832100576 832100576 832100576 832100576 832100576 832100576 832100576 832100576 832100576 832100576 832100576 832100576 832100576 832100576 832100576 832100576 832100576 832100576 832100576 832100576 832100576 832100576 832100576 832100576 832100576 832100576 832100576 832100576 832100576 832100576 832100576 
832100576 832100576 832100576 832100576 832100576 832100576 832100576 832100576 832100576 832100576 832100576 832100576 832100576 832100576 832100576 832100576 832100576 832100576 832100576 832100576 832100576 832100576 832100576 832100576 832100576 832100576 832100576 832100576 832100576 832100576 832100576 832100576 832100576 832100576 832100576 832100576 832100576 832100576 832100576 832100576 832100576 832100576 832100576 832100576 832100576 832100576 832100576 832100576 
832100576 832100576 832100576 832100576 832100576 832100576 832100576 832100576 832100576 832100576 832100576 832100576 832100576 832100576 832100576 832100576 832100576 832100576 832100576 832100576 832100576 832100576 832100576 832100576 832100576 832100576 832100576 832100576 832100576 832100576 832100576 832100576 832100576 832100576 832100576 832100576 832100576 832100576 832100576 832100576 832100576 832100576 832100576 832100576 832100576 832100576 832100576 832100576 
832100576 832100576 832100576 832100576 832100576 832100576 832100576 832100576 832100576 832100576 832100576 832100576 832100576 832100576 832100576 832100576 832100576 832100576 832100576 832100576 832100576 832100576 832100576 832100576 832100576 832100576 832100576 832100576 832100576 832100576 832100576 832100576 832100576 832100576 832100576 832100576 832100576 832100576 832100576 832100576 832100576 832100576 832100576 832100576 832100576 832100576 832100576 832100576 
832100576 832100576 832100576 832100576 832100576 832100576 832100576 832100576 832100576 832100576 832100576 832100576 832100576 832100576 832100576 832100576 832100576 832100576 832100576 832100576 832100576 832100576 832100576 832100576 832100576 832100576 832100576 832100576 832100576 832100576 832100576 832100576 832100576 832100576 832100576 832100576 832100576 832100576 832100576 832100576 832100576 832100576 832100576 832100576 832100576 832100576 832100576 832100576 
832100576 832100576 832100576 832100576 832100576 832100576 832100576 832100576 832100576 832100576 832100576 832100576 832100576 832100576 832100576 832100576 832100576 832100576 832100576 832100576 832100576 832100576 832100576 832100576 832100576 832100576 832100576 832100576 832100576 832100576 832100576 832100576 832100576 832100576 832100576 832100576 832100576 832100576 832100576 832100576 832100576 832100576 832100576 832100576 832100576 832100576 832100576 832100576 
832100576 832100576 832100576 832100576 832100576 832100576 832100576 832100576 832100576 832100576 832100576 832100576 832100576 832100576 832100576 832100576 832100576 832100576 832100576 832100576 832100576 832100576 832100576 832100576 832100576 832100576 832100576 832100576 832100576 832100576 832100576 832100576 832100576 832100576 832100576 832100576 832100576 832100576 832100576 832100576 832100576 832100576 832100576 832100576 832100576 832100576 832100576 832100576 
832100576 832100576 832100576 832100576 832100576 832100576 832100576 832100576 832100576 832100576 832100576 832100576 832100576 832100576 832100576 832100576 832100576 832100576 832100576 832100576 832100576 832100576 832100576 832100576 832100576 832100576 832100576 832100576 832100576 832100576 832100576 832100576 832100576 832100576 832100576 832100576 832100576 832100576 832100576 832100576 832100576 832100576 832100576 832100576 832100576 832100576 832100576 832100576 
832100576 832100576 832100576 832100576 832100576 832100576 832100576 832100576 832100576 832100576 832100576 832100576 832100576 832100576 832100576 832100576 832100576 832100576 832100576 832100576 832100576 832100576 832100576 832100576 832100576 832100576 832100576 832100576 832100576 832100576 832100576 832100576 832100576 832100576 832100576 832100576 832100576 832100576 832100576 832100576 832100576 832100576 832100576 832100576 832100576 832100576 832100576 832100576 
832100576 832100576 832100576 832100576 832100576 832100576 832100576 832100576 832100576 832100576 832100576 832100576 832100576 832100576 832100576 832100576 832100576 832100576 832100576 832100576 832100576 832100576 832100576 832100576 832100576 832100576 832100576 832100576 832100576 832100576 832100576 832100576 832100576 832100576 832100576 832100576 832100576 832100576 832100576 832100576 832100576 832100576 832100576 832100576 832100576 832100576 832100576 832100576 
832100576 832100576 832100576 832100576 832100576 832100576 832100576 832100576 832100576 832100576 832100576 832100576 832100576 832100576 832100576 832100576 832100576 832100576 832100576 832100576 832100576 832100576 832100576 832100576 832100576 832100576 832100576 832100576 832100576 832100576 832100576 832100576 832100576 832100576 832100576 832100576 832100576 832100576 832100576 832100576 832100576 832100576 832100576 832100576 832100576 832100576 832100576 832100576 
832100576 832100576 832100576 832100576 832100576 832100576 832100576 832100576 832100576 832100576 832100576 832100576 832100576 832100576 832100576 832100576 832100576 832100576 832100576 832100576 832100576 832100576 832100576 832100576 832100576 832100576 832100576 832100576 832100576 832100576 832100576 832100576 832100576 832100576 832100576 832100576 832100576 832100576 832100576 832100576 832100576 832100576 832100576 832100576 832100576 832100576 832100576 832100576 
832100576 832100576 832100576 832100576 832100576 832100576 832100576 832100576 832100576 832100576 832100576 832100576 832100576 832100576 832100576 832100576 832100576 832100576 832100576 832100576 832100576 832100576 832100576 832100576 832100576 832100576 832100576 832100576 832100576 832100576 832100576 832100576 832100576 832100576 832100576 832100576 832100576 832100576 832100576 832100576 832100576 832100576 832100576 832100576 832100576 832100576 832100576 832100576 
832100576 832100576 832100576 832100576 832100576 832100576 832100576 832100576 832100576 832100576 832100576 832100576 832100576 832100576 832100576 832100576 832100576 832100576 832100576 832100576 832100576 832100576 832100576 832100576 832100576 832100576 832100576 832100576 832100576 832100576 832100576 832100576 832100576 832100576 832100576 832100576 832100576 832100576 832100576 832100576 832100576 832100576 832100576 832100576 832100576 832100576 832100576 832100576 
832100576 832100576 832100576 832100576 832100576 832100576 832100576 832100576 832100576 832100576 832100576 832100576 832100576 832100576 832100576 832100576 832100576 832100576 832100576 832100576 832100576 832100576 832100576 832100576 832100576 832100576 832100576 832100576 832100576 832100576 832100576 832100576 832100576 832100576 832100576 832100576 832100576 832100576 832100576 832100576 832100576 832100576 832100576 832100576 832100576 832100576 832100576 832100576 
832100576 832100576 832100576 832100576 832100576 832100576 832100576 832100576 832100576 832100576 832100576 832100576 832100576 832100576 832100576 832100576 832100576 832100576 832100576 832100576 832100576 832100576 832100576 832100576 832100576 832100576 832100576 832100576 832100576 832100576 832100576 832100576 832100576 832100576 832100576 832100576 832100576 832100576 832100576 832100576 832100576 832100576 832100576 832100576 832100576 832100576 832100576 832100576 
832100576 832100576 832100576 832100576 832100576 832100576 832100576 832100576 832100576 832100576 832100576 832100576 832100576 832100576 832100576 832100576 832100576 832100576 832100576 832100576 832100576 832100576 832100576 832100576 832100576 832100576 832100576 832100576 832100576 832100576 832100576 832100576 832100576 832100576 832100576 832100576 832100576 832100576 832100576 832100576 832100576 832100576 832100576 832100576 832100576 832100576 832100576 832100576 
