832099092 832099088/n832100332 832100332 832100332 832100332 832100332 832100332 832100332 832100332 832100332 832100332 832100332 832100332 832100332 832100332 832100332 832100332 832100332 832100332 832100332 832100332 832100332 832100332 832100332 832100332 832100332 832100332 832100332 
832100332 832100332 832100332 832100332 832100332 832100332 832100332 832100332 832100332 832100332 832100332 832100332 832100332 832100332 832100332 832100332 832100332 832100332 832100332 832100332 832100332 832100332 832100332 832100332 832100332 832100332 832100332 
832100332 832100332 832100332 832100332 832100332 832100332 832100332 832100332 832100332 832100332 832100332 832100332 832100332 832100332 832100332 832100332 832100332 832100332 832100332 832100332 832100332 832100332 832100332 832100332 832100332 832100332 832100332 
832100332 832100332 832100332 832100332 832100332 832100332 832100332 832100332 832100332 832100332 832100332 832100332 832100332 832100332 832100332 832100332 832100332 832100332 832100332 832100332 832100332 832100332 832100332 832100332 832100332 832100332 832100332 
832100332 832100332 832100332 832100332 832100332 832100332 832100332 832100332 832100332 832100332 832100332 832100332 832100332 832100332 832100332 832100332 832100332 832100332 832100332 832100332 832100332 832100332 832100332 832100332 832100332 832100332 832100332 
832100332 832100332 832100332 832100332 832100332 832100332 832100332 832100332 832100332 832100332 832100332 832100332 832100332 832100332 832100332 832100332 832100332 832100332 832100332 832100332 832100332 832100332 832100332 832100332 832100332 832100332 832100332 
832100332 832100332 832100332 832100332 832100332 832100332 832100332 832100332 832100332 832100332 832100332 832100332 832100332 832100332 832100332 832100332 832100332 832100332 832100332 832100332 832100332 832100332 832100332 832100332 832100332 832100332 832100332 
832100332 832100332 832100332 832100332 832100332 832100332 832100332 832100332 832100332 832100332 832100332 832100332 832100332 832100332 832100332 832100332 832100332 832100332 832100332 832100332 832100332 832100332 832100332 832100332 832100332 832100332 832100332 
832100332 832100332 832100332 832100332 832100332 832100332 832100332 832100332 832100332 832100332 832100332 832100332 832100332 832100332 832100332 832100332 832100332 832100332 832100332 832100332 832100332 832100332 832100332 832100332 832100332 832100332 832100332 
832100332 832100332 832100332 832100332 832100332 832100332 832100332 832100332 832100332 832100332 832100332 832100332 832100332 832100332 832100332 832100332 832100332 832100332 832100332 832100332 832100332 832100332 832100332 832100332 832100332 832100332 832100332 
832100332 832100332 832100332 832100332 832100332 832100332 832100332 832100332 832100332 832100332 832100332 832100332 832100332 832100332 832100332 832100332 832100332 832100332 832100332 832100332 832100332 832100332 832100332 832100332 832100332 832100332 832100332 
832100332 832100332 832100332 832100332 832100332 832100332 832100332 832100332 832100332 832100332 832100332 832100332 832100332 832100332 832100332 832100332 832100332 832100332 832100332 832100332 832100332 832100332 832100332 832100332 832100332 832100332 832100332 
832100332 832100332 832100332 832100332 832100332 832100332 832100332 832100332 832100332 832100332 832100332 832100332 832100332 832100332 832100332 832100332 832100332 832100332 832100332 832100332 832100332 832100332 832100332 832100332 832100332 832100332 832100332 
832100332 832100332 832100332 832100332 832100332 832100332 832100332 832100332 832100332 832100332 832100332 832100332 832100332 832100332 832100332 832100332 832100332 832100332 832100332 832100332 832100332 832100332 832100332 832100332 832100332 832100332 832100332 
832100332 832100332 832100332 832100332 832100332 832100332 832100332 832100332 832100332 832100332 832100332 832100332 832100332 832100332 832100332 832100332 832100332 832100332 832100332 832100332 832100332 832100332 832100332 832100332 832100332 832100332 832100332 
832100332 832100332 832100332 832100332 832100332 832100332 832100332 832100332 832100332 832100332 832100332 832100332 832100332 832100332 832100332 832100332 832100332 832100332 832100332 832100332 832100332 832100332 832100332 832100332 832100332 832100332 832100332 
832100332 832100332 832100332 832100332 832100332 832100332 832100332 832100332 832100332 832100332 832100332 832100332 832100332 832100332 832100332 832100332 832100332 832100332 832100332 832100332 832100332 832100332 832100332 832100332 832100332 832100332 832100332 
832100332 832100332 832100332 832100332 832100332 832100332 832100332 832100332 832100332 832100332 832100332 832100332 832100332 832100332 832100332 832100332 832100332 832100332 832100332 832100332 832100332 832100332 832100332 832100332 832100332 832100332 832100332 
832100332 832100332 832100332 832100332 832100332 832100332 832100332 832100332 832100332 832100332 832100332 832100332 832100332 832100332 832100332 832100332 832100332 832100332 832100332 832100332 832100332 832100332 832100332 832100332 832100332 832100332 832100332 
832100332 832100332 832100332 832100332 832100332 832100332 832100332 832100332 832100332 832100332 832100332 832100332 832100332 832100332 832100332 832100332 832100332 832100332 832100332 832100332 832100332 832100332 832100332 832100332 832100332 832100332 832100332 
832100332 832100332 832100332 832100332 832100332 832100332 832100332 832100332 832100332 832100332 832100332 832100332 832100332 832100332 832100332 832100332 832100332 832100332 832100332 832100332 832100332 832100332 832100332 832100332 832100332 832100332 832100332 
832100332 832100332 832100332 832100332 832100332 832100332 832100332 832100332 832100332 832100332 832100332 832100332 832100332 832100332 832100332 832100332 832100332 832100332 832100332 832100332 832100332 832100332 832100332 832100332 832100332 832100332 832100332 
832100332 832100332 832100332 832100332 832100332 832100332 832100332 832100332 832100332 832100332 832100332 832100332 832100332 832100332 832100332 832100332 832100332 832100332 832100332 832100332 832100332 832100332 832100332 832100332 832100332 832100332 832100332 
832100332 832100332 832100332 832100332 832100332 832100332 832100332 832100332 832100332 832100332 832100332 832100332 832100332 832100332 832100332 832100332 832100332 832100332 832100332 832100332 832100332 832100332 832100332 832100332 832100332 832100332 832100332 
832100332 832100332 832100332 832100332 832100332 832100332 832100332 832100332 832100332 832100332 832100332 832100332 832100332 832100332 832100332 832100332 832100332 832100332 832100332 832100332 832100332 832100332 832100332 832100332 832100332 832100332 832100332 
832100332 832100332 832100332 832100332 832100332 832100332 832100332 832100332 832100332 832100332 832100332 832100332 832100332 832100332 832100332 832100332 832100332 832100332 832100332 832100332 832100332 832100332 832100332 832100332 832100332 832100332 832100332 
832100332 832100332 832100332 832100332 832100332 832100332 832100332 832100332 832100332 832100332 832100332 832100332 832100332 832100332 832100332 832100332 832100332 832100332 832100332 832100332 832100332 832100332 832100332 832100332 832100332 832100332 832100332 
832100332 832100332 832100332 832100332 832100332 832100332 832100332 832100332 832100332 832100332 832100332 832100332 832100332 832100332 832100332 832100332 832100332 832100332 832100332 832100332 832100332 832100332 832100332 832100332 832100332 832100332 832100332 
832100332 832100332 832100332 832100332 832100332 832100332 832100332 832100332 832100332 832100332 832100332 832100332 832100332 832100332 832100332 832100332 832100332 832100332 832100332 832100332 832100332 832100332 832100332 832100332 832100332 832100332 832100332 
832100332 832100332 832100332 832100332 832100332 832100332 832100332 832100332 832100332 832100332 832100332 832100332 832100332 832100332 832100332 832100332 832100332 832100332 832100332 832100332 832100332 832100332 832100332 832100332 832100332 832100332 832100332 
832100332 832100332 832100332 832100332 832100332 832100332 832100332 832100332 832100332 832100332 832100332 832100332 832100332 832100332 832100332 832100332 832100332 832100332 832100332 832100332 832100332 832100332 832100332 832100332 832100332 832100332 832100332 
832100332 832100332 832100332 832100332 832100332 832100332 832100332 832100332 832100332 832100332 832100332 832100332 832100332 832100332 832100332 832100332 832100332 832100332 832100332 832100332 832100332 832100332 832100332 832100332 832100332 832100332 832100332 
832100332 832100332 832100332 832100332 832100332 832100332 832100332 832100332 832100332 832100332 832100332 832100332 832100332 832100332 832100332 832100332 832100332 832100332 832100332 832100332 832100332 832100332 832100332 832100332 832100332 832100332 832100332 
832100332 832100332 832100332 832100332 832100332 832100332 832100332 832100332 832100332 832100332 832100332 832100332 832100332 832100332 832100332 832100332 832100332 832100332 832100332 832100332 832100332 832100332 832100332 832100332 832100332 832100332 832100332 
832100332 832100332 832100332 832100332 832100332 832100332 832100332 832100332 832100332 832100332 832100332 832100332 832100332 832100332 832100332 832100332 832100332 832100332 832100332 832100332 832100332 832100332 832100332 832100332 832100332 832100332 832100332 
832100332 832100332 832100332 832100332 832100332 832100332 832100332 832100332 832100332 832100332 832100332 832100332 832100332 832100332 832100332 832100332 832100332 832100332 832100332 832100332 832100332 832100332 832100332 832100332 832100332 832100332 832100332 
832100332 832100332 832100332 832100332 832100332 832100332 832100332 832100332 832100332 832100332 832100332 832100332 832100332 832100332 832100332 832100332 832100332 832100332 832100332 832100332 832100332 832100332 832100332 832100332 832100332 832100332 832100332 
832100332 832100332 832100332 832100332 832100332 832100332 832100332 832100332 832100332 832100332 832100332 832100332 832100332 832100332 832100332 832100332 832100332 832100332 832100332 832100332 832100332 832100332 832100332 832100332 832100332 832100332 832100332 
832100332 832100332 832100332 832100332 832100332 832100332 832100332 832100332 832100332 832100332 832100332 832100332 832100332 832100332 832100332 832100332 832100332 832100332 832100332 832100332 832100332 832100332 832100332 832100332 832100332 832100332 832100332 
832100332 832100332 832100332 832100332 832100332 832100332 832100332 832100332 832100332 832100332 832100332 832100332 832100332 832100332 832100332 832100332 832100332 832100332 832100332 832100332 832100332 832100332 832100332 832100332 832100332 832100332 832100332 
832100332 832100332 832100332 832100332 832100332 832100332 832100332 832100332 832100332 832100332 832100332 832100332 832100332 832100332 832100332 832100332 832100332 832100332 832100332 832100332 832100332 832100332 832100332 832100332 832100332 832100332 832100332 
832100332 832100332 832100332 832100332 832100332 832100332 832100332 832100332 832100332 832100332 832100332 832100332 832100332 832100332 832100332 832100332 832100332 832100332 832100332 832100332 832100332 832100332 832100332 832100332 832100332 832100332 832100332 
832100332 832100332 832100332 832100332 832100332 832100332 832100332 832100332 832100332 832100332 832100332 832100332 832100332 832100332 832100332 832100332 832100332 832100332 832100332 832100332 832100332 832100332 832100332 832100332 832100332 832100332 832100332 
832100332 832100332 832100332 832100332 832100332 832100332 832100332 832100332 832100332 832100332 832100332 832100332 832100332 832100332 832100332 832100332 832100332 832100332 832100332 832100332 832100332 832100332 832100332 832100332 832100332 832100332 832100332 
832100332 832100332 832100332 832100332 832100332 832100332 832100332 832100332 832100332 832100332 832100332 832100332 832100332 832100332 832100332 832100332 832100332 832100332 832100332 832100332 832100332 832100332 832100332 832100332 832100332 832100332 832100332 
832100332 832100332 832100332 832100332 832100332 832100332 832100332 832100332 832100332 832100332 832100332 832100332 832100332 832100332 832100332 832100332 832100332 832100332 832100332 832100332 832100332 832100332 832100332 832100332 832100332 832100332 832100332 
832100332 832100332 832100332 832100332 832100332 832100332 832100332 832100332 832100332 832100332 832100332 832100332 832100332 832100332 832100332 832100332 832100332 832100332 832100332 832100332 832100332 832100332 832100332 832100332 832100332 832100332 832100332 
832100332 832100332 832100332 832100332 832100332 832100332 832100332 832100332 832100332 832100332 832100332 832100332 832100332 832100332 832100332 832100332 832100332 832100332 832100332 832100332 832100332 832100332 832100332 832100332 832100332 832100332 832100332 
832100332 832100332 832100332 832100332 832100332 832100332 832100332 832100332 832100332 832100332 832100332 832100332 832100332 832100332 832100332 832100332 832100332 832100332 832100332 832100332 832100332 832100332 832100332 832100332 832100332 832100332 832100332 
832100332 832100332 832100332 832100332 832100332 832100332 832100332 832100332 832100332 832100332 832100332 832100332 832100332 832100332 832100332 832100332 832100332 832100332 832100332 832100332 832100332 832100332 832100332 832100332 832100332 832100332 832100332 
