832099092 832099088/n832099736 832099736 832099736 832099736 832099736 832099736 832099736 832099736 832099736 832099736 832099736 832099736 832099736 832099736 
832099736 832099736 832099736 832099736 832099736 832099736 832099736 832099736 832099736 832099736 832099736 832099736 832099736 832099736 
832099736 832099736 832099736 832099736 832099736 832099736 832099736 832099736 832099736 832099736 832099736 832099736 832099736 832099736 
832099736 832099736 832099736 832099736 832099736 832099736 832099736 832099736 832099736 832099736 832099736 832099736 832099736 832099736 
832099736 832099736 832099736 832099736 832099736 832099736 832099736 832099736 832099736 832099736 832099736 832099736 832099736 832099736 
832099736 832099736 832099736 832099736 832099736 832099736 832099736 832099736 832099736 832099736 832099736 832099736 832099736 832099736 
832099736 832099736 832099736 832099736 832099736 832099736 832099736 832099736 832099736 832099736 832099736 832099736 832099736 832099736 
832099736 832099736 832099736 832099736 832099736 832099736 832099736 832099736 832099736 832099736 832099736 832099736 832099736 832099736 
832099736 832099736 832099736 832099736 832099736 832099736 832099736 832099736 832099736 832099736 832099736 832099736 832099736 832099736 
832099736 832099736 832099736 832099736 832099736 832099736 832099736 832099736 832099736 832099736 832099736 832099736 832099736 832099736 
832099736 832099736 832099736 832099736 832099736 832099736 832099736 832099736 832099736 832099736 832099736 832099736 832099736 832099736 
832099736 832099736 832099736 832099736 832099736 832099736 832099736 832099736 832099736 832099736 832099736 832099736 832099736 832099736 
832099736 832099736 832099736 832099736 832099736 832099736 832099736 832099736 832099736 832099736 832099736 832099736 832099736 832099736 
832099736 832099736 832099736 832099736 832099736 832099736 832099736 832099736 832099736 832099736 832099736 832099736 832099736 832099736 
832099736 832099736 832099736 832099736 832099736 832099736 832099736 832099736 832099736 832099736 832099736 832099736 832099736 832099736 
832099736 832099736 832099736 832099736 832099736 832099736 832099736 832099736 832099736 832099736 832099736 832099736 832099736 832099736 
