832099092 832099088/n832099848 832099848 832099848 832099848 832099848 832099848 832099848 832099848 832099848 832099848 832099848 832099848 832099848 832099848 832099848 832099848 832099848 832099848 
832099848 832099848 832099848 832099848 832099848 832099848 832099848 832099848 832099848 832099848 832099848 832099848 832099848 832099848 832099848 832099848 832099848 832099848 
832099848 832099848 832099848 832099848 832099848 832099848 832099848 832099848 832099848 832099848 832099848 832099848 832099848 832099848 832099848 832099848 832099848 832099848 
832099848 832099848 832099848 832099848 832099848 832099848 832099848 832099848 832099848 832099848 832099848 832099848 832099848 832099848 832099848 832099848 832099848 832099848 
832099848 832099848 832099848 832099848 832099848 832099848 832099848 832099848 832099848 832099848 832099848 832099848 832099848 832099848 832099848 832099848 832099848 832099848 
832099848 832099848 832099848 832099848 832099848 832099848 832099848 832099848 832099848 832099848 832099848 832099848 832099848 832099848 832099848 832099848 832099848 832099848 
832099848 832099848 832099848 832099848 832099848 832099848 832099848 832099848 832099848 832099848 832099848 832099848 832099848 832099848 832099848 832099848 832099848 832099848 
832099848 832099848 832099848 832099848 832099848 832099848 832099848 832099848 832099848 832099848 832099848 832099848 832099848 832099848 832099848 832099848 832099848 832099848 
832099848 832099848 832099848 832099848 832099848 832099848 832099848 832099848 832099848 832099848 832099848 832099848 832099848 832099848 832099848 832099848 832099848 832099848 
832099848 832099848 832099848 832099848 832099848 832099848 832099848 832099848 832099848 832099848 832099848 832099848 832099848 832099848 832099848 832099848 832099848 832099848 
832099848 832099848 832099848 832099848 832099848 832099848 832099848 832099848 832099848 832099848 832099848 832099848 832099848 832099848 832099848 832099848 832099848 832099848 
832099848 832099848 832099848 832099848 832099848 832099848 832099848 832099848 832099848 832099848 832099848 832099848 832099848 832099848 832099848 832099848 832099848 832099848 
832099848 832099848 832099848 832099848 832099848 832099848 832099848 832099848 832099848 832099848 832099848 832099848 832099848 832099848 832099848 832099848 832099848 832099848 
832099848 832099848 832099848 832099848 832099848 832099848 832099848 832099848 832099848 832099848 832099848 832099848 832099848 832099848 832099848 832099848 832099848 832099848 
832099848 832099848 832099848 832099848 832099848 832099848 832099848 832099848 832099848 832099848 832099848 832099848 832099848 832099848 832099848 832099848 832099848 832099848 
832099848 832099848 832099848 832099848 832099848 832099848 832099848 832099848 832099848 832099848 832099848 832099848 832099848 832099848 832099848 832099848 832099848 832099848 
832099848 832099848 832099848 832099848 832099848 832099848 832099848 832099848 832099848 832099848 832099848 832099848 832099848 832099848 832099848 832099848 832099848 832099848 
832099848 832099848 832099848 832099848 832099848 832099848 832099848 832099848 832099848 832099848 832099848 832099848 832099848 832099848 832099848 832099848 832099848 832099848 
832099848 832099848 832099848 832099848 832099848 832099848 832099848 832099848 832099848 832099848 832099848 832099848 832099848 832099848 832099848 832099848 832099848 832099848 
832099848 832099848 832099848 832099848 832099848 832099848 832099848 832099848 832099848 832099848 832099848 832099848 832099848 832099848 832099848 832099848 832099848 832099848 
832099848 832099848 832099848 832099848 832099848 832099848 832099848 832099848 832099848 832099848 832099848 832099848 832099848 832099848 832099848 832099848 832099848 832099848 
832099848 832099848 832099848 832099848 832099848 832099848 832099848 832099848 832099848 832099848 832099848 832099848 832099848 832099848 832099848 832099848 832099848 832099848 
