832099092 832099088/n832099796 832099796 832099796 832099796 832099796 832099796 832099796 832099796 832099796 832099796 832099796 832099796 832099796 
832099796 832099796 832099796 832099796 832099796 832099796 832099796 832099796 832099796 832099796 832099796 832099796 832099796 
832099796 832099796 832099796 832099796 832099796 832099796 832099796 832099796 832099796 832099796 832099796 832099796 832099796 
832099796 832099796 832099796 832099796 832099796 832099796 832099796 832099796 832099796 832099796 832099796 832099796 832099796 
832099796 832099796 832099796 832099796 832099796 832099796 832099796 832099796 832099796 832099796 832099796 832099796 832099796 
832099796 832099796 832099796 832099796 832099796 832099796 832099796 832099796 832099796 832099796 832099796 832099796 832099796 
832099796 832099796 832099796 832099796 832099796 832099796 832099796 832099796 832099796 832099796 832099796 832099796 832099796 
832099796 832099796 832099796 832099796 832099796 832099796 832099796 832099796 832099796 832099796 832099796 832099796 832099796 
832099796 832099796 832099796 832099796 832099796 832099796 832099796 832099796 832099796 832099796 832099796 832099796 832099796 
832099796 832099796 832099796 832099796 832099796 832099796 832099796 832099796 832099796 832099796 832099796 832099796 832099796 
832099796 832099796 832099796 832099796 832099796 832099796 832099796 832099796 832099796 832099796 832099796 832099796 832099796 
832099796 832099796 832099796 832099796 832099796 832099796 832099796 832099796 832099796 832099796 832099796 832099796 832099796 
832099796 832099796 832099796 832099796 832099796 832099796 832099796 832099796 832099796 832099796 832099796 832099796 832099796 
832099796 832099796 832099796 832099796 832099796 832099796 832099796 832099796 832099796 832099796 832099796 832099796 832099796 
832099796 832099796 832099796 832099796 832099796 832099796 832099796 832099796 832099796 832099796 832099796 832099796 832099796 
832099796 832099796 832099796 832099796 832099796 832099796 832099796 832099796 832099796 832099796 832099796 832099796 832099796 
832099796 832099796 832099796 832099796 832099796 832099796 832099796 832099796 832099796 832099796 832099796 832099796 832099796 
832099796 832099796 832099796 832099796 832099796 832099796 832099796 832099796 832099796 832099796 832099796 832099796 832099796 
832099796 832099796 832099796 832099796 832099796 832099796 832099796 832099796 832099796 832099796 832099796 832099796 832099796 
832099796 832099796 832099796 832099796 832099796 832099796 832099796 832099796 832099796 832099796 832099796 832099796 832099796 
