832099092 832099088/n832100144 832100144 832100144 832100144 832100144 832100144 832100144 832100144 832100144 832100144 832100144 832100144 832100144 832100144 832100144 832100144 832100144 832100144 832100144 832100144 832100144 832100144 832100144 832100144 832100144 832100144 832100144 832100144 832100144 832100144 832100144 832100144 
832100144 832100144 832100144 832100144 832100144 832100144 832100144 832100144 832100144 832100144 832100144 832100144 832100144 832100144 832100144 832100144 832100144 832100144 832100144 832100144 832100144 832100144 832100144 832100144 832100144 832100144 832100144 832100144 832100144 832100144 832100144 832100144 
832100144 832100144 832100144 832100144 832100144 832100144 832100144 832100144 832100144 832100144 832100144 832100144 832100144 832100144 832100144 832100144 832100144 832100144 832100144 832100144 832100144 832100144 832100144 832100144 832100144 832100144 832100144 832100144 832100144 832100144 832100144 832100144 
832100144 832100144 832100144 832100144 832100144 832100144 832100144 832100144 832100144 832100144 832100144 832100144 832100144 832100144 832100144 832100144 832100144 832100144 832100144 832100144 832100144 832100144 832100144 832100144 832100144 832100144 832100144 832100144 832100144 832100144 832100144 832100144 
832100144 832100144 832100144 832100144 832100144 832100144 832100144 832100144 832100144 832100144 832100144 832100144 832100144 832100144 832100144 832100144 832100144 832100144 832100144 832100144 832100144 832100144 832100144 832100144 832100144 832100144 832100144 832100144 832100144 832100144 832100144 832100144 
832100144 832100144 832100144 832100144 832100144 832100144 832100144 832100144 832100144 832100144 832100144 832100144 832100144 832100144 832100144 832100144 832100144 832100144 832100144 832100144 832100144 832100144 832100144 832100144 832100144 832100144 832100144 832100144 832100144 832100144 832100144 832100144 
832100144 832100144 832100144 832100144 832100144 832100144 832100144 832100144 832100144 832100144 832100144 832100144 832100144 832100144 832100144 832100144 832100144 832100144 832100144 832100144 832100144 832100144 832100144 832100144 832100144 832100144 832100144 832100144 832100144 832100144 832100144 832100144 
832100144 832100144 832100144 832100144 832100144 832100144 832100144 832100144 832100144 832100144 832100144 832100144 832100144 832100144 832100144 832100144 832100144 832100144 832100144 832100144 832100144 832100144 832100144 832100144 832100144 832100144 832100144 832100144 832100144 832100144 832100144 832100144 
832100144 832100144 832100144 832100144 832100144 832100144 832100144 832100144 832100144 832100144 832100144 832100144 832100144 832100144 832100144 832100144 832100144 832100144 832100144 832100144 832100144 832100144 832100144 832100144 832100144 832100144 832100144 832100144 832100144 832100144 832100144 832100144 
832100144 832100144 832100144 832100144 832100144 832100144 832100144 832100144 832100144 832100144 832100144 832100144 832100144 832100144 832100144 832100144 832100144 832100144 832100144 832100144 832100144 832100144 832100144 832100144 832100144 832100144 832100144 832100144 832100144 832100144 832100144 832100144 
832100144 832100144 832100144 832100144 832100144 832100144 832100144 832100144 832100144 832100144 832100144 832100144 832100144 832100144 832100144 832100144 832100144 832100144 832100144 832100144 832100144 832100144 832100144 832100144 832100144 832100144 832100144 832100144 832100144 832100144 832100144 832100144 
832100144 832100144 832100144 832100144 832100144 832100144 832100144 832100144 832100144 832100144 832100144 832100144 832100144 832100144 832100144 832100144 832100144 832100144 832100144 832100144 832100144 832100144 832100144 832100144 832100144 832100144 832100144 832100144 832100144 832100144 832100144 832100144 
832100144 832100144 832100144 832100144 832100144 832100144 832100144 832100144 832100144 832100144 832100144 832100144 832100144 832100144 832100144 832100144 832100144 832100144 832100144 832100144 832100144 832100144 832100144 832100144 832100144 832100144 832100144 832100144 832100144 832100144 832100144 832100144 
832100144 832100144 832100144 832100144 832100144 832100144 832100144 832100144 832100144 832100144 832100144 832100144 832100144 832100144 832100144 832100144 832100144 832100144 832100144 832100144 832100144 832100144 832100144 832100144 832100144 832100144 832100144 832100144 832100144 832100144 832100144 832100144 
832100144 832100144 832100144 832100144 832100144 832100144 832100144 832100144 832100144 832100144 832100144 832100144 832100144 832100144 832100144 832100144 832100144 832100144 832100144 832100144 832100144 832100144 832100144 832100144 832100144 832100144 832100144 832100144 832100144 832100144 832100144 832100144 
832100144 832100144 832100144 832100144 832100144 832100144 832100144 832100144 832100144 832100144 832100144 832100144 832100144 832100144 832100144 832100144 832100144 832100144 832100144 832100144 832100144 832100144 832100144 832100144 832100144 832100144 832100144 832100144 832100144 832100144 832100144 832100144 
832100144 832100144 832100144 832100144 832100144 832100144 832100144 832100144 832100144 832100144 832100144 832100144 832100144 832100144 832100144 832100144 832100144 832100144 832100144 832100144 832100144 832100144 832100144 832100144 832100144 832100144 832100144 832100144 832100144 832100144 832100144 832100144 
832100144 832100144 832100144 832100144 832100144 832100144 832100144 832100144 832100144 832100144 832100144 832100144 832100144 832100144 832100144 832100144 832100144 832100144 832100144 832100144 832100144 832100144 832100144 832100144 832100144 832100144 832100144 832100144 832100144 832100144 832100144 832100144 
832100144 832100144 832100144 832100144 832100144 832100144 832100144 832100144 832100144 832100144 832100144 832100144 832100144 832100144 832100144 832100144 832100144 832100144 832100144 832100144 832100144 832100144 832100144 832100144 832100144 832100144 832100144 832100144 832100144 832100144 832100144 832100144 
832100144 832100144 832100144 832100144 832100144 832100144 832100144 832100144 832100144 832100144 832100144 832100144 832100144 832100144 832100144 832100144 832100144 832100144 832100144 832100144 832100144 832100144 832100144 832100144 832100144 832100144 832100144 832100144 832100144 832100144 832100144 832100144 
832100144 832100144 832100144 832100144 832100144 832100144 832100144 832100144 832100144 832100144 832100144 832100144 832100144 832100144 832100144 832100144 832100144 832100144 832100144 832100144 832100144 832100144 832100144 832100144 832100144 832100144 832100144 832100144 832100144 832100144 832100144 832100144 
832100144 832100144 832100144 832100144 832100144 832100144 832100144 832100144 832100144 832100144 832100144 832100144 832100144 832100144 832100144 832100144 832100144 832100144 832100144 832100144 832100144 832100144 832100144 832100144 832100144 832100144 832100144 832100144 832100144 832100144 832100144 832100144 
832100144 832100144 832100144 832100144 832100144 832100144 832100144 832100144 832100144 832100144 832100144 832100144 832100144 832100144 832100144 832100144 832100144 832100144 832100144 832100144 832100144 832100144 832100144 832100144 832100144 832100144 832100144 832100144 832100144 832100144 832100144 832100144 
832100144 832100144 832100144 832100144 832100144 832100144 832100144 832100144 832100144 832100144 832100144 832100144 832100144 832100144 832100144 832100144 832100144 832100144 832100144 832100144 832100144 832100144 832100144 832100144 832100144 832100144 832100144 832100144 832100144 832100144 832100144 832100144 
832100144 832100144 832100144 832100144 832100144 832100144 832100144 832100144 832100144 832100144 832100144 832100144 832100144 832100144 832100144 832100144 832100144 832100144 832100144 832100144 832100144 832100144 832100144 832100144 832100144 832100144 832100144 832100144 832100144 832100144 832100144 832100144 
832100144 832100144 832100144 832100144 832100144 832100144 832100144 832100144 832100144 832100144 832100144 832100144 832100144 832100144 832100144 832100144 832100144 832100144 832100144 832100144 832100144 832100144 832100144 832100144 832100144 832100144 832100144 832100144 832100144 832100144 832100144 832100144 
832100144 832100144 832100144 832100144 832100144 832100144 832100144 832100144 832100144 832100144 832100144 832100144 832100144 832100144 832100144 832100144 832100144 832100144 832100144 832100144 832100144 832100144 832100144 832100144 832100144 832100144 832100144 832100144 832100144 832100144 832100144 832100144 
832100144 832100144 832100144 832100144 832100144 832100144 832100144 832100144 832100144 832100144 832100144 832100144 832100144 832100144 832100144 832100144 832100144 832100144 832100144 832100144 832100144 832100144 832100144 832100144 832100144 832100144 832100144 832100144 832100144 832100144 832100144 832100144 
832100144 832100144 832100144 832100144 832100144 832100144 832100144 832100144 832100144 832100144 832100144 832100144 832100144 832100144 832100144 832100144 832100144 832100144 832100144 832100144 832100144 832100144 832100144 832100144 832100144 832100144 832100144 832100144 832100144 832100144 832100144 832100144 
832100144 832100144 832100144 832100144 832100144 832100144 832100144 832100144 832100144 832100144 832100144 832100144 832100144 832100144 832100144 832100144 832100144 832100144 832100144 832100144 832100144 832100144 832100144 832100144 832100144 832100144 832100144 832100144 832100144 832100144 832100144 832100144 
832100144 832100144 832100144 832100144 832100144 832100144 832100144 832100144 832100144 832100144 832100144 832100144 832100144 832100144 832100144 832100144 832100144 832100144 832100144 832100144 832100144 832100144 832100144 832100144 832100144 832100144 832100144 832100144 832100144 832100144 832100144 832100144 
832100144 832100144 832100144 832100144 832100144 832100144 832100144 832100144 832100144 832100144 832100144 832100144 832100144 832100144 832100144 832100144 832100144 832100144 832100144 832100144 832100144 832100144 832100144 832100144 832100144 832100144 832100144 832100144 832100144 832100144 832100144 832100144 
832100144 832100144 832100144 832100144 832100144 832100144 832100144 832100144 832100144 832100144 832100144 832100144 832100144 832100144 832100144 832100144 832100144 832100144 832100144 832100144 832100144 832100144 832100144 832100144 832100144 832100144 832100144 832100144 832100144 832100144 832100144 832100144 
832100144 832100144 832100144 832100144 832100144 832100144 832100144 832100144 832100144 832100144 832100144 832100144 832100144 832100144 832100144 832100144 832100144 832100144 832100144 832100144 832100144 832100144 832100144 832100144 832100144 832100144 832100144 832100144 832100144 832100144 832100144 832100144 
832100144 832100144 832100144 832100144 832100144 832100144 832100144 832100144 832100144 832100144 832100144 832100144 832100144 832100144 832100144 832100144 832100144 832100144 832100144 832100144 832100144 832100144 832100144 832100144 832100144 832100144 832100144 832100144 832100144 832100144 832100144 832100144 
832100144 832100144 832100144 832100144 832100144 832100144 832100144 832100144 832100144 832100144 832100144 832100144 832100144 832100144 832100144 832100144 832100144 832100144 832100144 832100144 832100144 832100144 832100144 832100144 832100144 832100144 832100144 832100144 832100144 832100144 832100144 832100144 
832100144 832100144 832100144 832100144 832100144 832100144 832100144 832100144 832100144 832100144 832100144 832100144 832100144 832100144 832100144 832100144 832100144 832100144 832100144 832100144 832100144 832100144 832100144 832100144 832100144 832100144 832100144 832100144 832100144 832100144 832100144 832100144 
