832099092 832099088/n832099892 832099892 832099892 832099892 832099892 832099892 832099892 832099892 832099892 832099892 832099892 832099892 832099892 832099892 832099892 832099892 832099892 
832099892 832099892 832099892 832099892 832099892 832099892 832099892 832099892 832099892 832099892 832099892 832099892 832099892 832099892 832099892 832099892 832099892 
832099892 832099892 832099892 832099892 832099892 832099892 832099892 832099892 832099892 832099892 832099892 832099892 832099892 832099892 832099892 832099892 832099892 
832099892 832099892 832099892 832099892 832099892 832099892 832099892 832099892 832099892 832099892 832099892 832099892 832099892 832099892 832099892 832099892 832099892 
832099892 832099892 832099892 832099892 832099892 832099892 832099892 832099892 832099892 832099892 832099892 832099892 832099892 832099892 832099892 832099892 832099892 
832099892 832099892 832099892 832099892 832099892 832099892 832099892 832099892 832099892 832099892 832099892 832099892 832099892 832099892 832099892 832099892 832099892 
832099892 832099892 832099892 832099892 832099892 832099892 832099892 832099892 832099892 832099892 832099892 832099892 832099892 832099892 832099892 832099892 832099892 
832099892 832099892 832099892 832099892 832099892 832099892 832099892 832099892 832099892 832099892 832099892 832099892 832099892 832099892 832099892 832099892 832099892 
832099892 832099892 832099892 832099892 832099892 832099892 832099892 832099892 832099892 832099892 832099892 832099892 832099892 832099892 832099892 832099892 832099892 
832099892 832099892 832099892 832099892 832099892 832099892 832099892 832099892 832099892 832099892 832099892 832099892 832099892 832099892 832099892 832099892 832099892 
832099892 832099892 832099892 832099892 832099892 832099892 832099892 832099892 832099892 832099892 832099892 832099892 832099892 832099892 832099892 832099892 832099892 
832099892 832099892 832099892 832099892 832099892 832099892 832099892 832099892 832099892 832099892 832099892 832099892 832099892 832099892 832099892 832099892 832099892 
832099892 832099892 832099892 832099892 832099892 832099892 832099892 832099892 832099892 832099892 832099892 832099892 832099892 832099892 832099892 832099892 832099892 
832099892 832099892 832099892 832099892 832099892 832099892 832099892 832099892 832099892 832099892 832099892 832099892 832099892 832099892 832099892 832099892 832099892 
832099892 832099892 832099892 832099892 832099892 832099892 832099892 832099892 832099892 832099892 832099892 832099892 832099892 832099892 832099892 832099892 832099892 
832099892 832099892 832099892 832099892 832099892 832099892 832099892 832099892 832099892 832099892 832099892 832099892 832099892 832099892 832099892 832099892 832099892 
832099892 832099892 832099892 832099892 832099892 832099892 832099892 832099892 832099892 832099892 832099892 832099892 832099892 832099892 832099892 832099892 832099892 
832099892 832099892 832099892 832099892 832099892 832099892 832099892 832099892 832099892 832099892 832099892 832099892 832099892 832099892 832099892 832099892 832099892 
832099892 832099892 832099892 832099892 832099892 832099892 832099892 832099892 832099892 832099892 832099892 832099892 832099892 832099892 832099892 832099892 832099892 
832099892 832099892 832099892 832099892 832099892 832099892 832099892 832099892 832099892 832099892 832099892 832099892 832099892 832099892 832099892 832099892 832099892 
832099892 832099892 832099892 832099892 832099892 832099892 832099892 832099892 832099892 832099892 832099892 832099892 832099892 832099892 832099892 832099892 832099892 
832099892 832099892 832099892 832099892 832099892 832099892 832099892 832099892 832099892 832099892 832099892 832099892 832099892 832099892 832099892 832099892 832099892 
832099892 832099892 832099892 832099892 832099892 832099892 832099892 832099892 832099892 832099892 832099892 832099892 832099892 832099892 832099892 832099892 832099892 
832099892 832099892 832099892 832099892 832099892 832099892 832099892 832099892 832099892 832099892 832099892 832099892 832099892 832099892 832099892 832099892 832099892 
832099892 832099892 832099892 832099892 832099892 832099892 832099892 832099892 832099892 832099892 832099892 832099892 832099892 832099892 832099892 832099892 832099892 
