832099092 832099088/n832100224 832100224 832100224 832100224 832100224 832100224 832100224 832100224 832100224 832100224 832100224 832100224 832100224 832100224 832100224 832100224 832100224 832100224 832100224 832100224 832100224 832100224 832100224 832100224 832100224 832100224 832100224 832100224 832100224 832100224 832100224 832100224 832100224 832100224 832100224 832100224 
832100224 832100224 832100224 832100224 832100224 832100224 832100224 832100224 832100224 832100224 832100224 832100224 832100224 832100224 832100224 832100224 832100224 832100224 832100224 832100224 832100224 832100224 832100224 832100224 832100224 832100224 832100224 832100224 832100224 832100224 832100224 832100224 832100224 832100224 832100224 832100224 
832100224 832100224 832100224 832100224 832100224 832100224 832100224 832100224 832100224 832100224 832100224 832100224 832100224 832100224 832100224 832100224 832100224 832100224 832100224 832100224 832100224 832100224 832100224 832100224 832100224 832100224 832100224 832100224 832100224 832100224 832100224 832100224 832100224 832100224 832100224 832100224 
832100224 832100224 832100224 832100224 832100224 832100224 832100224 832100224 832100224 832100224 832100224 832100224 832100224 832100224 832100224 832100224 832100224 832100224 832100224 832100224 832100224 832100224 832100224 832100224 832100224 832100224 832100224 832100224 832100224 832100224 832100224 832100224 832100224 832100224 832100224 832100224 
832100224 832100224 832100224 832100224 832100224 832100224 832100224 832100224 832100224 832100224 832100224 832100224 832100224 832100224 832100224 832100224 832100224 832100224 832100224 832100224 832100224 832100224 832100224 832100224 832100224 832100224 832100224 832100224 832100224 832100224 832100224 832100224 832100224 832100224 832100224 832100224 
832100224 832100224 832100224 832100224 832100224 832100224 832100224 832100224 832100224 832100224 832100224 832100224 832100224 832100224 832100224 832100224 832100224 832100224 832100224 832100224 832100224 832100224 832100224 832100224 832100224 832100224 832100224 832100224 832100224 832100224 832100224 832100224 832100224 832100224 832100224 832100224 
832100224 832100224 832100224 832100224 832100224 832100224 832100224 832100224 832100224 832100224 832100224 832100224 832100224 832100224 832100224 832100224 832100224 832100224 832100224 832100224 832100224 832100224 832100224 832100224 832100224 832100224 832100224 832100224 832100224 832100224 832100224 832100224 832100224 832100224 832100224 832100224 
832100224 832100224 832100224 832100224 832100224 832100224 832100224 832100224 832100224 832100224 832100224 832100224 832100224 832100224 832100224 832100224 832100224 832100224 832100224 832100224 832100224 832100224 832100224 832100224 832100224 832100224 832100224 832100224 832100224 832100224 832100224 832100224 832100224 832100224 832100224 832100224 
832100224 832100224 832100224 832100224 832100224 832100224 832100224 832100224 832100224 832100224 832100224 832100224 832100224 832100224 832100224 832100224 832100224 832100224 832100224 832100224 832100224 832100224 832100224 832100224 832100224 832100224 832100224 832100224 832100224 832100224 832100224 832100224 832100224 832100224 832100224 832100224 
832100224 832100224 832100224 832100224 832100224 832100224 832100224 832100224 832100224 832100224 832100224 832100224 832100224 832100224 832100224 832100224 832100224 832100224 832100224 832100224 832100224 832100224 832100224 832100224 832100224 832100224 832100224 832100224 832100224 832100224 832100224 832100224 832100224 832100224 832100224 832100224 
832100224 832100224 832100224 832100224 832100224 832100224 832100224 832100224 832100224 832100224 832100224 832100224 832100224 832100224 832100224 832100224 832100224 832100224 832100224 832100224 832100224 832100224 832100224 832100224 832100224 832100224 832100224 832100224 832100224 832100224 832100224 832100224 832100224 832100224 832100224 832100224 
832100224 832100224 832100224 832100224 832100224 832100224 832100224 832100224 832100224 832100224 832100224 832100224 832100224 832100224 832100224 832100224 832100224 832100224 832100224 832100224 832100224 832100224 832100224 832100224 832100224 832100224 832100224 832100224 832100224 832100224 832100224 832100224 832100224 832100224 832100224 832100224 
832100224 832100224 832100224 832100224 832100224 832100224 832100224 832100224 832100224 832100224 832100224 832100224 832100224 832100224 832100224 832100224 832100224 832100224 832100224 832100224 832100224 832100224 832100224 832100224 832100224 832100224 832100224 832100224 832100224 832100224 832100224 832100224 832100224 832100224 832100224 832100224 
832100224 832100224 832100224 832100224 832100224 832100224 832100224 832100224 832100224 832100224 832100224 832100224 832100224 832100224 832100224 832100224 832100224 832100224 832100224 832100224 832100224 832100224 832100224 832100224 832100224 832100224 832100224 832100224 832100224 832100224 832100224 832100224 832100224 832100224 832100224 832100224 
832100224 832100224 832100224 832100224 832100224 832100224 832100224 832100224 832100224 832100224 832100224 832100224 832100224 832100224 832100224 832100224 832100224 832100224 832100224 832100224 832100224 832100224 832100224 832100224 832100224 832100224 832100224 832100224 832100224 832100224 832100224 832100224 832100224 832100224 832100224 832100224 
832100224 832100224 832100224 832100224 832100224 832100224 832100224 832100224 832100224 832100224 832100224 832100224 832100224 832100224 832100224 832100224 832100224 832100224 832100224 832100224 832100224 832100224 832100224 832100224 832100224 832100224 832100224 832100224 832100224 832100224 832100224 832100224 832100224 832100224 832100224 832100224 
832100224 832100224 832100224 832100224 832100224 832100224 832100224 832100224 832100224 832100224 832100224 832100224 832100224 832100224 832100224 832100224 832100224 832100224 832100224 832100224 832100224 832100224 832100224 832100224 832100224 832100224 832100224 832100224 832100224 832100224 832100224 832100224 832100224 832100224 832100224 832100224 
832100224 832100224 832100224 832100224 832100224 832100224 832100224 832100224 832100224 832100224 832100224 832100224 832100224 832100224 832100224 832100224 832100224 832100224 832100224 832100224 832100224 832100224 832100224 832100224 832100224 832100224 832100224 832100224 832100224 832100224 832100224 832100224 832100224 832100224 832100224 832100224 
832100224 832100224 832100224 832100224 832100224 832100224 832100224 832100224 832100224 832100224 832100224 832100224 832100224 832100224 832100224 832100224 832100224 832100224 832100224 832100224 832100224 832100224 832100224 832100224 832100224 832100224 832100224 832100224 832100224 832100224 832100224 832100224 832100224 832100224 832100224 832100224 
832100224 832100224 832100224 832100224 832100224 832100224 832100224 832100224 832100224 832100224 832100224 832100224 832100224 832100224 832100224 832100224 832100224 832100224 832100224 832100224 832100224 832100224 832100224 832100224 832100224 832100224 832100224 832100224 832100224 832100224 832100224 832100224 832100224 832100224 832100224 832100224 
832100224 832100224 832100224 832100224 832100224 832100224 832100224 832100224 832100224 832100224 832100224 832100224 832100224 832100224 832100224 832100224 832100224 832100224 832100224 832100224 832100224 832100224 832100224 832100224 832100224 832100224 832100224 832100224 832100224 832100224 832100224 832100224 832100224 832100224 832100224 832100224 
832100224 832100224 832100224 832100224 832100224 832100224 832100224 832100224 832100224 832100224 832100224 832100224 832100224 832100224 832100224 832100224 832100224 832100224 832100224 832100224 832100224 832100224 832100224 832100224 832100224 832100224 832100224 832100224 832100224 832100224 832100224 832100224 832100224 832100224 832100224 832100224 
832100224 832100224 832100224 832100224 832100224 832100224 832100224 832100224 832100224 832100224 832100224 832100224 832100224 832100224 832100224 832100224 832100224 832100224 832100224 832100224 832100224 832100224 832100224 832100224 832100224 832100224 832100224 832100224 832100224 832100224 832100224 832100224 832100224 832100224 832100224 832100224 
832100224 832100224 832100224 832100224 832100224 832100224 832100224 832100224 832100224 832100224 832100224 832100224 832100224 832100224 832100224 832100224 832100224 832100224 832100224 832100224 832100224 832100224 832100224 832100224 832100224 832100224 832100224 832100224 832100224 832100224 832100224 832100224 832100224 832100224 832100224 832100224 
832100224 832100224 832100224 832100224 832100224 832100224 832100224 832100224 832100224 832100224 832100224 832100224 832100224 832100224 832100224 832100224 832100224 832100224 832100224 832100224 832100224 832100224 832100224 832100224 832100224 832100224 832100224 832100224 832100224 832100224 832100224 832100224 832100224 832100224 832100224 832100224 
832100224 832100224 832100224 832100224 832100224 832100224 832100224 832100224 832100224 832100224 832100224 832100224 832100224 832100224 832100224 832100224 832100224 832100224 832100224 832100224 832100224 832100224 832100224 832100224 832100224 832100224 832100224 832100224 832100224 832100224 832100224 832100224 832100224 832100224 832100224 832100224 
832100224 832100224 832100224 832100224 832100224 832100224 832100224 832100224 832100224 832100224 832100224 832100224 832100224 832100224 832100224 832100224 832100224 832100224 832100224 832100224 832100224 832100224 832100224 832100224 832100224 832100224 832100224 832100224 832100224 832100224 832100224 832100224 832100224 832100224 832100224 832100224 
832100224 832100224 832100224 832100224 832100224 832100224 832100224 832100224 832100224 832100224 832100224 832100224 832100224 832100224 832100224 832100224 832100224 832100224 832100224 832100224 832100224 832100224 832100224 832100224 832100224 832100224 832100224 832100224 832100224 832100224 832100224 832100224 832100224 832100224 832100224 832100224 
832100224 832100224 832100224 832100224 832100224 832100224 832100224 832100224 832100224 832100224 832100224 832100224 832100224 832100224 832100224 832100224 832100224 832100224 832100224 832100224 832100224 832100224 832100224 832100224 832100224 832100224 832100224 832100224 832100224 832100224 832100224 832100224 832100224 832100224 832100224 832100224 
832100224 832100224 832100224 832100224 832100224 832100224 832100224 832100224 832100224 832100224 832100224 832100224 832100224 832100224 832100224 832100224 832100224 832100224 832100224 832100224 832100224 832100224 832100224 832100224 832100224 832100224 832100224 832100224 832100224 832100224 832100224 832100224 832100224 832100224 832100224 832100224 
832100224 832100224 832100224 832100224 832100224 832100224 832100224 832100224 832100224 832100224 832100224 832100224 832100224 832100224 832100224 832100224 832100224 832100224 832100224 832100224 832100224 832100224 832100224 832100224 832100224 832100224 832100224 832100224 832100224 832100224 832100224 832100224 832100224 832100224 832100224 832100224 
832100224 832100224 832100224 832100224 832100224 832100224 832100224 832100224 832100224 832100224 832100224 832100224 832100224 832100224 832100224 832100224 832100224 832100224 832100224 832100224 832100224 832100224 832100224 832100224 832100224 832100224 832100224 832100224 832100224 832100224 832100224 832100224 832100224 832100224 832100224 832100224 
832100224 832100224 832100224 832100224 832100224 832100224 832100224 832100224 832100224 832100224 832100224 832100224 832100224 832100224 832100224 832100224 832100224 832100224 832100224 832100224 832100224 832100224 832100224 832100224 832100224 832100224 832100224 832100224 832100224 832100224 832100224 832100224 832100224 832100224 832100224 832100224 
832100224 832100224 832100224 832100224 832100224 832100224 832100224 832100224 832100224 832100224 832100224 832100224 832100224 832100224 832100224 832100224 832100224 832100224 832100224 832100224 832100224 832100224 832100224 832100224 832100224 832100224 832100224 832100224 832100224 832100224 832100224 832100224 832100224 832100224 832100224 832100224 
832100224 832100224 832100224 832100224 832100224 832100224 832100224 832100224 832100224 832100224 832100224 832100224 832100224 832100224 832100224 832100224 832100224 832100224 832100224 832100224 832100224 832100224 832100224 832100224 832100224 832100224 832100224 832100224 832100224 832100224 832100224 832100224 832100224 832100224 832100224 832100224 
832100224 832100224 832100224 832100224 832100224 832100224 832100224 832100224 832100224 832100224 832100224 832100224 832100224 832100224 832100224 832100224 832100224 832100224 832100224 832100224 832100224 832100224 832100224 832100224 832100224 832100224 832100224 832100224 832100224 832100224 832100224 832100224 832100224 832100224 832100224 832100224 
832100224 832100224 832100224 832100224 832100224 832100224 832100224 832100224 832100224 832100224 832100224 832100224 832100224 832100224 832100224 832100224 832100224 832100224 832100224 832100224 832100224 832100224 832100224 832100224 832100224 832100224 832100224 832100224 832100224 832100224 832100224 832100224 832100224 832100224 832100224 832100224 
832100224 832100224 832100224 832100224 832100224 832100224 832100224 832100224 832100224 832100224 832100224 832100224 832100224 832100224 832100224 832100224 832100224 832100224 832100224 832100224 832100224 832100224 832100224 832100224 832100224 832100224 832100224 832100224 832100224 832100224 832100224 832100224 832100224 832100224 832100224 832100224 
832100224 832100224 832100224 832100224 832100224 832100224 832100224 832100224 832100224 832100224 832100224 832100224 832100224 832100224 832100224 832100224 832100224 832100224 832100224 832100224 832100224 832100224 832100224 832100224 832100224 832100224 832100224 832100224 832100224 832100224 832100224 832100224 832100224 832100224 832100224 832100224 
832100224 832100224 832100224 832100224 832100224 832100224 832100224 832100224 832100224 832100224 832100224 832100224 832100224 832100224 832100224 832100224 832100224 832100224 832100224 832100224 832100224 832100224 832100224 832100224 832100224 832100224 832100224 832100224 832100224 832100224 832100224 832100224 832100224 832100224 832100224 832100224 
832100224 832100224 832100224 832100224 832100224 832100224 832100224 832100224 832100224 832100224 832100224 832100224 832100224 832100224 832100224 832100224 832100224 832100224 832100224 832100224 832100224 832100224 832100224 832100224 832100224 832100224 832100224 832100224 832100224 832100224 832100224 832100224 832100224 832100224 832100224 832100224 
