832099092 832099088/n832100072 832100072 832100072 832100072 832100072 832100072 832100072 832100072 832100072 832100072 832100072 832100072 832100072 832100072 832100072 832100072 832100072 832100072 832100072 832100072 832100072 832100072 832100072 832100072 832100072 832100072 832100072 832100072 832100072 832100072 832100072 832100072 832100072 832100072 832100072 832100072 832100072 832100072 
832100072 832100072 832100072 832100072 832100072 832100072 832100072 832100072 832100072 832100072 832100072 832100072 832100072 832100072 832100072 832100072 832100072 832100072 832100072 832100072 832100072 832100072 832100072 832100072 832100072 832100072 832100072 832100072 832100072 832100072 832100072 832100072 832100072 832100072 832100072 832100072 832100072 832100072 
832100072 832100072 832100072 832100072 832100072 832100072 832100072 832100072 832100072 832100072 832100072 832100072 832100072 832100072 832100072 832100072 832100072 832100072 832100072 832100072 832100072 832100072 832100072 832100072 832100072 832100072 832100072 832100072 832100072 832100072 832100072 832100072 832100072 832100072 832100072 832100072 832100072 832100072 
832100072 832100072 832100072 832100072 832100072 832100072 832100072 832100072 832100072 832100072 832100072 832100072 832100072 832100072 832100072 832100072 832100072 832100072 832100072 832100072 832100072 832100072 832100072 832100072 832100072 832100072 832100072 832100072 832100072 832100072 832100072 832100072 832100072 832100072 832100072 832100072 832100072 832100072 
832100072 832100072 832100072 832100072 832100072 832100072 832100072 832100072 832100072 832100072 832100072 832100072 832100072 832100072 832100072 832100072 832100072 832100072 832100072 832100072 832100072 832100072 832100072 832100072 832100072 832100072 832100072 832100072 832100072 832100072 832100072 832100072 832100072 832100072 832100072 832100072 832100072 832100072 
832100072 832100072 832100072 832100072 832100072 832100072 832100072 832100072 832100072 832100072 832100072 832100072 832100072 832100072 832100072 832100072 832100072 832100072 832100072 832100072 832100072 832100072 832100072 832100072 832100072 832100072 832100072 832100072 832100072 832100072 832100072 832100072 832100072 832100072 832100072 832100072 832100072 832100072 
832100072 832100072 832100072 832100072 832100072 832100072 832100072 832100072 832100072 832100072 832100072 832100072 832100072 832100072 832100072 832100072 832100072 832100072 832100072 832100072 832100072 832100072 832100072 832100072 832100072 832100072 832100072 832100072 832100072 832100072 832100072 832100072 832100072 832100072 832100072 832100072 832100072 832100072 
832100072 832100072 832100072 832100072 832100072 832100072 832100072 832100072 832100072 832100072 832100072 832100072 832100072 832100072 832100072 832100072 832100072 832100072 832100072 832100072 832100072 832100072 832100072 832100072 832100072 832100072 832100072 832100072 832100072 832100072 832100072 832100072 832100072 832100072 832100072 832100072 832100072 832100072 
832100072 832100072 832100072 832100072 832100072 832100072 832100072 832100072 832100072 832100072 832100072 832100072 832100072 832100072 832100072 832100072 832100072 832100072 832100072 832100072 832100072 832100072 832100072 832100072 832100072 832100072 832100072 832100072 832100072 832100072 832100072 832100072 832100072 832100072 832100072 832100072 832100072 832100072 
832100072 832100072 832100072 832100072 832100072 832100072 832100072 832100072 832100072 832100072 832100072 832100072 832100072 832100072 832100072 832100072 832100072 832100072 832100072 832100072 832100072 832100072 832100072 832100072 832100072 832100072 832100072 832100072 832100072 832100072 832100072 832100072 832100072 832100072 832100072 832100072 832100072 832100072 
832100072 832100072 832100072 832100072 832100072 832100072 832100072 832100072 832100072 832100072 832100072 832100072 832100072 832100072 832100072 832100072 832100072 832100072 832100072 832100072 832100072 832100072 832100072 832100072 832100072 832100072 832100072 832100072 832100072 832100072 832100072 832100072 832100072 832100072 832100072 832100072 832100072 832100072 
832100072 832100072 832100072 832100072 832100072 832100072 832100072 832100072 832100072 832100072 832100072 832100072 832100072 832100072 832100072 832100072 832100072 832100072 832100072 832100072 832100072 832100072 832100072 832100072 832100072 832100072 832100072 832100072 832100072 832100072 832100072 832100072 832100072 832100072 832100072 832100072 832100072 832100072 
832100072 832100072 832100072 832100072 832100072 832100072 832100072 832100072 832100072 832100072 832100072 832100072 832100072 832100072 832100072 832100072 832100072 832100072 832100072 832100072 832100072 832100072 832100072 832100072 832100072 832100072 832100072 832100072 832100072 832100072 832100072 832100072 832100072 832100072 832100072 832100072 832100072 832100072 
832100072 832100072 832100072 832100072 832100072 832100072 832100072 832100072 832100072 832100072 832100072 832100072 832100072 832100072 832100072 832100072 832100072 832100072 832100072 832100072 832100072 832100072 832100072 832100072 832100072 832100072 832100072 832100072 832100072 832100072 832100072 832100072 832100072 832100072 832100072 832100072 832100072 832100072 
832100072 832100072 832100072 832100072 832100072 832100072 832100072 832100072 832100072 832100072 832100072 832100072 832100072 832100072 832100072 832100072 832100072 832100072 832100072 832100072 832100072 832100072 832100072 832100072 832100072 832100072 832100072 832100072 832100072 832100072 832100072 832100072 832100072 832100072 832100072 832100072 832100072 832100072 
832100072 832100072 832100072 832100072 832100072 832100072 832100072 832100072 832100072 832100072 832100072 832100072 832100072 832100072 832100072 832100072 832100072 832100072 832100072 832100072 832100072 832100072 832100072 832100072 832100072 832100072 832100072 832100072 832100072 832100072 832100072 832100072 832100072 832100072 832100072 832100072 832100072 832100072 
832100072 832100072 832100072 832100072 832100072 832100072 832100072 832100072 832100072 832100072 832100072 832100072 832100072 832100072 832100072 832100072 832100072 832100072 832100072 832100072 832100072 832100072 832100072 832100072 832100072 832100072 832100072 832100072 832100072 832100072 832100072 832100072 832100072 832100072 832100072 832100072 832100072 832100072 
832100072 832100072 832100072 832100072 832100072 832100072 832100072 832100072 832100072 832100072 832100072 832100072 832100072 832100072 832100072 832100072 832100072 832100072 832100072 832100072 832100072 832100072 832100072 832100072 832100072 832100072 832100072 832100072 832100072 832100072 832100072 832100072 832100072 832100072 832100072 832100072 832100072 832100072 
832100072 832100072 832100072 832100072 832100072 832100072 832100072 832100072 832100072 832100072 832100072 832100072 832100072 832100072 832100072 832100072 832100072 832100072 832100072 832100072 832100072 832100072 832100072 832100072 832100072 832100072 832100072 832100072 832100072 832100072 832100072 832100072 832100072 832100072 832100072 832100072 832100072 832100072 
832100072 832100072 832100072 832100072 832100072 832100072 832100072 832100072 832100072 832100072 832100072 832100072 832100072 832100072 832100072 832100072 832100072 832100072 832100072 832100072 832100072 832100072 832100072 832100072 832100072 832100072 832100072 832100072 832100072 832100072 832100072 832100072 832100072 832100072 832100072 832100072 832100072 832100072 
832100072 832100072 832100072 832100072 832100072 832100072 832100072 832100072 832100072 832100072 832100072 832100072 832100072 832100072 832100072 832100072 832100072 832100072 832100072 832100072 832100072 832100072 832100072 832100072 832100072 832100072 832100072 832100072 832100072 832100072 832100072 832100072 832100072 832100072 832100072 832100072 832100072 832100072 
832100072 832100072 832100072 832100072 832100072 832100072 832100072 832100072 832100072 832100072 832100072 832100072 832100072 832100072 832100072 832100072 832100072 832100072 832100072 832100072 832100072 832100072 832100072 832100072 832100072 832100072 832100072 832100072 832100072 832100072 832100072 832100072 832100072 832100072 832100072 832100072 832100072 832100072 
832100072 832100072 832100072 832100072 832100072 832100072 832100072 832100072 832100072 832100072 832100072 832100072 832100072 832100072 832100072 832100072 832100072 832100072 832100072 832100072 832100072 832100072 832100072 832100072 832100072 832100072 832100072 832100072 832100072 832100072 832100072 832100072 832100072 832100072 832100072 832100072 832100072 832100072 
832100072 832100072 832100072 832100072 832100072 832100072 832100072 832100072 832100072 832100072 832100072 832100072 832100072 832100072 832100072 832100072 832100072 832100072 832100072 832100072 832100072 832100072 832100072 832100072 832100072 832100072 832100072 832100072 832100072 832100072 832100072 832100072 832100072 832100072 832100072 832100072 832100072 832100072 
832100072 832100072 832100072 832100072 832100072 832100072 832100072 832100072 832100072 832100072 832100072 832100072 832100072 832100072 832100072 832100072 832100072 832100072 832100072 832100072 832100072 832100072 832100072 832100072 832100072 832100072 832100072 832100072 832100072 832100072 832100072 832100072 832100072 832100072 832100072 832100072 832100072 832100072 
832100072 832100072 832100072 832100072 832100072 832100072 832100072 832100072 832100072 832100072 832100072 832100072 832100072 832100072 832100072 832100072 832100072 832100072 832100072 832100072 832100072 832100072 832100072 832100072 832100072 832100072 832100072 832100072 832100072 832100072 832100072 832100072 832100072 832100072 832100072 832100072 832100072 832100072 
832100072 832100072 832100072 832100072 832100072 832100072 832100072 832100072 832100072 832100072 832100072 832100072 832100072 832100072 832100072 832100072 832100072 832100072 832100072 832100072 832100072 832100072 832100072 832100072 832100072 832100072 832100072 832100072 832100072 832100072 832100072 832100072 832100072 832100072 832100072 832100072 832100072 832100072 
832100072 832100072 832100072 832100072 832100072 832100072 832100072 832100072 832100072 832100072 832100072 832100072 832100072 832100072 832100072 832100072 832100072 832100072 832100072 832100072 832100072 832100072 832100072 832100072 832100072 832100072 832100072 832100072 832100072 832100072 832100072 832100072 832100072 832100072 832100072 832100072 832100072 832100072 
832100072 832100072 832100072 832100072 832100072 832100072 832100072 832100072 832100072 832100072 832100072 832100072 832100072 832100072 832100072 832100072 832100072 832100072 832100072 832100072 832100072 832100072 832100072 832100072 832100072 832100072 832100072 832100072 832100072 832100072 832100072 832100072 832100072 832100072 832100072 832100072 832100072 832100072 
832100072 832100072 832100072 832100072 832100072 832100072 832100072 832100072 832100072 832100072 832100072 832100072 832100072 832100072 832100072 832100072 832100072 832100072 832100072 832100072 832100072 832100072 832100072 832100072 832100072 832100072 832100072 832100072 832100072 832100072 832100072 832100072 832100072 832100072 832100072 832100072 832100072 832100072 
832100072 832100072 832100072 832100072 832100072 832100072 832100072 832100072 832100072 832100072 832100072 832100072 832100072 832100072 832100072 832100072 832100072 832100072 832100072 832100072 832100072 832100072 832100072 832100072 832100072 832100072 832100072 832100072 832100072 832100072 832100072 832100072 832100072 832100072 832100072 832100072 832100072 832100072 
