832099092 832099088/n832099792 832099792 832099792 832099792 832099792 832099792 832099792 832099792 832099792 832099792 832099792 832099792 832099792 832099792 832099792 832099792 
832099792 832099792 832099792 832099792 832099792 832099792 832099792 832099792 832099792 832099792 832099792 832099792 832099792 832099792 832099792 832099792 
832099792 832099792 832099792 832099792 832099792 832099792 832099792 832099792 832099792 832099792 832099792 832099792 832099792 832099792 832099792 832099792 
832099792 832099792 832099792 832099792 832099792 832099792 832099792 832099792 832099792 832099792 832099792 832099792 832099792 832099792 832099792 832099792 
832099792 832099792 832099792 832099792 832099792 832099792 832099792 832099792 832099792 832099792 832099792 832099792 832099792 832099792 832099792 832099792 
832099792 832099792 832099792 832099792 832099792 832099792 832099792 832099792 832099792 832099792 832099792 832099792 832099792 832099792 832099792 832099792 
832099792 832099792 832099792 832099792 832099792 832099792 832099792 832099792 832099792 832099792 832099792 832099792 832099792 832099792 832099792 832099792 
832099792 832099792 832099792 832099792 832099792 832099792 832099792 832099792 832099792 832099792 832099792 832099792 832099792 832099792 832099792 832099792 
832099792 832099792 832099792 832099792 832099792 832099792 832099792 832099792 832099792 832099792 832099792 832099792 832099792 832099792 832099792 832099792 
832099792 832099792 832099792 832099792 832099792 832099792 832099792 832099792 832099792 832099792 832099792 832099792 832099792 832099792 832099792 832099792 
832099792 832099792 832099792 832099792 832099792 832099792 832099792 832099792 832099792 832099792 832099792 832099792 832099792 832099792 832099792 832099792 
832099792 832099792 832099792 832099792 832099792 832099792 832099792 832099792 832099792 832099792 832099792 832099792 832099792 832099792 832099792 832099792 
832099792 832099792 832099792 832099792 832099792 832099792 832099792 832099792 832099792 832099792 832099792 832099792 832099792 832099792 832099792 832099792 
832099792 832099792 832099792 832099792 832099792 832099792 832099792 832099792 832099792 832099792 832099792 832099792 832099792 832099792 832099792 832099792 
832099792 832099792 832099792 832099792 832099792 832099792 832099792 832099792 832099792 832099792 832099792 832099792 832099792 832099792 832099792 832099792 
832099792 832099792 832099792 832099792 832099792 832099792 832099792 832099792 832099792 832099792 832099792 832099792 832099792 832099792 832099792 832099792 
832099792 832099792 832099792 832099792 832099792 832099792 832099792 832099792 832099792 832099792 832099792 832099792 832099792 832099792 832099792 832099792 
832099792 832099792 832099792 832099792 832099792 832099792 832099792 832099792 832099792 832099792 832099792 832099792 832099792 832099792 832099792 832099792 
832099792 832099792 832099792 832099792 832099792 832099792 832099792 832099792 832099792 832099792 832099792 832099792 832099792 832099792 832099792 832099792 
