832099092 832099088/n832099756 832099756 832099756 832099756 832099756 832099756 832099756 832099756 832099756 832099756 832099756 
832099756 832099756 832099756 832099756 832099756 832099756 832099756 832099756 832099756 832099756 832099756 
832099756 832099756 832099756 832099756 832099756 832099756 832099756 832099756 832099756 832099756 832099756 
832099756 832099756 832099756 832099756 832099756 832099756 832099756 832099756 832099756 832099756 832099756 
832099756 832099756 832099756 832099756 832099756 832099756 832099756 832099756 832099756 832099756 832099756 
832099756 832099756 832099756 832099756 832099756 832099756 832099756 832099756 832099756 832099756 832099756 
832099756 832099756 832099756 832099756 832099756 832099756 832099756 832099756 832099756 832099756 832099756 
832099756 832099756 832099756 832099756 832099756 832099756 832099756 832099756 832099756 832099756 832099756 
832099756 832099756 832099756 832099756 832099756 832099756 832099756 832099756 832099756 832099756 832099756 
832099756 832099756 832099756 832099756 832099756 832099756 832099756 832099756 832099756 832099756 832099756 
832099756 832099756 832099756 832099756 832099756 832099756 832099756 832099756 832099756 832099756 832099756 
832099756 832099756 832099756 832099756 832099756 832099756 832099756 832099756 832099756 832099756 832099756 
832099756 832099756 832099756 832099756 832099756 832099756 832099756 832099756 832099756 832099756 832099756 
832099756 832099756 832099756 832099756 832099756 832099756 832099756 832099756 832099756 832099756 832099756 
832099756 832099756 832099756 832099756 832099756 832099756 832099756 832099756 832099756 832099756 832099756 
832099756 832099756 832099756 832099756 832099756 832099756 832099756 832099756 832099756 832099756 832099756 
832099756 832099756 832099756 832099756 832099756 832099756 832099756 832099756 832099756 832099756 832099756 
832099756 832099756 832099756 832099756 832099756 832099756 832099756 832099756 832099756 832099756 832099756 
