832099092 832099088/n832100304 832100304 832100304 832100304 832100304 832100304 832100304 832100304 832100304 832100304 832100304 832100304 832100304 832100304 832100304 832100304 832100304 832100304 832100304 832100304 832100304 832100304 832100304 832100304 832100304 832100304 832100304 832100304 832100304 832100304 832100304 832100304 832100304 832100304 832100304 832100304 832100304 832100304 832100304 832100304 
832100304 832100304 832100304 832100304 832100304 832100304 832100304 832100304 832100304 832100304 832100304 832100304 832100304 832100304 832100304 832100304 832100304 832100304 832100304 832100304 832100304 832100304 832100304 832100304 832100304 832100304 832100304 832100304 832100304 832100304 832100304 832100304 832100304 832100304 832100304 832100304 832100304 832100304 832100304 832100304 
832100304 832100304 832100304 832100304 832100304 832100304 832100304 832100304 832100304 832100304 832100304 832100304 832100304 832100304 832100304 832100304 832100304 832100304 832100304 832100304 832100304 832100304 832100304 832100304 832100304 832100304 832100304 832100304 832100304 832100304 832100304 832100304 832100304 832100304 832100304 832100304 832100304 832100304 832100304 832100304 
832100304 832100304 832100304 832100304 832100304 832100304 832100304 832100304 832100304 832100304 832100304 832100304 832100304 832100304 832100304 832100304 832100304 832100304 832100304 832100304 832100304 832100304 832100304 832100304 832100304 832100304 832100304 832100304 832100304 832100304 832100304 832100304 832100304 832100304 832100304 832100304 832100304 832100304 832100304 832100304 
832100304 832100304 832100304 832100304 832100304 832100304 832100304 832100304 832100304 832100304 832100304 832100304 832100304 832100304 832100304 832100304 832100304 832100304 832100304 832100304 832100304 832100304 832100304 832100304 832100304 832100304 832100304 832100304 832100304 832100304 832100304 832100304 832100304 832100304 832100304 832100304 832100304 832100304 832100304 832100304 
832100304 832100304 832100304 832100304 832100304 832100304 832100304 832100304 832100304 832100304 832100304 832100304 832100304 832100304 832100304 832100304 832100304 832100304 832100304 832100304 832100304 832100304 832100304 832100304 832100304 832100304 832100304 832100304 832100304 832100304 832100304 832100304 832100304 832100304 832100304 832100304 832100304 832100304 832100304 832100304 
832100304 832100304 832100304 832100304 832100304 832100304 832100304 832100304 832100304 832100304 832100304 832100304 832100304 832100304 832100304 832100304 832100304 832100304 832100304 832100304 832100304 832100304 832100304 832100304 832100304 832100304 832100304 832100304 832100304 832100304 832100304 832100304 832100304 832100304 832100304 832100304 832100304 832100304 832100304 832100304 
832100304 832100304 832100304 832100304 832100304 832100304 832100304 832100304 832100304 832100304 832100304 832100304 832100304 832100304 832100304 832100304 832100304 832100304 832100304 832100304 832100304 832100304 832100304 832100304 832100304 832100304 832100304 832100304 832100304 832100304 832100304 832100304 832100304 832100304 832100304 832100304 832100304 832100304 832100304 832100304 
832100304 832100304 832100304 832100304 832100304 832100304 832100304 832100304 832100304 832100304 832100304 832100304 832100304 832100304 832100304 832100304 832100304 832100304 832100304 832100304 832100304 832100304 832100304 832100304 832100304 832100304 832100304 832100304 832100304 832100304 832100304 832100304 832100304 832100304 832100304 832100304 832100304 832100304 832100304 832100304 
832100304 832100304 832100304 832100304 832100304 832100304 832100304 832100304 832100304 832100304 832100304 832100304 832100304 832100304 832100304 832100304 832100304 832100304 832100304 832100304 832100304 832100304 832100304 832100304 832100304 832100304 832100304 832100304 832100304 832100304 832100304 832100304 832100304 832100304 832100304 832100304 832100304 832100304 832100304 832100304 
832100304 832100304 832100304 832100304 832100304 832100304 832100304 832100304 832100304 832100304 832100304 832100304 832100304 832100304 832100304 832100304 832100304 832100304 832100304 832100304 832100304 832100304 832100304 832100304 832100304 832100304 832100304 832100304 832100304 832100304 832100304 832100304 832100304 832100304 832100304 832100304 832100304 832100304 832100304 832100304 
832100304 832100304 832100304 832100304 832100304 832100304 832100304 832100304 832100304 832100304 832100304 832100304 832100304 832100304 832100304 832100304 832100304 832100304 832100304 832100304 832100304 832100304 832100304 832100304 832100304 832100304 832100304 832100304 832100304 832100304 832100304 832100304 832100304 832100304 832100304 832100304 832100304 832100304 832100304 832100304 
832100304 832100304 832100304 832100304 832100304 832100304 832100304 832100304 832100304 832100304 832100304 832100304 832100304 832100304 832100304 832100304 832100304 832100304 832100304 832100304 832100304 832100304 832100304 832100304 832100304 832100304 832100304 832100304 832100304 832100304 832100304 832100304 832100304 832100304 832100304 832100304 832100304 832100304 832100304 832100304 
832100304 832100304 832100304 832100304 832100304 832100304 832100304 832100304 832100304 832100304 832100304 832100304 832100304 832100304 832100304 832100304 832100304 832100304 832100304 832100304 832100304 832100304 832100304 832100304 832100304 832100304 832100304 832100304 832100304 832100304 832100304 832100304 832100304 832100304 832100304 832100304 832100304 832100304 832100304 832100304 
832100304 832100304 832100304 832100304 832100304 832100304 832100304 832100304 832100304 832100304 832100304 832100304 832100304 832100304 832100304 832100304 832100304 832100304 832100304 832100304 832100304 832100304 832100304 832100304 832100304 832100304 832100304 832100304 832100304 832100304 832100304 832100304 832100304 832100304 832100304 832100304 832100304 832100304 832100304 832100304 
832100304 832100304 832100304 832100304 832100304 832100304 832100304 832100304 832100304 832100304 832100304 832100304 832100304 832100304 832100304 832100304 832100304 832100304 832100304 832100304 832100304 832100304 832100304 832100304 832100304 832100304 832100304 832100304 832100304 832100304 832100304 832100304 832100304 832100304 832100304 832100304 832100304 832100304 832100304 832100304 
832100304 832100304 832100304 832100304 832100304 832100304 832100304 832100304 832100304 832100304 832100304 832100304 832100304 832100304 832100304 832100304 832100304 832100304 832100304 832100304 832100304 832100304 832100304 832100304 832100304 832100304 832100304 832100304 832100304 832100304 832100304 832100304 832100304 832100304 832100304 832100304 832100304 832100304 832100304 832100304 
832100304 832100304 832100304 832100304 832100304 832100304 832100304 832100304 832100304 832100304 832100304 832100304 832100304 832100304 832100304 832100304 832100304 832100304 832100304 832100304 832100304 832100304 832100304 832100304 832100304 832100304 832100304 832100304 832100304 832100304 832100304 832100304 832100304 832100304 832100304 832100304 832100304 832100304 832100304 832100304 
832100304 832100304 832100304 832100304 832100304 832100304 832100304 832100304 832100304 832100304 832100304 832100304 832100304 832100304 832100304 832100304 832100304 832100304 832100304 832100304 832100304 832100304 832100304 832100304 832100304 832100304 832100304 832100304 832100304 832100304 832100304 832100304 832100304 832100304 832100304 832100304 832100304 832100304 832100304 832100304 
832100304 832100304 832100304 832100304 832100304 832100304 832100304 832100304 832100304 832100304 832100304 832100304 832100304 832100304 832100304 832100304 832100304 832100304 832100304 832100304 832100304 832100304 832100304 832100304 832100304 832100304 832100304 832100304 832100304 832100304 832100304 832100304 832100304 832100304 832100304 832100304 832100304 832100304 832100304 832100304 
832100304 832100304 832100304 832100304 832100304 832100304 832100304 832100304 832100304 832100304 832100304 832100304 832100304 832100304 832100304 832100304 832100304 832100304 832100304 832100304 832100304 832100304 832100304 832100304 832100304 832100304 832100304 832100304 832100304 832100304 832100304 832100304 832100304 832100304 832100304 832100304 832100304 832100304 832100304 832100304 
832100304 832100304 832100304 832100304 832100304 832100304 832100304 832100304 832100304 832100304 832100304 832100304 832100304 832100304 832100304 832100304 832100304 832100304 832100304 832100304 832100304 832100304 832100304 832100304 832100304 832100304 832100304 832100304 832100304 832100304 832100304 832100304 832100304 832100304 832100304 832100304 832100304 832100304 832100304 832100304 
832100304 832100304 832100304 832100304 832100304 832100304 832100304 832100304 832100304 832100304 832100304 832100304 832100304 832100304 832100304 832100304 832100304 832100304 832100304 832100304 832100304 832100304 832100304 832100304 832100304 832100304 832100304 832100304 832100304 832100304 832100304 832100304 832100304 832100304 832100304 832100304 832100304 832100304 832100304 832100304 
832100304 832100304 832100304 832100304 832100304 832100304 832100304 832100304 832100304 832100304 832100304 832100304 832100304 832100304 832100304 832100304 832100304 832100304 832100304 832100304 832100304 832100304 832100304 832100304 832100304 832100304 832100304 832100304 832100304 832100304 832100304 832100304 832100304 832100304 832100304 832100304 832100304 832100304 832100304 832100304 
832100304 832100304 832100304 832100304 832100304 832100304 832100304 832100304 832100304 832100304 832100304 832100304 832100304 832100304 832100304 832100304 832100304 832100304 832100304 832100304 832100304 832100304 832100304 832100304 832100304 832100304 832100304 832100304 832100304 832100304 832100304 832100304 832100304 832100304 832100304 832100304 832100304 832100304 832100304 832100304 
832100304 832100304 832100304 832100304 832100304 832100304 832100304 832100304 832100304 832100304 832100304 832100304 832100304 832100304 832100304 832100304 832100304 832100304 832100304 832100304 832100304 832100304 832100304 832100304 832100304 832100304 832100304 832100304 832100304 832100304 832100304 832100304 832100304 832100304 832100304 832100304 832100304 832100304 832100304 832100304 
832100304 832100304 832100304 832100304 832100304 832100304 832100304 832100304 832100304 832100304 832100304 832100304 832100304 832100304 832100304 832100304 832100304 832100304 832100304 832100304 832100304 832100304 832100304 832100304 832100304 832100304 832100304 832100304 832100304 832100304 832100304 832100304 832100304 832100304 832100304 832100304 832100304 832100304 832100304 832100304 
832100304 832100304 832100304 832100304 832100304 832100304 832100304 832100304 832100304 832100304 832100304 832100304 832100304 832100304 832100304 832100304 832100304 832100304 832100304 832100304 832100304 832100304 832100304 832100304 832100304 832100304 832100304 832100304 832100304 832100304 832100304 832100304 832100304 832100304 832100304 832100304 832100304 832100304 832100304 832100304 
832100304 832100304 832100304 832100304 832100304 832100304 832100304 832100304 832100304 832100304 832100304 832100304 832100304 832100304 832100304 832100304 832100304 832100304 832100304 832100304 832100304 832100304 832100304 832100304 832100304 832100304 832100304 832100304 832100304 832100304 832100304 832100304 832100304 832100304 832100304 832100304 832100304 832100304 832100304 832100304 
832100304 832100304 832100304 832100304 832100304 832100304 832100304 832100304 832100304 832100304 832100304 832100304 832100304 832100304 832100304 832100304 832100304 832100304 832100304 832100304 832100304 832100304 832100304 832100304 832100304 832100304 832100304 832100304 832100304 832100304 832100304 832100304 832100304 832100304 832100304 832100304 832100304 832100304 832100304 832100304 
832100304 832100304 832100304 832100304 832100304 832100304 832100304 832100304 832100304 832100304 832100304 832100304 832100304 832100304 832100304 832100304 832100304 832100304 832100304 832100304 832100304 832100304 832100304 832100304 832100304 832100304 832100304 832100304 832100304 832100304 832100304 832100304 832100304 832100304 832100304 832100304 832100304 832100304 832100304 832100304 
832100304 832100304 832100304 832100304 832100304 832100304 832100304 832100304 832100304 832100304 832100304 832100304 832100304 832100304 832100304 832100304 832100304 832100304 832100304 832100304 832100304 832100304 832100304 832100304 832100304 832100304 832100304 832100304 832100304 832100304 832100304 832100304 832100304 832100304 832100304 832100304 832100304 832100304 832100304 832100304 
832100304 832100304 832100304 832100304 832100304 832100304 832100304 832100304 832100304 832100304 832100304 832100304 832100304 832100304 832100304 832100304 832100304 832100304 832100304 832100304 832100304 832100304 832100304 832100304 832100304 832100304 832100304 832100304 832100304 832100304 832100304 832100304 832100304 832100304 832100304 832100304 832100304 832100304 832100304 832100304 
832100304 832100304 832100304 832100304 832100304 832100304 832100304 832100304 832100304 832100304 832100304 832100304 832100304 832100304 832100304 832100304 832100304 832100304 832100304 832100304 832100304 832100304 832100304 832100304 832100304 832100304 832100304 832100304 832100304 832100304 832100304 832100304 832100304 832100304 832100304 832100304 832100304 832100304 832100304 832100304 
832100304 832100304 832100304 832100304 832100304 832100304 832100304 832100304 832100304 832100304 832100304 832100304 832100304 832100304 832100304 832100304 832100304 832100304 832100304 832100304 832100304 832100304 832100304 832100304 832100304 832100304 832100304 832100304 832100304 832100304 832100304 832100304 832100304 832100304 832100304 832100304 832100304 832100304 832100304 832100304 
832100304 832100304 832100304 832100304 832100304 832100304 832100304 832100304 832100304 832100304 832100304 832100304 832100304 832100304 832100304 832100304 832100304 832100304 832100304 832100304 832100304 832100304 832100304 832100304 832100304 832100304 832100304 832100304 832100304 832100304 832100304 832100304 832100304 832100304 832100304 832100304 832100304 832100304 832100304 832100304 
832100304 832100304 832100304 832100304 832100304 832100304 832100304 832100304 832100304 832100304 832100304 832100304 832100304 832100304 832100304 832100304 832100304 832100304 832100304 832100304 832100304 832100304 832100304 832100304 832100304 832100304 832100304 832100304 832100304 832100304 832100304 832100304 832100304 832100304 832100304 832100304 832100304 832100304 832100304 832100304 
832100304 832100304 832100304 832100304 832100304 832100304 832100304 832100304 832100304 832100304 832100304 832100304 832100304 832100304 832100304 832100304 832100304 832100304 832100304 832100304 832100304 832100304 832100304 832100304 832100304 832100304 832100304 832100304 832100304 832100304 832100304 832100304 832100304 832100304 832100304 832100304 832100304 832100304 832100304 832100304 
832100304 832100304 832100304 832100304 832100304 832100304 832100304 832100304 832100304 832100304 832100304 832100304 832100304 832100304 832100304 832100304 832100304 832100304 832100304 832100304 832100304 832100304 832100304 832100304 832100304 832100304 832100304 832100304 832100304 832100304 832100304 832100304 832100304 832100304 832100304 832100304 832100304 832100304 832100304 832100304 
832100304 832100304 832100304 832100304 832100304 832100304 832100304 832100304 832100304 832100304 832100304 832100304 832100304 832100304 832100304 832100304 832100304 832100304 832100304 832100304 832100304 832100304 832100304 832100304 832100304 832100304 832100304 832100304 832100304 832100304 832100304 832100304 832100304 832100304 832100304 832100304 832100304 832100304 832100304 832100304 
832100304 832100304 832100304 832100304 832100304 832100304 832100304 832100304 832100304 832100304 832100304 832100304 832100304 832100304 832100304 832100304 832100304 832100304 832100304 832100304 832100304 832100304 832100304 832100304 832100304 832100304 832100304 832100304 832100304 832100304 832100304 832100304 832100304 832100304 832100304 832100304 832100304 832100304 832100304 832100304 
832100304 832100304 832100304 832100304 832100304 832100304 832100304 832100304 832100304 832100304 832100304 832100304 832100304 832100304 832100304 832100304 832100304 832100304 832100304 832100304 832100304 832100304 832100304 832100304 832100304 832100304 832100304 832100304 832100304 832100304 832100304 832100304 832100304 832100304 832100304 832100304 832100304 832100304 832100304 832100304 
832100304 832100304 832100304 832100304 832100304 832100304 832100304 832100304 832100304 832100304 832100304 832100304 832100304 832100304 832100304 832100304 832100304 832100304 832100304 832100304 832100304 832100304 832100304 832100304 832100304 832100304 832100304 832100304 832100304 832100304 832100304 832100304 832100304 832100304 832100304 832100304 832100304 832100304 832100304 832100304 
832100304 832100304 832100304 832100304 832100304 832100304 832100304 832100304 832100304 832100304 832100304 832100304 832100304 832100304 832100304 832100304 832100304 832100304 832100304 832100304 832100304 832100304 832100304 832100304 832100304 832100304 832100304 832100304 832100304 832100304 832100304 832100304 832100304 832100304 832100304 832100304 832100304 832100304 832100304 832100304 
832100304 832100304 832100304 832100304 832100304 832100304 832100304 832100304 832100304 832100304 832100304 832100304 832100304 832100304 832100304 832100304 832100304 832100304 832100304 832100304 832100304 832100304 832100304 832100304 832100304 832100304 832100304 832100304 832100304 832100304 832100304 832100304 832100304 832100304 832100304 832100304 832100304 832100304 832100304 832100304 
