832099092 832099088/n832100136 832100136 832100136 832100136 832100136 832100136 832100136 832100136 832100136 832100136 832100136 832100136 832100136 832100136 832100136 832100136 832100136 832100136 832100136 832100136 832100136 832100136 
832100136 832100136 832100136 832100136 832100136 832100136 832100136 832100136 832100136 832100136 832100136 832100136 832100136 832100136 832100136 832100136 832100136 832100136 832100136 832100136 832100136 832100136 
832100136 832100136 832100136 832100136 832100136 832100136 832100136 832100136 832100136 832100136 832100136 832100136 832100136 832100136 832100136 832100136 832100136 832100136 832100136 832100136 832100136 832100136 
832100136 832100136 832100136 832100136 832100136 832100136 832100136 832100136 832100136 832100136 832100136 832100136 832100136 832100136 832100136 832100136 832100136 832100136 832100136 832100136 832100136 832100136 
832100136 832100136 832100136 832100136 832100136 832100136 832100136 832100136 832100136 832100136 832100136 832100136 832100136 832100136 832100136 832100136 832100136 832100136 832100136 832100136 832100136 832100136 
832100136 832100136 832100136 832100136 832100136 832100136 832100136 832100136 832100136 832100136 832100136 832100136 832100136 832100136 832100136 832100136 832100136 832100136 832100136 832100136 832100136 832100136 
832100136 832100136 832100136 832100136 832100136 832100136 832100136 832100136 832100136 832100136 832100136 832100136 832100136 832100136 832100136 832100136 832100136 832100136 832100136 832100136 832100136 832100136 
832100136 832100136 832100136 832100136 832100136 832100136 832100136 832100136 832100136 832100136 832100136 832100136 832100136 832100136 832100136 832100136 832100136 832100136 832100136 832100136 832100136 832100136 
832100136 832100136 832100136 832100136 832100136 832100136 832100136 832100136 832100136 832100136 832100136 832100136 832100136 832100136 832100136 832100136 832100136 832100136 832100136 832100136 832100136 832100136 
832100136 832100136 832100136 832100136 832100136 832100136 832100136 832100136 832100136 832100136 832100136 832100136 832100136 832100136 832100136 832100136 832100136 832100136 832100136 832100136 832100136 832100136 
832100136 832100136 832100136 832100136 832100136 832100136 832100136 832100136 832100136 832100136 832100136 832100136 832100136 832100136 832100136 832100136 832100136 832100136 832100136 832100136 832100136 832100136 
832100136 832100136 832100136 832100136 832100136 832100136 832100136 832100136 832100136 832100136 832100136 832100136 832100136 832100136 832100136 832100136 832100136 832100136 832100136 832100136 832100136 832100136 
832100136 832100136 832100136 832100136 832100136 832100136 832100136 832100136 832100136 832100136 832100136 832100136 832100136 832100136 832100136 832100136 832100136 832100136 832100136 832100136 832100136 832100136 
832100136 832100136 832100136 832100136 832100136 832100136 832100136 832100136 832100136 832100136 832100136 832100136 832100136 832100136 832100136 832100136 832100136 832100136 832100136 832100136 832100136 832100136 
832100136 832100136 832100136 832100136 832100136 832100136 832100136 832100136 832100136 832100136 832100136 832100136 832100136 832100136 832100136 832100136 832100136 832100136 832100136 832100136 832100136 832100136 
832100136 832100136 832100136 832100136 832100136 832100136 832100136 832100136 832100136 832100136 832100136 832100136 832100136 832100136 832100136 832100136 832100136 832100136 832100136 832100136 832100136 832100136 
832100136 832100136 832100136 832100136 832100136 832100136 832100136 832100136 832100136 832100136 832100136 832100136 832100136 832100136 832100136 832100136 832100136 832100136 832100136 832100136 832100136 832100136 
832100136 832100136 832100136 832100136 832100136 832100136 832100136 832100136 832100136 832100136 832100136 832100136 832100136 832100136 832100136 832100136 832100136 832100136 832100136 832100136 832100136 832100136 
832100136 832100136 832100136 832100136 832100136 832100136 832100136 832100136 832100136 832100136 832100136 832100136 832100136 832100136 832100136 832100136 832100136 832100136 832100136 832100136 832100136 832100136 
832100136 832100136 832100136 832100136 832100136 832100136 832100136 832100136 832100136 832100136 832100136 832100136 832100136 832100136 832100136 832100136 832100136 832100136 832100136 832100136 832100136 832100136 
832100136 832100136 832100136 832100136 832100136 832100136 832100136 832100136 832100136 832100136 832100136 832100136 832100136 832100136 832100136 832100136 832100136 832100136 832100136 832100136 832100136 832100136 
832100136 832100136 832100136 832100136 832100136 832100136 832100136 832100136 832100136 832100136 832100136 832100136 832100136 832100136 832100136 832100136 832100136 832100136 832100136 832100136 832100136 832100136 
832100136 832100136 832100136 832100136 832100136 832100136 832100136 832100136 832100136 832100136 832100136 832100136 832100136 832100136 832100136 832100136 832100136 832100136 832100136 832100136 832100136 832100136 
832100136 832100136 832100136 832100136 832100136 832100136 832100136 832100136 832100136 832100136 832100136 832100136 832100136 832100136 832100136 832100136 832100136 832100136 832100136 832100136 832100136 832100136 
832100136 832100136 832100136 832100136 832100136 832100136 832100136 832100136 832100136 832100136 832100136 832100136 832100136 832100136 832100136 832100136 832100136 832100136 832100136 832100136 832100136 832100136 
832100136 832100136 832100136 832100136 832100136 832100136 832100136 832100136 832100136 832100136 832100136 832100136 832100136 832100136 832100136 832100136 832100136 832100136 832100136 832100136 832100136 832100136 
832100136 832100136 832100136 832100136 832100136 832100136 832100136 832100136 832100136 832100136 832100136 832100136 832100136 832100136 832100136 832100136 832100136 832100136 832100136 832100136 832100136 832100136 
832100136 832100136 832100136 832100136 832100136 832100136 832100136 832100136 832100136 832100136 832100136 832100136 832100136 832100136 832100136 832100136 832100136 832100136 832100136 832100136 832100136 832100136 
832100136 832100136 832100136 832100136 832100136 832100136 832100136 832100136 832100136 832100136 832100136 832100136 832100136 832100136 832100136 832100136 832100136 832100136 832100136 832100136 832100136 832100136 
832100136 832100136 832100136 832100136 832100136 832100136 832100136 832100136 832100136 832100136 832100136 832100136 832100136 832100136 832100136 832100136 832100136 832100136 832100136 832100136 832100136 832100136 
832100136 832100136 832100136 832100136 832100136 832100136 832100136 832100136 832100136 832100136 832100136 832100136 832100136 832100136 832100136 832100136 832100136 832100136 832100136 832100136 832100136 832100136 
832100136 832100136 832100136 832100136 832100136 832100136 832100136 832100136 832100136 832100136 832100136 832100136 832100136 832100136 832100136 832100136 832100136 832100136 832100136 832100136 832100136 832100136 
832100136 832100136 832100136 832100136 832100136 832100136 832100136 832100136 832100136 832100136 832100136 832100136 832100136 832100136 832100136 832100136 832100136 832100136 832100136 832100136 832100136 832100136 
832100136 832100136 832100136 832100136 832100136 832100136 832100136 832100136 832100136 832100136 832100136 832100136 832100136 832100136 832100136 832100136 832100136 832100136 832100136 832100136 832100136 832100136 
832100136 832100136 832100136 832100136 832100136 832100136 832100136 832100136 832100136 832100136 832100136 832100136 832100136 832100136 832100136 832100136 832100136 832100136 832100136 832100136 832100136 832100136 
832100136 832100136 832100136 832100136 832100136 832100136 832100136 832100136 832100136 832100136 832100136 832100136 832100136 832100136 832100136 832100136 832100136 832100136 832100136 832100136 832100136 832100136 
832100136 832100136 832100136 832100136 832100136 832100136 832100136 832100136 832100136 832100136 832100136 832100136 832100136 832100136 832100136 832100136 832100136 832100136 832100136 832100136 832100136 832100136 
832100136 832100136 832100136 832100136 832100136 832100136 832100136 832100136 832100136 832100136 832100136 832100136 832100136 832100136 832100136 832100136 832100136 832100136 832100136 832100136 832100136 832100136 
832100136 832100136 832100136 832100136 832100136 832100136 832100136 832100136 832100136 832100136 832100136 832100136 832100136 832100136 832100136 832100136 832100136 832100136 832100136 832100136 832100136 832100136 
