832099092 832099088/n832100240 832100240 832100240 832100240 832100240 832100240 832100240 832100240 832100240 832100240 832100240 832100240 832100240 832100240 832100240 832100240 832100240 832100240 832100240 832100240 832100240 832100240 832100240 832100240 832100240 832100240 832100240 832100240 
832100240 832100240 832100240 832100240 832100240 832100240 832100240 832100240 832100240 832100240 832100240 832100240 832100240 832100240 832100240 832100240 832100240 832100240 832100240 832100240 832100240 832100240 832100240 832100240 832100240 832100240 832100240 832100240 
832100240 832100240 832100240 832100240 832100240 832100240 832100240 832100240 832100240 832100240 832100240 832100240 832100240 832100240 832100240 832100240 832100240 832100240 832100240 832100240 832100240 832100240 832100240 832100240 832100240 832100240 832100240 832100240 
832100240 832100240 832100240 832100240 832100240 832100240 832100240 832100240 832100240 832100240 832100240 832100240 832100240 832100240 832100240 832100240 832100240 832100240 832100240 832100240 832100240 832100240 832100240 832100240 832100240 832100240 832100240 832100240 
832100240 832100240 832100240 832100240 832100240 832100240 832100240 832100240 832100240 832100240 832100240 832100240 832100240 832100240 832100240 832100240 832100240 832100240 832100240 832100240 832100240 832100240 832100240 832100240 832100240 832100240 832100240 832100240 
832100240 832100240 832100240 832100240 832100240 832100240 832100240 832100240 832100240 832100240 832100240 832100240 832100240 832100240 832100240 832100240 832100240 832100240 832100240 832100240 832100240 832100240 832100240 832100240 832100240 832100240 832100240 832100240 
832100240 832100240 832100240 832100240 832100240 832100240 832100240 832100240 832100240 832100240 832100240 832100240 832100240 832100240 832100240 832100240 832100240 832100240 832100240 832100240 832100240 832100240 832100240 832100240 832100240 832100240 832100240 832100240 
832100240 832100240 832100240 832100240 832100240 832100240 832100240 832100240 832100240 832100240 832100240 832100240 832100240 832100240 832100240 832100240 832100240 832100240 832100240 832100240 832100240 832100240 832100240 832100240 832100240 832100240 832100240 832100240 
832100240 832100240 832100240 832100240 832100240 832100240 832100240 832100240 832100240 832100240 832100240 832100240 832100240 832100240 832100240 832100240 832100240 832100240 832100240 832100240 832100240 832100240 832100240 832100240 832100240 832100240 832100240 832100240 
832100240 832100240 832100240 832100240 832100240 832100240 832100240 832100240 832100240 832100240 832100240 832100240 832100240 832100240 832100240 832100240 832100240 832100240 832100240 832100240 832100240 832100240 832100240 832100240 832100240 832100240 832100240 832100240 
832100240 832100240 832100240 832100240 832100240 832100240 832100240 832100240 832100240 832100240 832100240 832100240 832100240 832100240 832100240 832100240 832100240 832100240 832100240 832100240 832100240 832100240 832100240 832100240 832100240 832100240 832100240 832100240 
832100240 832100240 832100240 832100240 832100240 832100240 832100240 832100240 832100240 832100240 832100240 832100240 832100240 832100240 832100240 832100240 832100240 832100240 832100240 832100240 832100240 832100240 832100240 832100240 832100240 832100240 832100240 832100240 
832100240 832100240 832100240 832100240 832100240 832100240 832100240 832100240 832100240 832100240 832100240 832100240 832100240 832100240 832100240 832100240 832100240 832100240 832100240 832100240 832100240 832100240 832100240 832100240 832100240 832100240 832100240 832100240 
832100240 832100240 832100240 832100240 832100240 832100240 832100240 832100240 832100240 832100240 832100240 832100240 832100240 832100240 832100240 832100240 832100240 832100240 832100240 832100240 832100240 832100240 832100240 832100240 832100240 832100240 832100240 832100240 
832100240 832100240 832100240 832100240 832100240 832100240 832100240 832100240 832100240 832100240 832100240 832100240 832100240 832100240 832100240 832100240 832100240 832100240 832100240 832100240 832100240 832100240 832100240 832100240 832100240 832100240 832100240 832100240 
832100240 832100240 832100240 832100240 832100240 832100240 832100240 832100240 832100240 832100240 832100240 832100240 832100240 832100240 832100240 832100240 832100240 832100240 832100240 832100240 832100240 832100240 832100240 832100240 832100240 832100240 832100240 832100240 
832100240 832100240 832100240 832100240 832100240 832100240 832100240 832100240 832100240 832100240 832100240 832100240 832100240 832100240 832100240 832100240 832100240 832100240 832100240 832100240 832100240 832100240 832100240 832100240 832100240 832100240 832100240 832100240 
832100240 832100240 832100240 832100240 832100240 832100240 832100240 832100240 832100240 832100240 832100240 832100240 832100240 832100240 832100240 832100240 832100240 832100240 832100240 832100240 832100240 832100240 832100240 832100240 832100240 832100240 832100240 832100240 
832100240 832100240 832100240 832100240 832100240 832100240 832100240 832100240 832100240 832100240 832100240 832100240 832100240 832100240 832100240 832100240 832100240 832100240 832100240 832100240 832100240 832100240 832100240 832100240 832100240 832100240 832100240 832100240 
832100240 832100240 832100240 832100240 832100240 832100240 832100240 832100240 832100240 832100240 832100240 832100240 832100240 832100240 832100240 832100240 832100240 832100240 832100240 832100240 832100240 832100240 832100240 832100240 832100240 832100240 832100240 832100240 
832100240 832100240 832100240 832100240 832100240 832100240 832100240 832100240 832100240 832100240 832100240 832100240 832100240 832100240 832100240 832100240 832100240 832100240 832100240 832100240 832100240 832100240 832100240 832100240 832100240 832100240 832100240 832100240 
832100240 832100240 832100240 832100240 832100240 832100240 832100240 832100240 832100240 832100240 832100240 832100240 832100240 832100240 832100240 832100240 832100240 832100240 832100240 832100240 832100240 832100240 832100240 832100240 832100240 832100240 832100240 832100240 
832100240 832100240 832100240 832100240 832100240 832100240 832100240 832100240 832100240 832100240 832100240 832100240 832100240 832100240 832100240 832100240 832100240 832100240 832100240 832100240 832100240 832100240 832100240 832100240 832100240 832100240 832100240 832100240 
832100240 832100240 832100240 832100240 832100240 832100240 832100240 832100240 832100240 832100240 832100240 832100240 832100240 832100240 832100240 832100240 832100240 832100240 832100240 832100240 832100240 832100240 832100240 832100240 832100240 832100240 832100240 832100240 
832100240 832100240 832100240 832100240 832100240 832100240 832100240 832100240 832100240 832100240 832100240 832100240 832100240 832100240 832100240 832100240 832100240 832100240 832100240 832100240 832100240 832100240 832100240 832100240 832100240 832100240 832100240 832100240 
832100240 832100240 832100240 832100240 832100240 832100240 832100240 832100240 832100240 832100240 832100240 832100240 832100240 832100240 832100240 832100240 832100240 832100240 832100240 832100240 832100240 832100240 832100240 832100240 832100240 832100240 832100240 832100240 
832100240 832100240 832100240 832100240 832100240 832100240 832100240 832100240 832100240 832100240 832100240 832100240 832100240 832100240 832100240 832100240 832100240 832100240 832100240 832100240 832100240 832100240 832100240 832100240 832100240 832100240 832100240 832100240 
832100240 832100240 832100240 832100240 832100240 832100240 832100240 832100240 832100240 832100240 832100240 832100240 832100240 832100240 832100240 832100240 832100240 832100240 832100240 832100240 832100240 832100240 832100240 832100240 832100240 832100240 832100240 832100240 
832100240 832100240 832100240 832100240 832100240 832100240 832100240 832100240 832100240 832100240 832100240 832100240 832100240 832100240 832100240 832100240 832100240 832100240 832100240 832100240 832100240 832100240 832100240 832100240 832100240 832100240 832100240 832100240 
832100240 832100240 832100240 832100240 832100240 832100240 832100240 832100240 832100240 832100240 832100240 832100240 832100240 832100240 832100240 832100240 832100240 832100240 832100240 832100240 832100240 832100240 832100240 832100240 832100240 832100240 832100240 832100240 
832100240 832100240 832100240 832100240 832100240 832100240 832100240 832100240 832100240 832100240 832100240 832100240 832100240 832100240 832100240 832100240 832100240 832100240 832100240 832100240 832100240 832100240 832100240 832100240 832100240 832100240 832100240 832100240 
832100240 832100240 832100240 832100240 832100240 832100240 832100240 832100240 832100240 832100240 832100240 832100240 832100240 832100240 832100240 832100240 832100240 832100240 832100240 832100240 832100240 832100240 832100240 832100240 832100240 832100240 832100240 832100240 
832100240 832100240 832100240 832100240 832100240 832100240 832100240 832100240 832100240 832100240 832100240 832100240 832100240 832100240 832100240 832100240 832100240 832100240 832100240 832100240 832100240 832100240 832100240 832100240 832100240 832100240 832100240 832100240 
832100240 832100240 832100240 832100240 832100240 832100240 832100240 832100240 832100240 832100240 832100240 832100240 832100240 832100240 832100240 832100240 832100240 832100240 832100240 832100240 832100240 832100240 832100240 832100240 832100240 832100240 832100240 832100240 
832100240 832100240 832100240 832100240 832100240 832100240 832100240 832100240 832100240 832100240 832100240 832100240 832100240 832100240 832100240 832100240 832100240 832100240 832100240 832100240 832100240 832100240 832100240 832100240 832100240 832100240 832100240 832100240 
832100240 832100240 832100240 832100240 832100240 832100240 832100240 832100240 832100240 832100240 832100240 832100240 832100240 832100240 832100240 832100240 832100240 832100240 832100240 832100240 832100240 832100240 832100240 832100240 832100240 832100240 832100240 832100240 
832100240 832100240 832100240 832100240 832100240 832100240 832100240 832100240 832100240 832100240 832100240 832100240 832100240 832100240 832100240 832100240 832100240 832100240 832100240 832100240 832100240 832100240 832100240 832100240 832100240 832100240 832100240 832100240 
832100240 832100240 832100240 832100240 832100240 832100240 832100240 832100240 832100240 832100240 832100240 832100240 832100240 832100240 832100240 832100240 832100240 832100240 832100240 832100240 832100240 832100240 832100240 832100240 832100240 832100240 832100240 832100240 
832100240 832100240 832100240 832100240 832100240 832100240 832100240 832100240 832100240 832100240 832100240 832100240 832100240 832100240 832100240 832100240 832100240 832100240 832100240 832100240 832100240 832100240 832100240 832100240 832100240 832100240 832100240 832100240 
832100240 832100240 832100240 832100240 832100240 832100240 832100240 832100240 832100240 832100240 832100240 832100240 832100240 832100240 832100240 832100240 832100240 832100240 832100240 832100240 832100240 832100240 832100240 832100240 832100240 832100240 832100240 832100240 
832100240 832100240 832100240 832100240 832100240 832100240 832100240 832100240 832100240 832100240 832100240 832100240 832100240 832100240 832100240 832100240 832100240 832100240 832100240 832100240 832100240 832100240 832100240 832100240 832100240 832100240 832100240 832100240 
832100240 832100240 832100240 832100240 832100240 832100240 832100240 832100240 832100240 832100240 832100240 832100240 832100240 832100240 832100240 832100240 832100240 832100240 832100240 832100240 832100240 832100240 832100240 832100240 832100240 832100240 832100240 832100240 
832100240 832100240 832100240 832100240 832100240 832100240 832100240 832100240 832100240 832100240 832100240 832100240 832100240 832100240 832100240 832100240 832100240 832100240 832100240 832100240 832100240 832100240 832100240 832100240 832100240 832100240 832100240 832100240 
832100240 832100240 832100240 832100240 832100240 832100240 832100240 832100240 832100240 832100240 832100240 832100240 832100240 832100240 832100240 832100240 832100240 832100240 832100240 832100240 832100240 832100240 832100240 832100240 832100240 832100240 832100240 832100240 
