832099092 832099088/n832099948 832099948 832099948 832099948 832099948 832099948 832099948 832099948 832099948 832099948 832099948 832099948 832099948 832099948 832099948 
832099948 832099948 832099948 832099948 832099948 832099948 832099948 832099948 832099948 832099948 832099948 832099948 832099948 832099948 832099948 
832099948 832099948 832099948 832099948 832099948 832099948 832099948 832099948 832099948 832099948 832099948 832099948 832099948 832099948 832099948 
832099948 832099948 832099948 832099948 832099948 832099948 832099948 832099948 832099948 832099948 832099948 832099948 832099948 832099948 832099948 
832099948 832099948 832099948 832099948 832099948 832099948 832099948 832099948 832099948 832099948 832099948 832099948 832099948 832099948 832099948 
832099948 832099948 832099948 832099948 832099948 832099948 832099948 832099948 832099948 832099948 832099948 832099948 832099948 832099948 832099948 
832099948 832099948 832099948 832099948 832099948 832099948 832099948 832099948 832099948 832099948 832099948 832099948 832099948 832099948 832099948 
832099948 832099948 832099948 832099948 832099948 832099948 832099948 832099948 832099948 832099948 832099948 832099948 832099948 832099948 832099948 
832099948 832099948 832099948 832099948 832099948 832099948 832099948 832099948 832099948 832099948 832099948 832099948 832099948 832099948 832099948 
832099948 832099948 832099948 832099948 832099948 832099948 832099948 832099948 832099948 832099948 832099948 832099948 832099948 832099948 832099948 
832099948 832099948 832099948 832099948 832099948 832099948 832099948 832099948 832099948 832099948 832099948 832099948 832099948 832099948 832099948 
832099948 832099948 832099948 832099948 832099948 832099948 832099948 832099948 832099948 832099948 832099948 832099948 832099948 832099948 832099948 
832099948 832099948 832099948 832099948 832099948 832099948 832099948 832099948 832099948 832099948 832099948 832099948 832099948 832099948 832099948 
832099948 832099948 832099948 832099948 832099948 832099948 832099948 832099948 832099948 832099948 832099948 832099948 832099948 832099948 832099948 
832099948 832099948 832099948 832099948 832099948 832099948 832099948 832099948 832099948 832099948 832099948 832099948 832099948 832099948 832099948 
832099948 832099948 832099948 832099948 832099948 832099948 832099948 832099948 832099948 832099948 832099948 832099948 832099948 832099948 832099948 
832099948 832099948 832099948 832099948 832099948 832099948 832099948 832099948 832099948 832099948 832099948 832099948 832099948 832099948 832099948 
832099948 832099948 832099948 832099948 832099948 832099948 832099948 832099948 832099948 832099948 832099948 832099948 832099948 832099948 832099948 
832099948 832099948 832099948 832099948 832099948 832099948 832099948 832099948 832099948 832099948 832099948 832099948 832099948 832099948 832099948 
832099948 832099948 832099948 832099948 832099948 832099948 832099948 832099948 832099948 832099948 832099948 832099948 832099948 832099948 832099948 
832099948 832099948 832099948 832099948 832099948 832099948 832099948 832099948 832099948 832099948 832099948 832099948 832099948 832099948 832099948 
832099948 832099948 832099948 832099948 832099948 832099948 832099948 832099948 832099948 832099948 832099948 832099948 832099948 832099948 832099948 
832099948 832099948 832099948 832099948 832099948 832099948 832099948 832099948 832099948 832099948 832099948 832099948 832099948 832099948 832099948 
832099948 832099948 832099948 832099948 832099948 832099948 832099948 832099948 832099948 832099948 832099948 832099948 832099948 832099948 832099948 
832099948 832099948 832099948 832099948 832099948 832099948 832099948 832099948 832099948 832099948 832099948 832099948 832099948 832099948 832099948 
832099948 832099948 832099948 832099948 832099948 832099948 832099948 832099948 832099948 832099948 832099948 832099948 832099948 832099948 832099948 
832099948 832099948 832099948 832099948 832099948 832099948 832099948 832099948 832099948 832099948 832099948 832099948 832099948 832099948 832099948 
832099948 832099948 832099948 832099948 832099948 832099948 832099948 832099948 832099948 832099948 832099948 832099948 832099948 832099948 832099948 
832099948 832099948 832099948 832099948 832099948 832099948 832099948 832099948 832099948 832099948 832099948 832099948 832099948 832099948 832099948 
