832099092 832099088/n832100468 832100468 832100468 832100468 832100468 832100468 832100468 832100468 832100468 832100468 832100468 832100468 832100468 832100468 832100468 832100468 832100468 832100468 832100468 832100468 832100468 832100468 832100468 832100468 832100468 832100468 832100468 832100468 832100468 832100468 832100468 832100468 832100468 
832100468 832100468 832100468 832100468 832100468 832100468 832100468 832100468 832100468 832100468 832100468 832100468 832100468 832100468 832100468 832100468 832100468 832100468 832100468 832100468 832100468 832100468 832100468 832100468 832100468 832100468 832100468 832100468 832100468 832100468 832100468 832100468 832100468 
832100468 832100468 832100468 832100468 832100468 832100468 832100468 832100468 832100468 832100468 832100468 832100468 832100468 832100468 832100468 832100468 832100468 832100468 832100468 832100468 832100468 832100468 832100468 832100468 832100468 832100468 832100468 832100468 832100468 832100468 832100468 832100468 832100468 
832100468 832100468 832100468 832100468 832100468 832100468 832100468 832100468 832100468 832100468 832100468 832100468 832100468 832100468 832100468 832100468 832100468 832100468 832100468 832100468 832100468 832100468 832100468 832100468 832100468 832100468 832100468 832100468 832100468 832100468 832100468 832100468 832100468 
832100468 832100468 832100468 832100468 832100468 832100468 832100468 832100468 832100468 832100468 832100468 832100468 832100468 832100468 832100468 832100468 832100468 832100468 832100468 832100468 832100468 832100468 832100468 832100468 832100468 832100468 832100468 832100468 832100468 832100468 832100468 832100468 832100468 
832100468 832100468 832100468 832100468 832100468 832100468 832100468 832100468 832100468 832100468 832100468 832100468 832100468 832100468 832100468 832100468 832100468 832100468 832100468 832100468 832100468 832100468 832100468 832100468 832100468 832100468 832100468 832100468 832100468 832100468 832100468 832100468 832100468 
832100468 832100468 832100468 832100468 832100468 832100468 832100468 832100468 832100468 832100468 832100468 832100468 832100468 832100468 832100468 832100468 832100468 832100468 832100468 832100468 832100468 832100468 832100468 832100468 832100468 832100468 832100468 832100468 832100468 832100468 832100468 832100468 832100468 
832100468 832100468 832100468 832100468 832100468 832100468 832100468 832100468 832100468 832100468 832100468 832100468 832100468 832100468 832100468 832100468 832100468 832100468 832100468 832100468 832100468 832100468 832100468 832100468 832100468 832100468 832100468 832100468 832100468 832100468 832100468 832100468 832100468 
832100468 832100468 832100468 832100468 832100468 832100468 832100468 832100468 832100468 832100468 832100468 832100468 832100468 832100468 832100468 832100468 832100468 832100468 832100468 832100468 832100468 832100468 832100468 832100468 832100468 832100468 832100468 832100468 832100468 832100468 832100468 832100468 832100468 
832100468 832100468 832100468 832100468 832100468 832100468 832100468 832100468 832100468 832100468 832100468 832100468 832100468 832100468 832100468 832100468 832100468 832100468 832100468 832100468 832100468 832100468 832100468 832100468 832100468 832100468 832100468 832100468 832100468 832100468 832100468 832100468 832100468 
832100468 832100468 832100468 832100468 832100468 832100468 832100468 832100468 832100468 832100468 832100468 832100468 832100468 832100468 832100468 832100468 832100468 832100468 832100468 832100468 832100468 832100468 832100468 832100468 832100468 832100468 832100468 832100468 832100468 832100468 832100468 832100468 832100468 
832100468 832100468 832100468 832100468 832100468 832100468 832100468 832100468 832100468 832100468 832100468 832100468 832100468 832100468 832100468 832100468 832100468 832100468 832100468 832100468 832100468 832100468 832100468 832100468 832100468 832100468 832100468 832100468 832100468 832100468 832100468 832100468 832100468 
832100468 832100468 832100468 832100468 832100468 832100468 832100468 832100468 832100468 832100468 832100468 832100468 832100468 832100468 832100468 832100468 832100468 832100468 832100468 832100468 832100468 832100468 832100468 832100468 832100468 832100468 832100468 832100468 832100468 832100468 832100468 832100468 832100468 
832100468 832100468 832100468 832100468 832100468 832100468 832100468 832100468 832100468 832100468 832100468 832100468 832100468 832100468 832100468 832100468 832100468 832100468 832100468 832100468 832100468 832100468 832100468 832100468 832100468 832100468 832100468 832100468 832100468 832100468 832100468 832100468 832100468 
832100468 832100468 832100468 832100468 832100468 832100468 832100468 832100468 832100468 832100468 832100468 832100468 832100468 832100468 832100468 832100468 832100468 832100468 832100468 832100468 832100468 832100468 832100468 832100468 832100468 832100468 832100468 832100468 832100468 832100468 832100468 832100468 832100468 
832100468 832100468 832100468 832100468 832100468 832100468 832100468 832100468 832100468 832100468 832100468 832100468 832100468 832100468 832100468 832100468 832100468 832100468 832100468 832100468 832100468 832100468 832100468 832100468 832100468 832100468 832100468 832100468 832100468 832100468 832100468 832100468 832100468 
832100468 832100468 832100468 832100468 832100468 832100468 832100468 832100468 832100468 832100468 832100468 832100468 832100468 832100468 832100468 832100468 832100468 832100468 832100468 832100468 832100468 832100468 832100468 832100468 832100468 832100468 832100468 832100468 832100468 832100468 832100468 832100468 832100468 
832100468 832100468 832100468 832100468 832100468 832100468 832100468 832100468 832100468 832100468 832100468 832100468 832100468 832100468 832100468 832100468 832100468 832100468 832100468 832100468 832100468 832100468 832100468 832100468 832100468 832100468 832100468 832100468 832100468 832100468 832100468 832100468 832100468 
832100468 832100468 832100468 832100468 832100468 832100468 832100468 832100468 832100468 832100468 832100468 832100468 832100468 832100468 832100468 832100468 832100468 832100468 832100468 832100468 832100468 832100468 832100468 832100468 832100468 832100468 832100468 832100468 832100468 832100468 832100468 832100468 832100468 
832100468 832100468 832100468 832100468 832100468 832100468 832100468 832100468 832100468 832100468 832100468 832100468 832100468 832100468 832100468 832100468 832100468 832100468 832100468 832100468 832100468 832100468 832100468 832100468 832100468 832100468 832100468 832100468 832100468 832100468 832100468 832100468 832100468 
832100468 832100468 832100468 832100468 832100468 832100468 832100468 832100468 832100468 832100468 832100468 832100468 832100468 832100468 832100468 832100468 832100468 832100468 832100468 832100468 832100468 832100468 832100468 832100468 832100468 832100468 832100468 832100468 832100468 832100468 832100468 832100468 832100468 
832100468 832100468 832100468 832100468 832100468 832100468 832100468 832100468 832100468 832100468 832100468 832100468 832100468 832100468 832100468 832100468 832100468 832100468 832100468 832100468 832100468 832100468 832100468 832100468 832100468 832100468 832100468 832100468 832100468 832100468 832100468 832100468 832100468 
832100468 832100468 832100468 832100468 832100468 832100468 832100468 832100468 832100468 832100468 832100468 832100468 832100468 832100468 832100468 832100468 832100468 832100468 832100468 832100468 832100468 832100468 832100468 832100468 832100468 832100468 832100468 832100468 832100468 832100468 832100468 832100468 832100468 
832100468 832100468 832100468 832100468 832100468 832100468 832100468 832100468 832100468 832100468 832100468 832100468 832100468 832100468 832100468 832100468 832100468 832100468 832100468 832100468 832100468 832100468 832100468 832100468 832100468 832100468 832100468 832100468 832100468 832100468 832100468 832100468 832100468 
832100468 832100468 832100468 832100468 832100468 832100468 832100468 832100468 832100468 832100468 832100468 832100468 832100468 832100468 832100468 832100468 832100468 832100468 832100468 832100468 832100468 832100468 832100468 832100468 832100468 832100468 832100468 832100468 832100468 832100468 832100468 832100468 832100468 
832100468 832100468 832100468 832100468 832100468 832100468 832100468 832100468 832100468 832100468 832100468 832100468 832100468 832100468 832100468 832100468 832100468 832100468 832100468 832100468 832100468 832100468 832100468 832100468 832100468 832100468 832100468 832100468 832100468 832100468 832100468 832100468 832100468 
832100468 832100468 832100468 832100468 832100468 832100468 832100468 832100468 832100468 832100468 832100468 832100468 832100468 832100468 832100468 832100468 832100468 832100468 832100468 832100468 832100468 832100468 832100468 832100468 832100468 832100468 832100468 832100468 832100468 832100468 832100468 832100468 832100468 
832100468 832100468 832100468 832100468 832100468 832100468 832100468 832100468 832100468 832100468 832100468 832100468 832100468 832100468 832100468 832100468 832100468 832100468 832100468 832100468 832100468 832100468 832100468 832100468 832100468 832100468 832100468 832100468 832100468 832100468 832100468 832100468 832100468 
832100468 832100468 832100468 832100468 832100468 832100468 832100468 832100468 832100468 832100468 832100468 832100468 832100468 832100468 832100468 832100468 832100468 832100468 832100468 832100468 832100468 832100468 832100468 832100468 832100468 832100468 832100468 832100468 832100468 832100468 832100468 832100468 832100468 
832100468 832100468 832100468 832100468 832100468 832100468 832100468 832100468 832100468 832100468 832100468 832100468 832100468 832100468 832100468 832100468 832100468 832100468 832100468 832100468 832100468 832100468 832100468 832100468 832100468 832100468 832100468 832100468 832100468 832100468 832100468 832100468 832100468 
832100468 832100468 832100468 832100468 832100468 832100468 832100468 832100468 832100468 832100468 832100468 832100468 832100468 832100468 832100468 832100468 832100468 832100468 832100468 832100468 832100468 832100468 832100468 832100468 832100468 832100468 832100468 832100468 832100468 832100468 832100468 832100468 832100468 
832100468 832100468 832100468 832100468 832100468 832100468 832100468 832100468 832100468 832100468 832100468 832100468 832100468 832100468 832100468 832100468 832100468 832100468 832100468 832100468 832100468 832100468 832100468 832100468 832100468 832100468 832100468 832100468 832100468 832100468 832100468 832100468 832100468 
832100468 832100468 832100468 832100468 832100468 832100468 832100468 832100468 832100468 832100468 832100468 832100468 832100468 832100468 832100468 832100468 832100468 832100468 832100468 832100468 832100468 832100468 832100468 832100468 832100468 832100468 832100468 832100468 832100468 832100468 832100468 832100468 832100468 
832100468 832100468 832100468 832100468 832100468 832100468 832100468 832100468 832100468 832100468 832100468 832100468 832100468 832100468 832100468 832100468 832100468 832100468 832100468 832100468 832100468 832100468 832100468 832100468 832100468 832100468 832100468 832100468 832100468 832100468 832100468 832100468 832100468 
832100468 832100468 832100468 832100468 832100468 832100468 832100468 832100468 832100468 832100468 832100468 832100468 832100468 832100468 832100468 832100468 832100468 832100468 832100468 832100468 832100468 832100468 832100468 832100468 832100468 832100468 832100468 832100468 832100468 832100468 832100468 832100468 832100468 
832100468 832100468 832100468 832100468 832100468 832100468 832100468 832100468 832100468 832100468 832100468 832100468 832100468 832100468 832100468 832100468 832100468 832100468 832100468 832100468 832100468 832100468 832100468 832100468 832100468 832100468 832100468 832100468 832100468 832100468 832100468 832100468 832100468 
832100468 832100468 832100468 832100468 832100468 832100468 832100468 832100468 832100468 832100468 832100468 832100468 832100468 832100468 832100468 832100468 832100468 832100468 832100468 832100468 832100468 832100468 832100468 832100468 832100468 832100468 832100468 832100468 832100468 832100468 832100468 832100468 832100468 
832100468 832100468 832100468 832100468 832100468 832100468 832100468 832100468 832100468 832100468 832100468 832100468 832100468 832100468 832100468 832100468 832100468 832100468 832100468 832100468 832100468 832100468 832100468 832100468 832100468 832100468 832100468 832100468 832100468 832100468 832100468 832100468 832100468 
832100468 832100468 832100468 832100468 832100468 832100468 832100468 832100468 832100468 832100468 832100468 832100468 832100468 832100468 832100468 832100468 832100468 832100468 832100468 832100468 832100468 832100468 832100468 832100468 832100468 832100468 832100468 832100468 832100468 832100468 832100468 832100468 832100468 
832100468 832100468 832100468 832100468 832100468 832100468 832100468 832100468 832100468 832100468 832100468 832100468 832100468 832100468 832100468 832100468 832100468 832100468 832100468 832100468 832100468 832100468 832100468 832100468 832100468 832100468 832100468 832100468 832100468 832100468 832100468 832100468 832100468 
832100468 832100468 832100468 832100468 832100468 832100468 832100468 832100468 832100468 832100468 832100468 832100468 832100468 832100468 832100468 832100468 832100468 832100468 832100468 832100468 832100468 832100468 832100468 832100468 832100468 832100468 832100468 832100468 832100468 832100468 832100468 832100468 832100468 
832100468 832100468 832100468 832100468 832100468 832100468 832100468 832100468 832100468 832100468 832100468 832100468 832100468 832100468 832100468 832100468 832100468 832100468 832100468 832100468 832100468 832100468 832100468 832100468 832100468 832100468 832100468 832100468 832100468 832100468 832100468 832100468 832100468 
832100468 832100468 832100468 832100468 832100468 832100468 832100468 832100468 832100468 832100468 832100468 832100468 832100468 832100468 832100468 832100468 832100468 832100468 832100468 832100468 832100468 832100468 832100468 832100468 832100468 832100468 832100468 832100468 832100468 832100468 832100468 832100468 832100468 
832100468 832100468 832100468 832100468 832100468 832100468 832100468 832100468 832100468 832100468 832100468 832100468 832100468 832100468 832100468 832100468 832100468 832100468 832100468 832100468 832100468 832100468 832100468 832100468 832100468 832100468 832100468 832100468 832100468 832100468 832100468 832100468 832100468 
832100468 832100468 832100468 832100468 832100468 832100468 832100468 832100468 832100468 832100468 832100468 832100468 832100468 832100468 832100468 832100468 832100468 832100468 832100468 832100468 832100468 832100468 832100468 832100468 832100468 832100468 832100468 832100468 832100468 832100468 832100468 832100468 832100468 
832100468 832100468 832100468 832100468 832100468 832100468 832100468 832100468 832100468 832100468 832100468 832100468 832100468 832100468 832100468 832100468 832100468 832100468 832100468 832100468 832100468 832100468 832100468 832100468 832100468 832100468 832100468 832100468 832100468 832100468 832100468 832100468 832100468 
832100468 832100468 832100468 832100468 832100468 832100468 832100468 832100468 832100468 832100468 832100468 832100468 832100468 832100468 832100468 832100468 832100468 832100468 832100468 832100468 832100468 832100468 832100468 832100468 832100468 832100468 832100468 832100468 832100468 832100468 832100468 832100468 832100468 
832100468 832100468 832100468 832100468 832100468 832100468 832100468 832100468 832100468 832100468 832100468 832100468 832100468 832100468 832100468 832100468 832100468 832100468 832100468 832100468 832100468 832100468 832100468 832100468 832100468 832100468 832100468 832100468 832100468 832100468 832100468 832100468 832100468 
832100468 832100468 832100468 832100468 832100468 832100468 832100468 832100468 832100468 832100468 832100468 832100468 832100468 832100468 832100468 832100468 832100468 832100468 832100468 832100468 832100468 832100468 832100468 832100468 832100468 832100468 832100468 832100468 832100468 832100468 832100468 832100468 832100468 
832100468 832100468 832100468 832100468 832100468 832100468 832100468 832100468 832100468 832100468 832100468 832100468 832100468 832100468 832100468 832100468 832100468 832100468 832100468 832100468 832100468 832100468 832100468 832100468 832100468 832100468 832100468 832100468 832100468 832100468 832100468 832100468 832100468 
832100468 832100468 832100468 832100468 832100468 832100468 832100468 832100468 832100468 832100468 832100468 832100468 832100468 832100468 832100468 832100468 832100468 832100468 832100468 832100468 832100468 832100468 832100468 832100468 832100468 832100468 832100468 832100468 832100468 832100468 832100468 832100468 832100468 
832100468 832100468 832100468 832100468 832100468 832100468 832100468 832100468 832100468 832100468 832100468 832100468 832100468 832100468 832100468 832100468 832100468 832100468 832100468 832100468 832100468 832100468 832100468 832100468 832100468 832100468 832100468 832100468 832100468 832100468 832100468 832100468 832100468 
832100468 832100468 832100468 832100468 832100468 832100468 832100468 832100468 832100468 832100468 832100468 832100468 832100468 832100468 832100468 832100468 832100468 832100468 832100468 832100468 832100468 832100468 832100468 832100468 832100468 832100468 832100468 832100468 832100468 832100468 832100468 832100468 832100468 
832100468 832100468 832100468 832100468 832100468 832100468 832100468 832100468 832100468 832100468 832100468 832100468 832100468 832100468 832100468 832100468 832100468 832100468 832100468 832100468 832100468 832100468 832100468 832100468 832100468 832100468 832100468 832100468 832100468 832100468 832100468 832100468 832100468 
832100468 832100468 832100468 832100468 832100468 832100468 832100468 832100468 832100468 832100468 832100468 832100468 832100468 832100468 832100468 832100468 832100468 832100468 832100468 832100468 832100468 832100468 832100468 832100468 832100468 832100468 832100468 832100468 832100468 832100468 832100468 832100468 832100468 
832100468 832100468 832100468 832100468 832100468 832100468 832100468 832100468 832100468 832100468 832100468 832100468 832100468 832100468 832100468 832100468 832100468 832100468 832100468 832100468 832100468 832100468 832100468 832100468 832100468 832100468 832100468 832100468 832100468 832100468 832100468 832100468 832100468 
832100468 832100468 832100468 832100468 832100468 832100468 832100468 832100468 832100468 832100468 832100468 832100468 832100468 832100468 832100468 832100468 832100468 832100468 832100468 832100468 832100468 832100468 832100468 832100468 832100468 832100468 832100468 832100468 832100468 832100468 832100468 832100468 832100468 
