832099092 832099088/n832100604 832100604 832100604 832100604 832100604 832100604 832100604 832100604 832100604 832100604 832100604 832100604 832100604 832100604 832100604 832100604 832100604 832100604 832100604 832100604 832100604 832100604 832100604 832100604 832100604 832100604 832100604 832100604 832100604 832100604 832100604 832100604 832100604 832100604 832100604 832100604 832100604 832100604 832100604 832100604 832100604 832100604 832100604 832100604 832100604 832100604 832100604 832100604 832100604 832100604 832100604 832100604 832100604 832100604 832100604 
832100604 832100604 832100604 832100604 832100604 832100604 832100604 832100604 832100604 832100604 832100604 832100604 832100604 832100604 832100604 832100604 832100604 832100604 832100604 832100604 832100604 832100604 832100604 832100604 832100604 832100604 832100604 832100604 832100604 832100604 832100604 832100604 832100604 832100604 832100604 832100604 832100604 832100604 832100604 832100604 832100604 832100604 832100604 832100604 832100604 832100604 832100604 832100604 832100604 832100604 832100604 832100604 832100604 832100604 832100604 
832100604 832100604 832100604 832100604 832100604 832100604 832100604 832100604 832100604 832100604 832100604 832100604 832100604 832100604 832100604 832100604 832100604 832100604 832100604 832100604 832100604 832100604 832100604 832100604 832100604 832100604 832100604 832100604 832100604 832100604 832100604 832100604 832100604 832100604 832100604 832100604 832100604 832100604 832100604 832100604 832100604 832100604 832100604 832100604 832100604 832100604 832100604 832100604 832100604 832100604 832100604 832100604 832100604 832100604 832100604 
832100604 832100604 832100604 832100604 832100604 832100604 832100604 832100604 832100604 832100604 832100604 832100604 832100604 832100604 832100604 832100604 832100604 832100604 832100604 832100604 832100604 832100604 832100604 832100604 832100604 832100604 832100604 832100604 832100604 832100604 832100604 832100604 832100604 832100604 832100604 832100604 832100604 832100604 832100604 832100604 832100604 832100604 832100604 832100604 832100604 832100604 832100604 832100604 832100604 832100604 832100604 832100604 832100604 832100604 832100604 
832100604 832100604 832100604 832100604 832100604 832100604 832100604 832100604 832100604 832100604 832100604 832100604 832100604 832100604 832100604 832100604 832100604 832100604 832100604 832100604 832100604 832100604 832100604 832100604 832100604 832100604 832100604 832100604 832100604 832100604 832100604 832100604 832100604 832100604 832100604 832100604 832100604 832100604 832100604 832100604 832100604 832100604 832100604 832100604 832100604 832100604 832100604 832100604 832100604 832100604 832100604 832100604 832100604 832100604 832100604 
832100604 832100604 832100604 832100604 832100604 832100604 832100604 832100604 832100604 832100604 832100604 832100604 832100604 832100604 832100604 832100604 832100604 832100604 832100604 832100604 832100604 832100604 832100604 832100604 832100604 832100604 832100604 832100604 832100604 832100604 832100604 832100604 832100604 832100604 832100604 832100604 832100604 832100604 832100604 832100604 832100604 832100604 832100604 832100604 832100604 832100604 832100604 832100604 832100604 832100604 832100604 832100604 832100604 832100604 832100604 
832100604 832100604 832100604 832100604 832100604 832100604 832100604 832100604 832100604 832100604 832100604 832100604 832100604 832100604 832100604 832100604 832100604 832100604 832100604 832100604 832100604 832100604 832100604 832100604 832100604 832100604 832100604 832100604 832100604 832100604 832100604 832100604 832100604 832100604 832100604 832100604 832100604 832100604 832100604 832100604 832100604 832100604 832100604 832100604 832100604 832100604 832100604 832100604 832100604 832100604 832100604 832100604 832100604 832100604 832100604 
832100604 832100604 832100604 832100604 832100604 832100604 832100604 832100604 832100604 832100604 832100604 832100604 832100604 832100604 832100604 832100604 832100604 832100604 832100604 832100604 832100604 832100604 832100604 832100604 832100604 832100604 832100604 832100604 832100604 832100604 832100604 832100604 832100604 832100604 832100604 832100604 832100604 832100604 832100604 832100604 832100604 832100604 832100604 832100604 832100604 832100604 832100604 832100604 832100604 832100604 832100604 832100604 832100604 832100604 832100604 
832100604 832100604 832100604 832100604 832100604 832100604 832100604 832100604 832100604 832100604 832100604 832100604 832100604 832100604 832100604 832100604 832100604 832100604 832100604 832100604 832100604 832100604 832100604 832100604 832100604 832100604 832100604 832100604 832100604 832100604 832100604 832100604 832100604 832100604 832100604 832100604 832100604 832100604 832100604 832100604 832100604 832100604 832100604 832100604 832100604 832100604 832100604 832100604 832100604 832100604 832100604 832100604 832100604 832100604 832100604 
832100604 832100604 832100604 832100604 832100604 832100604 832100604 832100604 832100604 832100604 832100604 832100604 832100604 832100604 832100604 832100604 832100604 832100604 832100604 832100604 832100604 832100604 832100604 832100604 832100604 832100604 832100604 832100604 832100604 832100604 832100604 832100604 832100604 832100604 832100604 832100604 832100604 832100604 832100604 832100604 832100604 832100604 832100604 832100604 832100604 832100604 832100604 832100604 832100604 832100604 832100604 832100604 832100604 832100604 832100604 
832100604 832100604 832100604 832100604 832100604 832100604 832100604 832100604 832100604 832100604 832100604 832100604 832100604 832100604 832100604 832100604 832100604 832100604 832100604 832100604 832100604 832100604 832100604 832100604 832100604 832100604 832100604 832100604 832100604 832100604 832100604 832100604 832100604 832100604 832100604 832100604 832100604 832100604 832100604 832100604 832100604 832100604 832100604 832100604 832100604 832100604 832100604 832100604 832100604 832100604 832100604 832100604 832100604 832100604 832100604 
832100604 832100604 832100604 832100604 832100604 832100604 832100604 832100604 832100604 832100604 832100604 832100604 832100604 832100604 832100604 832100604 832100604 832100604 832100604 832100604 832100604 832100604 832100604 832100604 832100604 832100604 832100604 832100604 832100604 832100604 832100604 832100604 832100604 832100604 832100604 832100604 832100604 832100604 832100604 832100604 832100604 832100604 832100604 832100604 832100604 832100604 832100604 832100604 832100604 832100604 832100604 832100604 832100604 832100604 832100604 
832100604 832100604 832100604 832100604 832100604 832100604 832100604 832100604 832100604 832100604 832100604 832100604 832100604 832100604 832100604 832100604 832100604 832100604 832100604 832100604 832100604 832100604 832100604 832100604 832100604 832100604 832100604 832100604 832100604 832100604 832100604 832100604 832100604 832100604 832100604 832100604 832100604 832100604 832100604 832100604 832100604 832100604 832100604 832100604 832100604 832100604 832100604 832100604 832100604 832100604 832100604 832100604 832100604 832100604 832100604 
832100604 832100604 832100604 832100604 832100604 832100604 832100604 832100604 832100604 832100604 832100604 832100604 832100604 832100604 832100604 832100604 832100604 832100604 832100604 832100604 832100604 832100604 832100604 832100604 832100604 832100604 832100604 832100604 832100604 832100604 832100604 832100604 832100604 832100604 832100604 832100604 832100604 832100604 832100604 832100604 832100604 832100604 832100604 832100604 832100604 832100604 832100604 832100604 832100604 832100604 832100604 832100604 832100604 832100604 832100604 
832100604 832100604 832100604 832100604 832100604 832100604 832100604 832100604 832100604 832100604 832100604 832100604 832100604 832100604 832100604 832100604 832100604 832100604 832100604 832100604 832100604 832100604 832100604 832100604 832100604 832100604 832100604 832100604 832100604 832100604 832100604 832100604 832100604 832100604 832100604 832100604 832100604 832100604 832100604 832100604 832100604 832100604 832100604 832100604 832100604 832100604 832100604 832100604 832100604 832100604 832100604 832100604 832100604 832100604 832100604 
832100604 832100604 832100604 832100604 832100604 832100604 832100604 832100604 832100604 832100604 832100604 832100604 832100604 832100604 832100604 832100604 832100604 832100604 832100604 832100604 832100604 832100604 832100604 832100604 832100604 832100604 832100604 832100604 832100604 832100604 832100604 832100604 832100604 832100604 832100604 832100604 832100604 832100604 832100604 832100604 832100604 832100604 832100604 832100604 832100604 832100604 832100604 832100604 832100604 832100604 832100604 832100604 832100604 832100604 832100604 
832100604 832100604 832100604 832100604 832100604 832100604 832100604 832100604 832100604 832100604 832100604 832100604 832100604 832100604 832100604 832100604 832100604 832100604 832100604 832100604 832100604 832100604 832100604 832100604 832100604 832100604 832100604 832100604 832100604 832100604 832100604 832100604 832100604 832100604 832100604 832100604 832100604 832100604 832100604 832100604 832100604 832100604 832100604 832100604 832100604 832100604 832100604 832100604 832100604 832100604 832100604 832100604 832100604 832100604 832100604 
832100604 832100604 832100604 832100604 832100604 832100604 832100604 832100604 832100604 832100604 832100604 832100604 832100604 832100604 832100604 832100604 832100604 832100604 832100604 832100604 832100604 832100604 832100604 832100604 832100604 832100604 832100604 832100604 832100604 832100604 832100604 832100604 832100604 832100604 832100604 832100604 832100604 832100604 832100604 832100604 832100604 832100604 832100604 832100604 832100604 832100604 832100604 832100604 832100604 832100604 832100604 832100604 832100604 832100604 832100604 
832100604 832100604 832100604 832100604 832100604 832100604 832100604 832100604 832100604 832100604 832100604 832100604 832100604 832100604 832100604 832100604 832100604 832100604 832100604 832100604 832100604 832100604 832100604 832100604 832100604 832100604 832100604 832100604 832100604 832100604 832100604 832100604 832100604 832100604 832100604 832100604 832100604 832100604 832100604 832100604 832100604 832100604 832100604 832100604 832100604 832100604 832100604 832100604 832100604 832100604 832100604 832100604 832100604 832100604 832100604 
832100604 832100604 832100604 832100604 832100604 832100604 832100604 832100604 832100604 832100604 832100604 832100604 832100604 832100604 832100604 832100604 832100604 832100604 832100604 832100604 832100604 832100604 832100604 832100604 832100604 832100604 832100604 832100604 832100604 832100604 832100604 832100604 832100604 832100604 832100604 832100604 832100604 832100604 832100604 832100604 832100604 832100604 832100604 832100604 832100604 832100604 832100604 832100604 832100604 832100604 832100604 832100604 832100604 832100604 832100604 
832100604 832100604 832100604 832100604 832100604 832100604 832100604 832100604 832100604 832100604 832100604 832100604 832100604 832100604 832100604 832100604 832100604 832100604 832100604 832100604 832100604 832100604 832100604 832100604 832100604 832100604 832100604 832100604 832100604 832100604 832100604 832100604 832100604 832100604 832100604 832100604 832100604 832100604 832100604 832100604 832100604 832100604 832100604 832100604 832100604 832100604 832100604 832100604 832100604 832100604 832100604 832100604 832100604 832100604 832100604 
832100604 832100604 832100604 832100604 832100604 832100604 832100604 832100604 832100604 832100604 832100604 832100604 832100604 832100604 832100604 832100604 832100604 832100604 832100604 832100604 832100604 832100604 832100604 832100604 832100604 832100604 832100604 832100604 832100604 832100604 832100604 832100604 832100604 832100604 832100604 832100604 832100604 832100604 832100604 832100604 832100604 832100604 832100604 832100604 832100604 832100604 832100604 832100604 832100604 832100604 832100604 832100604 832100604 832100604 832100604 
832100604 832100604 832100604 832100604 832100604 832100604 832100604 832100604 832100604 832100604 832100604 832100604 832100604 832100604 832100604 832100604 832100604 832100604 832100604 832100604 832100604 832100604 832100604 832100604 832100604 832100604 832100604 832100604 832100604 832100604 832100604 832100604 832100604 832100604 832100604 832100604 832100604 832100604 832100604 832100604 832100604 832100604 832100604 832100604 832100604 832100604 832100604 832100604 832100604 832100604 832100604 832100604 832100604 832100604 832100604 
832100604 832100604 832100604 832100604 832100604 832100604 832100604 832100604 832100604 832100604 832100604 832100604 832100604 832100604 832100604 832100604 832100604 832100604 832100604 832100604 832100604 832100604 832100604 832100604 832100604 832100604 832100604 832100604 832100604 832100604 832100604 832100604 832100604 832100604 832100604 832100604 832100604 832100604 832100604 832100604 832100604 832100604 832100604 832100604 832100604 832100604 832100604 832100604 832100604 832100604 832100604 832100604 832100604 832100604 832100604 
832100604 832100604 832100604 832100604 832100604 832100604 832100604 832100604 832100604 832100604 832100604 832100604 832100604 832100604 832100604 832100604 832100604 832100604 832100604 832100604 832100604 832100604 832100604 832100604 832100604 832100604 832100604 832100604 832100604 832100604 832100604 832100604 832100604 832100604 832100604 832100604 832100604 832100604 832100604 832100604 832100604 832100604 832100604 832100604 832100604 832100604 832100604 832100604 832100604 832100604 832100604 832100604 832100604 832100604 832100604 
832100604 832100604 832100604 832100604 832100604 832100604 832100604 832100604 832100604 832100604 832100604 832100604 832100604 832100604 832100604 832100604 832100604 832100604 832100604 832100604 832100604 832100604 832100604 832100604 832100604 832100604 832100604 832100604 832100604 832100604 832100604 832100604 832100604 832100604 832100604 832100604 832100604 832100604 832100604 832100604 832100604 832100604 832100604 832100604 832100604 832100604 832100604 832100604 832100604 832100604 832100604 832100604 832100604 832100604 832100604 
832100604 832100604 832100604 832100604 832100604 832100604 832100604 832100604 832100604 832100604 832100604 832100604 832100604 832100604 832100604 832100604 832100604 832100604 832100604 832100604 832100604 832100604 832100604 832100604 832100604 832100604 832100604 832100604 832100604 832100604 832100604 832100604 832100604 832100604 832100604 832100604 832100604 832100604 832100604 832100604 832100604 832100604 832100604 832100604 832100604 832100604 832100604 832100604 832100604 832100604 832100604 832100604 832100604 832100604 832100604 
832100604 832100604 832100604 832100604 832100604 832100604 832100604 832100604 832100604 832100604 832100604 832100604 832100604 832100604 832100604 832100604 832100604 832100604 832100604 832100604 832100604 832100604 832100604 832100604 832100604 832100604 832100604 832100604 832100604 832100604 832100604 832100604 832100604 832100604 832100604 832100604 832100604 832100604 832100604 832100604 832100604 832100604 832100604 832100604 832100604 832100604 832100604 832100604 832100604 832100604 832100604 832100604 832100604 832100604 832100604 
832100604 832100604 832100604 832100604 832100604 832100604 832100604 832100604 832100604 832100604 832100604 832100604 832100604 832100604 832100604 832100604 832100604 832100604 832100604 832100604 832100604 832100604 832100604 832100604 832100604 832100604 832100604 832100604 832100604 832100604 832100604 832100604 832100604 832100604 832100604 832100604 832100604 832100604 832100604 832100604 832100604 832100604 832100604 832100604 832100604 832100604 832100604 832100604 832100604 832100604 832100604 832100604 832100604 832100604 832100604 
832100604 832100604 832100604 832100604 832100604 832100604 832100604 832100604 832100604 832100604 832100604 832100604 832100604 832100604 832100604 832100604 832100604 832100604 832100604 832100604 832100604 832100604 832100604 832100604 832100604 832100604 832100604 832100604 832100604 832100604 832100604 832100604 832100604 832100604 832100604 832100604 832100604 832100604 832100604 832100604 832100604 832100604 832100604 832100604 832100604 832100604 832100604 832100604 832100604 832100604 832100604 832100604 832100604 832100604 832100604 
832100604 832100604 832100604 832100604 832100604 832100604 832100604 832100604 832100604 832100604 832100604 832100604 832100604 832100604 832100604 832100604 832100604 832100604 832100604 832100604 832100604 832100604 832100604 832100604 832100604 832100604 832100604 832100604 832100604 832100604 832100604 832100604 832100604 832100604 832100604 832100604 832100604 832100604 832100604 832100604 832100604 832100604 832100604 832100604 832100604 832100604 832100604 832100604 832100604 832100604 832100604 832100604 832100604 832100604 832100604 
832100604 832100604 832100604 832100604 832100604 832100604 832100604 832100604 832100604 832100604 832100604 832100604 832100604 832100604 832100604 832100604 832100604 832100604 832100604 832100604 832100604 832100604 832100604 832100604 832100604 832100604 832100604 832100604 832100604 832100604 832100604 832100604 832100604 832100604 832100604 832100604 832100604 832100604 832100604 832100604 832100604 832100604 832100604 832100604 832100604 832100604 832100604 832100604 832100604 832100604 832100604 832100604 832100604 832100604 832100604 
832100604 832100604 832100604 832100604 832100604 832100604 832100604 832100604 832100604 832100604 832100604 832100604 832100604 832100604 832100604 832100604 832100604 832100604 832100604 832100604 832100604 832100604 832100604 832100604 832100604 832100604 832100604 832100604 832100604 832100604 832100604 832100604 832100604 832100604 832100604 832100604 832100604 832100604 832100604 832100604 832100604 832100604 832100604 832100604 832100604 832100604 832100604 832100604 832100604 832100604 832100604 832100604 832100604 832100604 832100604 
832100604 832100604 832100604 832100604 832100604 832100604 832100604 832100604 832100604 832100604 832100604 832100604 832100604 832100604 832100604 832100604 832100604 832100604 832100604 832100604 832100604 832100604 832100604 832100604 832100604 832100604 832100604 832100604 832100604 832100604 832100604 832100604 832100604 832100604 832100604 832100604 832100604 832100604 832100604 832100604 832100604 832100604 832100604 832100604 832100604 832100604 832100604 832100604 832100604 832100604 832100604 832100604 832100604 832100604 832100604 
832100604 832100604 832100604 832100604 832100604 832100604 832100604 832100604 832100604 832100604 832100604 832100604 832100604 832100604 832100604 832100604 832100604 832100604 832100604 832100604 832100604 832100604 832100604 832100604 832100604 832100604 832100604 832100604 832100604 832100604 832100604 832100604 832100604 832100604 832100604 832100604 832100604 832100604 832100604 832100604 832100604 832100604 832100604 832100604 832100604 832100604 832100604 832100604 832100604 832100604 832100604 832100604 832100604 832100604 832100604 
832100604 832100604 832100604 832100604 832100604 832100604 832100604 832100604 832100604 832100604 832100604 832100604 832100604 832100604 832100604 832100604 832100604 832100604 832100604 832100604 832100604 832100604 832100604 832100604 832100604 832100604 832100604 832100604 832100604 832100604 832100604 832100604 832100604 832100604 832100604 832100604 832100604 832100604 832100604 832100604 832100604 832100604 832100604 832100604 832100604 832100604 832100604 832100604 832100604 832100604 832100604 832100604 832100604 832100604 832100604 
832100604 832100604 832100604 832100604 832100604 832100604 832100604 832100604 832100604 832100604 832100604 832100604 832100604 832100604 832100604 832100604 832100604 832100604 832100604 832100604 832100604 832100604 832100604 832100604 832100604 832100604 832100604 832100604 832100604 832100604 832100604 832100604 832100604 832100604 832100604 832100604 832100604 832100604 832100604 832100604 832100604 832100604 832100604 832100604 832100604 832100604 832100604 832100604 832100604 832100604 832100604 832100604 832100604 832100604 832100604 
832100604 832100604 832100604 832100604 832100604 832100604 832100604 832100604 832100604 832100604 832100604 832100604 832100604 832100604 832100604 832100604 832100604 832100604 832100604 832100604 832100604 832100604 832100604 832100604 832100604 832100604 832100604 832100604 832100604 832100604 832100604 832100604 832100604 832100604 832100604 832100604 832100604 832100604 832100604 832100604 832100604 832100604 832100604 832100604 832100604 832100604 832100604 832100604 832100604 832100604 832100604 832100604 832100604 832100604 832100604 
832100604 832100604 832100604 832100604 832100604 832100604 832100604 832100604 832100604 832100604 832100604 832100604 832100604 832100604 832100604 832100604 832100604 832100604 832100604 832100604 832100604 832100604 832100604 832100604 832100604 832100604 832100604 832100604 832100604 832100604 832100604 832100604 832100604 832100604 832100604 832100604 832100604 832100604 832100604 832100604 832100604 832100604 832100604 832100604 832100604 832100604 832100604 832100604 832100604 832100604 832100604 832100604 832100604 832100604 832100604 
832100604 832100604 832100604 832100604 832100604 832100604 832100604 832100604 832100604 832100604 832100604 832100604 832100604 832100604 832100604 832100604 832100604 832100604 832100604 832100604 832100604 832100604 832100604 832100604 832100604 832100604 832100604 832100604 832100604 832100604 832100604 832100604 832100604 832100604 832100604 832100604 832100604 832100604 832100604 832100604 832100604 832100604 832100604 832100604 832100604 832100604 832100604 832100604 832100604 832100604 832100604 832100604 832100604 832100604 832100604 
832100604 832100604 832100604 832100604 832100604 832100604 832100604 832100604 832100604 832100604 832100604 832100604 832100604 832100604 832100604 832100604 832100604 832100604 832100604 832100604 832100604 832100604 832100604 832100604 832100604 832100604 832100604 832100604 832100604 832100604 832100604 832100604 832100604 832100604 832100604 832100604 832100604 832100604 832100604 832100604 832100604 832100604 832100604 832100604 832100604 832100604 832100604 832100604 832100604 832100604 832100604 832100604 832100604 832100604 832100604 
832100604 832100604 832100604 832100604 832100604 832100604 832100604 832100604 832100604 832100604 832100604 832100604 832100604 832100604 832100604 832100604 832100604 832100604 832100604 832100604 832100604 832100604 832100604 832100604 832100604 832100604 832100604 832100604 832100604 832100604 832100604 832100604 832100604 832100604 832100604 832100604 832100604 832100604 832100604 832100604 832100604 832100604 832100604 832100604 832100604 832100604 832100604 832100604 832100604 832100604 832100604 832100604 832100604 832100604 832100604 
832100604 832100604 832100604 832100604 832100604 832100604 832100604 832100604 832100604 832100604 832100604 832100604 832100604 832100604 832100604 832100604 832100604 832100604 832100604 832100604 832100604 832100604 832100604 832100604 832100604 832100604 832100604 832100604 832100604 832100604 832100604 832100604 832100604 832100604 832100604 832100604 832100604 832100604 832100604 832100604 832100604 832100604 832100604 832100604 832100604 832100604 832100604 832100604 832100604 832100604 832100604 832100604 832100604 832100604 832100604 
832100604 832100604 832100604 832100604 832100604 832100604 832100604 832100604 832100604 832100604 832100604 832100604 832100604 832100604 832100604 832100604 832100604 832100604 832100604 832100604 832100604 832100604 832100604 832100604 832100604 832100604 832100604 832100604 832100604 832100604 832100604 832100604 832100604 832100604 832100604 832100604 832100604 832100604 832100604 832100604 832100604 832100604 832100604 832100604 832100604 832100604 832100604 832100604 832100604 832100604 832100604 832100604 832100604 832100604 832100604 
832100604 832100604 832100604 832100604 832100604 832100604 832100604 832100604 832100604 832100604 832100604 832100604 832100604 832100604 832100604 832100604 832100604 832100604 832100604 832100604 832100604 832100604 832100604 832100604 832100604 832100604 832100604 832100604 832100604 832100604 832100604 832100604 832100604 832100604 832100604 832100604 832100604 832100604 832100604 832100604 832100604 832100604 832100604 832100604 832100604 832100604 832100604 832100604 832100604 832100604 832100604 832100604 832100604 832100604 832100604 
832100604 832100604 832100604 832100604 832100604 832100604 832100604 832100604 832100604 832100604 832100604 832100604 832100604 832100604 832100604 832100604 832100604 832100604 832100604 832100604 832100604 832100604 832100604 832100604 832100604 832100604 832100604 832100604 832100604 832100604 832100604 832100604 832100604 832100604 832100604 832100604 832100604 832100604 832100604 832100604 832100604 832100604 832100604 832100604 832100604 832100604 832100604 832100604 832100604 832100604 832100604 832100604 832100604 832100604 832100604 
832100604 832100604 832100604 832100604 832100604 832100604 832100604 832100604 832100604 832100604 832100604 832100604 832100604 832100604 832100604 832100604 832100604 832100604 832100604 832100604 832100604 832100604 832100604 832100604 832100604 832100604 832100604 832100604 832100604 832100604 832100604 832100604 832100604 832100604 832100604 832100604 832100604 832100604 832100604 832100604 832100604 832100604 832100604 832100604 832100604 832100604 832100604 832100604 832100604 832100604 832100604 832100604 832100604 832100604 832100604 
832100604 832100604 832100604 832100604 832100604 832100604 832100604 832100604 832100604 832100604 832100604 832100604 832100604 832100604 832100604 832100604 832100604 832100604 832100604 832100604 832100604 832100604 832100604 832100604 832100604 832100604 832100604 832100604 832100604 832100604 832100604 832100604 832100604 832100604 832100604 832100604 832100604 832100604 832100604 832100604 832100604 832100604 832100604 832100604 832100604 832100604 832100604 832100604 832100604 832100604 832100604 832100604 832100604 832100604 832100604 
832100604 832100604 832100604 832100604 832100604 832100604 832100604 832100604 832100604 832100604 832100604 832100604 832100604 832100604 832100604 832100604 832100604 832100604 832100604 832100604 832100604 832100604 832100604 832100604 832100604 832100604 832100604 832100604 832100604 832100604 832100604 832100604 832100604 832100604 832100604 832100604 832100604 832100604 832100604 832100604 832100604 832100604 832100604 832100604 832100604 832100604 832100604 832100604 832100604 832100604 832100604 832100604 832100604 832100604 832100604 
832100604 832100604 832100604 832100604 832100604 832100604 832100604 832100604 832100604 832100604 832100604 832100604 832100604 832100604 832100604 832100604 832100604 832100604 832100604 832100604 832100604 832100604 832100604 832100604 832100604 832100604 832100604 832100604 832100604 832100604 832100604 832100604 832100604 832100604 832100604 832100604 832100604 832100604 832100604 832100604 832100604 832100604 832100604 832100604 832100604 832100604 832100604 832100604 832100604 832100604 832100604 832100604 832100604 832100604 832100604 
832100604 832100604 832100604 832100604 832100604 832100604 832100604 832100604 832100604 832100604 832100604 832100604 832100604 832100604 832100604 832100604 832100604 832100604 832100604 832100604 832100604 832100604 832100604 832100604 832100604 832100604 832100604 832100604 832100604 832100604 832100604 832100604 832100604 832100604 832100604 832100604 832100604 832100604 832100604 832100604 832100604 832100604 832100604 832100604 832100604 832100604 832100604 832100604 832100604 832100604 832100604 832100604 832100604 832100604 832100604 
832100604 832100604 832100604 832100604 832100604 832100604 832100604 832100604 832100604 832100604 832100604 832100604 832100604 832100604 832100604 832100604 832100604 832100604 832100604 832100604 832100604 832100604 832100604 832100604 832100604 832100604 832100604 832100604 832100604 832100604 832100604 832100604 832100604 832100604 832100604 832100604 832100604 832100604 832100604 832100604 832100604 832100604 832100604 832100604 832100604 832100604 832100604 832100604 832100604 832100604 832100604 832100604 832100604 832100604 832100604 
832100604 832100604 832100604 832100604 832100604 832100604 832100604 832100604 832100604 832100604 832100604 832100604 832100604 832100604 832100604 832100604 832100604 832100604 832100604 832100604 832100604 832100604 832100604 832100604 832100604 832100604 832100604 832100604 832100604 832100604 832100604 832100604 832100604 832100604 832100604 832100604 832100604 832100604 832100604 832100604 832100604 832100604 832100604 832100604 832100604 832100604 832100604 832100604 832100604 832100604 832100604 832100604 832100604 832100604 832100604 
832100604 832100604 832100604 832100604 832100604 832100604 832100604 832100604 832100604 832100604 832100604 832100604 832100604 832100604 832100604 832100604 832100604 832100604 832100604 832100604 832100604 832100604 832100604 832100604 832100604 832100604 832100604 832100604 832100604 832100604 832100604 832100604 832100604 832100604 832100604 832100604 832100604 832100604 832100604 832100604 832100604 832100604 832100604 832100604 832100604 832100604 832100604 832100604 832100604 832100604 832100604 832100604 832100604 832100604 832100604 
832100604 832100604 832100604 832100604 832100604 832100604 832100604 832100604 832100604 832100604 832100604 832100604 832100604 832100604 832100604 832100604 832100604 832100604 832100604 832100604 832100604 832100604 832100604 832100604 832100604 832100604 832100604 832100604 832100604 832100604 832100604 832100604 832100604 832100604 832100604 832100604 832100604 832100604 832100604 832100604 832100604 832100604 832100604 832100604 832100604 832100604 832100604 832100604 832100604 832100604 832100604 832100604 832100604 832100604 832100604 
832100604 832100604 832100604 832100604 832100604 832100604 832100604 832100604 832100604 832100604 832100604 832100604 832100604 832100604 832100604 832100604 832100604 832100604 832100604 832100604 832100604 832100604 832100604 832100604 832100604 832100604 832100604 832100604 832100604 832100604 832100604 832100604 832100604 832100604 832100604 832100604 832100604 832100604 832100604 832100604 832100604 832100604 832100604 832100604 832100604 832100604 832100604 832100604 832100604 832100604 832100604 832100604 832100604 832100604 832100604 
832100604 832100604 832100604 832100604 832100604 832100604 832100604 832100604 832100604 832100604 832100604 832100604 832100604 832100604 832100604 832100604 832100604 832100604 832100604 832100604 832100604 832100604 832100604 832100604 832100604 832100604 832100604 832100604 832100604 832100604 832100604 832100604 832100604 832100604 832100604 832100604 832100604 832100604 832100604 832100604 832100604 832100604 832100604 832100604 832100604 832100604 832100604 832100604 832100604 832100604 832100604 832100604 832100604 832100604 832100604 
832100604 832100604 832100604 832100604 832100604 832100604 832100604 832100604 832100604 832100604 832100604 832100604 832100604 832100604 832100604 832100604 832100604 832100604 832100604 832100604 832100604 832100604 832100604 832100604 832100604 832100604 832100604 832100604 832100604 832100604 832100604 832100604 832100604 832100604 832100604 832100604 832100604 832100604 832100604 832100604 832100604 832100604 832100604 832100604 832100604 832100604 832100604 832100604 832100604 832100604 832100604 832100604 832100604 832100604 832100604 
832100604 832100604 832100604 832100604 832100604 832100604 832100604 832100604 832100604 832100604 832100604 832100604 832100604 832100604 832100604 832100604 832100604 832100604 832100604 832100604 832100604 832100604 832100604 832100604 832100604 832100604 832100604 832100604 832100604 832100604 832100604 832100604 832100604 832100604 832100604 832100604 832100604 832100604 832100604 832100604 832100604 832100604 832100604 832100604 832100604 832100604 832100604 832100604 832100604 832100604 832100604 832100604 832100604 832100604 832100604 
832100604 832100604 832100604 832100604 832100604 832100604 832100604 832100604 832100604 832100604 832100604 832100604 832100604 832100604 832100604 832100604 832100604 832100604 832100604 832100604 832100604 832100604 832100604 832100604 832100604 832100604 832100604 832100604 832100604 832100604 832100604 832100604 832100604 832100604 832100604 832100604 832100604 832100604 832100604 832100604 832100604 832100604 832100604 832100604 832100604 832100604 832100604 832100604 832100604 832100604 832100604 832100604 832100604 832100604 832100604 
