832099092 832099088/n832099712 832099712 832099712 832099712 832099712 832099712 832099712 832099712 
832099712 832099712 832099712 832099712 832099712 832099712 832099712 832099712 
832099712 832099712 832099712 832099712 832099712 832099712 832099712 832099712 
832099712 832099712 832099712 832099712 832099712 832099712 832099712 832099712 
832099712 832099712 832099712 832099712 832099712 832099712 832099712 832099712 
832099712 832099712 832099712 832099712 832099712 832099712 832099712 832099712 
832099712 832099712 832099712 832099712 832099712 832099712 832099712 832099712 
832099712 832099712 832099712 832099712 832099712 832099712 832099712 832099712 
832099712 832099712 832099712 832099712 832099712 832099712 832099712 832099712 
832099712 832099712 832099712 832099712 832099712 832099712 832099712 832099712 
832099712 832099712 832099712 832099712 832099712 832099712 832099712 832099712 
832099712 832099712 832099712 832099712 832099712 832099712 832099712 832099712 
832099712 832099712 832099712 832099712 832099712 832099712 832099712 832099712 
832099712 832099712 832099712 832099712 832099712 832099712 832099712 832099712 
832099712 832099712 832099712 832099712 832099712 832099712 832099712 832099712 
832099712 832099712 832099712 832099712 832099712 832099712 832099712 832099712 
