832099092 832099088/n832100032 832100032 832100032 832100032 832100032 832100032 832100032 832100032 832100032 832100032 832100032 832100032 832100032 832100032 832100032 832100032 832100032 832100032 832100032 832100032 
832100032 832100032 832100032 832100032 832100032 832100032 832100032 832100032 832100032 832100032 832100032 832100032 832100032 832100032 832100032 832100032 832100032 832100032 832100032 832100032 
832100032 832100032 832100032 832100032 832100032 832100032 832100032 832100032 832100032 832100032 832100032 832100032 832100032 832100032 832100032 832100032 832100032 832100032 832100032 832100032 
832100032 832100032 832100032 832100032 832100032 832100032 832100032 832100032 832100032 832100032 832100032 832100032 832100032 832100032 832100032 832100032 832100032 832100032 832100032 832100032 
832100032 832100032 832100032 832100032 832100032 832100032 832100032 832100032 832100032 832100032 832100032 832100032 832100032 832100032 832100032 832100032 832100032 832100032 832100032 832100032 
832100032 832100032 832100032 832100032 832100032 832100032 832100032 832100032 832100032 832100032 832100032 832100032 832100032 832100032 832100032 832100032 832100032 832100032 832100032 832100032 
832100032 832100032 832100032 832100032 832100032 832100032 832100032 832100032 832100032 832100032 832100032 832100032 832100032 832100032 832100032 832100032 832100032 832100032 832100032 832100032 
832100032 832100032 832100032 832100032 832100032 832100032 832100032 832100032 832100032 832100032 832100032 832100032 832100032 832100032 832100032 832100032 832100032 832100032 832100032 832100032 
832100032 832100032 832100032 832100032 832100032 832100032 832100032 832100032 832100032 832100032 832100032 832100032 832100032 832100032 832100032 832100032 832100032 832100032 832100032 832100032 
832100032 832100032 832100032 832100032 832100032 832100032 832100032 832100032 832100032 832100032 832100032 832100032 832100032 832100032 832100032 832100032 832100032 832100032 832100032 832100032 
832100032 832100032 832100032 832100032 832100032 832100032 832100032 832100032 832100032 832100032 832100032 832100032 832100032 832100032 832100032 832100032 832100032 832100032 832100032 832100032 
832100032 832100032 832100032 832100032 832100032 832100032 832100032 832100032 832100032 832100032 832100032 832100032 832100032 832100032 832100032 832100032 832100032 832100032 832100032 832100032 
832100032 832100032 832100032 832100032 832100032 832100032 832100032 832100032 832100032 832100032 832100032 832100032 832100032 832100032 832100032 832100032 832100032 832100032 832100032 832100032 
832100032 832100032 832100032 832100032 832100032 832100032 832100032 832100032 832100032 832100032 832100032 832100032 832100032 832100032 832100032 832100032 832100032 832100032 832100032 832100032 
832100032 832100032 832100032 832100032 832100032 832100032 832100032 832100032 832100032 832100032 832100032 832100032 832100032 832100032 832100032 832100032 832100032 832100032 832100032 832100032 
832100032 832100032 832100032 832100032 832100032 832100032 832100032 832100032 832100032 832100032 832100032 832100032 832100032 832100032 832100032 832100032 832100032 832100032 832100032 832100032 
832100032 832100032 832100032 832100032 832100032 832100032 832100032 832100032 832100032 832100032 832100032 832100032 832100032 832100032 832100032 832100032 832100032 832100032 832100032 832100032 
832100032 832100032 832100032 832100032 832100032 832100032 832100032 832100032 832100032 832100032 832100032 832100032 832100032 832100032 832100032 832100032 832100032 832100032 832100032 832100032 
832100032 832100032 832100032 832100032 832100032 832100032 832100032 832100032 832100032 832100032 832100032 832100032 832100032 832100032 832100032 832100032 832100032 832100032 832100032 832100032 
832100032 832100032 832100032 832100032 832100032 832100032 832100032 832100032 832100032 832100032 832100032 832100032 832100032 832100032 832100032 832100032 832100032 832100032 832100032 832100032 
832100032 832100032 832100032 832100032 832100032 832100032 832100032 832100032 832100032 832100032 832100032 832100032 832100032 832100032 832100032 832100032 832100032 832100032 832100032 832100032 
832100032 832100032 832100032 832100032 832100032 832100032 832100032 832100032 832100032 832100032 832100032 832100032 832100032 832100032 832100032 832100032 832100032 832100032 832100032 832100032 
832100032 832100032 832100032 832100032 832100032 832100032 832100032 832100032 832100032 832100032 832100032 832100032 832100032 832100032 832100032 832100032 832100032 832100032 832100032 832100032 
832100032 832100032 832100032 832100032 832100032 832100032 832100032 832100032 832100032 832100032 832100032 832100032 832100032 832100032 832100032 832100032 832100032 832100032 832100032 832100032 
832100032 832100032 832100032 832100032 832100032 832100032 832100032 832100032 832100032 832100032 832100032 832100032 832100032 832100032 832100032 832100032 832100032 832100032 832100032 832100032 
832100032 832100032 832100032 832100032 832100032 832100032 832100032 832100032 832100032 832100032 832100032 832100032 832100032 832100032 832100032 832100032 832100032 832100032 832100032 832100032 
832100032 832100032 832100032 832100032 832100032 832100032 832100032 832100032 832100032 832100032 832100032 832100032 832100032 832100032 832100032 832100032 832100032 832100032 832100032 832100032 
832100032 832100032 832100032 832100032 832100032 832100032 832100032 832100032 832100032 832100032 832100032 832100032 832100032 832100032 832100032 832100032 832100032 832100032 832100032 832100032 
832100032 832100032 832100032 832100032 832100032 832100032 832100032 832100032 832100032 832100032 832100032 832100032 832100032 832100032 832100032 832100032 832100032 832100032 832100032 832100032 
832100032 832100032 832100032 832100032 832100032 832100032 832100032 832100032 832100032 832100032 832100032 832100032 832100032 832100032 832100032 832100032 832100032 832100032 832100032 832100032 
832100032 832100032 832100032 832100032 832100032 832100032 832100032 832100032 832100032 832100032 832100032 832100032 832100032 832100032 832100032 832100032 832100032 832100032 832100032 832100032 
832100032 832100032 832100032 832100032 832100032 832100032 832100032 832100032 832100032 832100032 832100032 832100032 832100032 832100032 832100032 832100032 832100032 832100032 832100032 832100032 
832100032 832100032 832100032 832100032 832100032 832100032 832100032 832100032 832100032 832100032 832100032 832100032 832100032 832100032 832100032 832100032 832100032 832100032 832100032 832100032 
