832099092 832099088/n832099696 832099696 832099696 832099696 832099696 832099696 832099696 832099696 832099696 832099696 832099696 832099696 832099696 832099696 832099696 832099696 
832099696 832099696 832099696 832099696 832099696 832099696 832099696 832099696 832099696 832099696 832099696 832099696 832099696 832099696 832099696 832099696 
832099696 832099696 832099696 832099696 832099696 832099696 832099696 832099696 832099696 832099696 832099696 832099696 832099696 832099696 832099696 832099696 
832099696 832099696 832099696 832099696 832099696 832099696 832099696 832099696 832099696 832099696 832099696 832099696 832099696 832099696 832099696 832099696 
832099696 832099696 832099696 832099696 832099696 832099696 832099696 832099696 832099696 832099696 832099696 832099696 832099696 832099696 832099696 832099696 
832099696 832099696 832099696 832099696 832099696 832099696 832099696 832099696 832099696 832099696 832099696 832099696 832099696 832099696 832099696 832099696 
832099696 832099696 832099696 832099696 832099696 832099696 832099696 832099696 832099696 832099696 832099696 832099696 832099696 832099696 832099696 832099696 
832099696 832099696 832099696 832099696 832099696 832099696 832099696 832099696 832099696 832099696 832099696 832099696 832099696 832099696 832099696 832099696 
832099696 832099696 832099696 832099696 832099696 832099696 832099696 832099696 832099696 832099696 832099696 832099696 832099696 832099696 832099696 832099696 
832099696 832099696 832099696 832099696 832099696 832099696 832099696 832099696 832099696 832099696 832099696 832099696 832099696 832099696 832099696 832099696 
832099696 832099696 832099696 832099696 832099696 832099696 832099696 832099696 832099696 832099696 832099696 832099696 832099696 832099696 832099696 832099696 
832099696 832099696 832099696 832099696 832099696 832099696 832099696 832099696 832099696 832099696 832099696 832099696 832099696 832099696 832099696 832099696 
832099696 832099696 832099696 832099696 832099696 832099696 832099696 832099696 832099696 832099696 832099696 832099696 832099696 832099696 832099696 832099696 
