832099092 832099088/n832099812 832099812 832099812 832099812 832099812 832099812 832099812 832099812 832099812 
832099812 832099812 832099812 832099812 832099812 832099812 832099812 832099812 832099812 
832099812 832099812 832099812 832099812 832099812 832099812 832099812 832099812 832099812 
832099812 832099812 832099812 832099812 832099812 832099812 832099812 832099812 832099812 
832099812 832099812 832099812 832099812 832099812 832099812 832099812 832099812 832099812 
832099812 832099812 832099812 832099812 832099812 832099812 832099812 832099812 832099812 
832099812 832099812 832099812 832099812 832099812 832099812 832099812 832099812 832099812 
832099812 832099812 832099812 832099812 832099812 832099812 832099812 832099812 832099812 
832099812 832099812 832099812 832099812 832099812 832099812 832099812 832099812 832099812 
832099812 832099812 832099812 832099812 832099812 832099812 832099812 832099812 832099812 
832099812 832099812 832099812 832099812 832099812 832099812 832099812 832099812 832099812 
832099812 832099812 832099812 832099812 832099812 832099812 832099812 832099812 832099812 
832099812 832099812 832099812 832099812 832099812 832099812 832099812 832099812 832099812 
832099812 832099812 832099812 832099812 832099812 832099812 832099812 832099812 832099812 
832099812 832099812 832099812 832099812 832099812 832099812 832099812 832099812 832099812 
832099812 832099812 832099812 832099812 832099812 832099812 832099812 832099812 832099812 
832099812 832099812 832099812 832099812 832099812 832099812 832099812 832099812 832099812 
832099812 832099812 832099812 832099812 832099812 832099812 832099812 832099812 832099812 
832099812 832099812 832099812 832099812 832099812 832099812 832099812 832099812 832099812 
832099812 832099812 832099812 832099812 832099812 832099812 832099812 832099812 832099812 
832099812 832099812 832099812 832099812 832099812 832099812 832099812 832099812 832099812 
832099812 832099812 832099812 832099812 832099812 832099812 832099812 832099812 832099812 
