832099092 832099088/n832100080 832100080 832100080 832100080 832100080 832100080 832100080 832100080 832100080 832100080 832100080 832100080 832100080 832100080 832100080 832100080 832100080 832100080 832100080 832100080 832100080 832100080 832100080 832100080 832100080 832100080 832100080 832100080 832100080 832100080 832100080 832100080 832100080 832100080 832100080 832100080 
832100080 832100080 832100080 832100080 832100080 832100080 832100080 832100080 832100080 832100080 832100080 832100080 832100080 832100080 832100080 832100080 832100080 832100080 832100080 832100080 832100080 832100080 832100080 832100080 832100080 832100080 832100080 832100080 832100080 832100080 832100080 832100080 832100080 832100080 832100080 832100080 
832100080 832100080 832100080 832100080 832100080 832100080 832100080 832100080 832100080 832100080 832100080 832100080 832100080 832100080 832100080 832100080 832100080 832100080 832100080 832100080 832100080 832100080 832100080 832100080 832100080 832100080 832100080 832100080 832100080 832100080 832100080 832100080 832100080 832100080 832100080 832100080 
832100080 832100080 832100080 832100080 832100080 832100080 832100080 832100080 832100080 832100080 832100080 832100080 832100080 832100080 832100080 832100080 832100080 832100080 832100080 832100080 832100080 832100080 832100080 832100080 832100080 832100080 832100080 832100080 832100080 832100080 832100080 832100080 832100080 832100080 832100080 832100080 
832100080 832100080 832100080 832100080 832100080 832100080 832100080 832100080 832100080 832100080 832100080 832100080 832100080 832100080 832100080 832100080 832100080 832100080 832100080 832100080 832100080 832100080 832100080 832100080 832100080 832100080 832100080 832100080 832100080 832100080 832100080 832100080 832100080 832100080 832100080 832100080 
832100080 832100080 832100080 832100080 832100080 832100080 832100080 832100080 832100080 832100080 832100080 832100080 832100080 832100080 832100080 832100080 832100080 832100080 832100080 832100080 832100080 832100080 832100080 832100080 832100080 832100080 832100080 832100080 832100080 832100080 832100080 832100080 832100080 832100080 832100080 832100080 
832100080 832100080 832100080 832100080 832100080 832100080 832100080 832100080 832100080 832100080 832100080 832100080 832100080 832100080 832100080 832100080 832100080 832100080 832100080 832100080 832100080 832100080 832100080 832100080 832100080 832100080 832100080 832100080 832100080 832100080 832100080 832100080 832100080 832100080 832100080 832100080 
832100080 832100080 832100080 832100080 832100080 832100080 832100080 832100080 832100080 832100080 832100080 832100080 832100080 832100080 832100080 832100080 832100080 832100080 832100080 832100080 832100080 832100080 832100080 832100080 832100080 832100080 832100080 832100080 832100080 832100080 832100080 832100080 832100080 832100080 832100080 832100080 
832100080 832100080 832100080 832100080 832100080 832100080 832100080 832100080 832100080 832100080 832100080 832100080 832100080 832100080 832100080 832100080 832100080 832100080 832100080 832100080 832100080 832100080 832100080 832100080 832100080 832100080 832100080 832100080 832100080 832100080 832100080 832100080 832100080 832100080 832100080 832100080 
832100080 832100080 832100080 832100080 832100080 832100080 832100080 832100080 832100080 832100080 832100080 832100080 832100080 832100080 832100080 832100080 832100080 832100080 832100080 832100080 832100080 832100080 832100080 832100080 832100080 832100080 832100080 832100080 832100080 832100080 832100080 832100080 832100080 832100080 832100080 832100080 
832100080 832100080 832100080 832100080 832100080 832100080 832100080 832100080 832100080 832100080 832100080 832100080 832100080 832100080 832100080 832100080 832100080 832100080 832100080 832100080 832100080 832100080 832100080 832100080 832100080 832100080 832100080 832100080 832100080 832100080 832100080 832100080 832100080 832100080 832100080 832100080 
832100080 832100080 832100080 832100080 832100080 832100080 832100080 832100080 832100080 832100080 832100080 832100080 832100080 832100080 832100080 832100080 832100080 832100080 832100080 832100080 832100080 832100080 832100080 832100080 832100080 832100080 832100080 832100080 832100080 832100080 832100080 832100080 832100080 832100080 832100080 832100080 
832100080 832100080 832100080 832100080 832100080 832100080 832100080 832100080 832100080 832100080 832100080 832100080 832100080 832100080 832100080 832100080 832100080 832100080 832100080 832100080 832100080 832100080 832100080 832100080 832100080 832100080 832100080 832100080 832100080 832100080 832100080 832100080 832100080 832100080 832100080 832100080 
832100080 832100080 832100080 832100080 832100080 832100080 832100080 832100080 832100080 832100080 832100080 832100080 832100080 832100080 832100080 832100080 832100080 832100080 832100080 832100080 832100080 832100080 832100080 832100080 832100080 832100080 832100080 832100080 832100080 832100080 832100080 832100080 832100080 832100080 832100080 832100080 
832100080 832100080 832100080 832100080 832100080 832100080 832100080 832100080 832100080 832100080 832100080 832100080 832100080 832100080 832100080 832100080 832100080 832100080 832100080 832100080 832100080 832100080 832100080 832100080 832100080 832100080 832100080 832100080 832100080 832100080 832100080 832100080 832100080 832100080 832100080 832100080 
832100080 832100080 832100080 832100080 832100080 832100080 832100080 832100080 832100080 832100080 832100080 832100080 832100080 832100080 832100080 832100080 832100080 832100080 832100080 832100080 832100080 832100080 832100080 832100080 832100080 832100080 832100080 832100080 832100080 832100080 832100080 832100080 832100080 832100080 832100080 832100080 
832100080 832100080 832100080 832100080 832100080 832100080 832100080 832100080 832100080 832100080 832100080 832100080 832100080 832100080 832100080 832100080 832100080 832100080 832100080 832100080 832100080 832100080 832100080 832100080 832100080 832100080 832100080 832100080 832100080 832100080 832100080 832100080 832100080 832100080 832100080 832100080 
832100080 832100080 832100080 832100080 832100080 832100080 832100080 832100080 832100080 832100080 832100080 832100080 832100080 832100080 832100080 832100080 832100080 832100080 832100080 832100080 832100080 832100080 832100080 832100080 832100080 832100080 832100080 832100080 832100080 832100080 832100080 832100080 832100080 832100080 832100080 832100080 
832100080 832100080 832100080 832100080 832100080 832100080 832100080 832100080 832100080 832100080 832100080 832100080 832100080 832100080 832100080 832100080 832100080 832100080 832100080 832100080 832100080 832100080 832100080 832100080 832100080 832100080 832100080 832100080 832100080 832100080 832100080 832100080 832100080 832100080 832100080 832100080 
832100080 832100080 832100080 832100080 832100080 832100080 832100080 832100080 832100080 832100080 832100080 832100080 832100080 832100080 832100080 832100080 832100080 832100080 832100080 832100080 832100080 832100080 832100080 832100080 832100080 832100080 832100080 832100080 832100080 832100080 832100080 832100080 832100080 832100080 832100080 832100080 
832100080 832100080 832100080 832100080 832100080 832100080 832100080 832100080 832100080 832100080 832100080 832100080 832100080 832100080 832100080 832100080 832100080 832100080 832100080 832100080 832100080 832100080 832100080 832100080 832100080 832100080 832100080 832100080 832100080 832100080 832100080 832100080 832100080 832100080 832100080 832100080 
832100080 832100080 832100080 832100080 832100080 832100080 832100080 832100080 832100080 832100080 832100080 832100080 832100080 832100080 832100080 832100080 832100080 832100080 832100080 832100080 832100080 832100080 832100080 832100080 832100080 832100080 832100080 832100080 832100080 832100080 832100080 832100080 832100080 832100080 832100080 832100080 
832100080 832100080 832100080 832100080 832100080 832100080 832100080 832100080 832100080 832100080 832100080 832100080 832100080 832100080 832100080 832100080 832100080 832100080 832100080 832100080 832100080 832100080 832100080 832100080 832100080 832100080 832100080 832100080 832100080 832100080 832100080 832100080 832100080 832100080 832100080 832100080 
832100080 832100080 832100080 832100080 832100080 832100080 832100080 832100080 832100080 832100080 832100080 832100080 832100080 832100080 832100080 832100080 832100080 832100080 832100080 832100080 832100080 832100080 832100080 832100080 832100080 832100080 832100080 832100080 832100080 832100080 832100080 832100080 832100080 832100080 832100080 832100080 
832100080 832100080 832100080 832100080 832100080 832100080 832100080 832100080 832100080 832100080 832100080 832100080 832100080 832100080 832100080 832100080 832100080 832100080 832100080 832100080 832100080 832100080 832100080 832100080 832100080 832100080 832100080 832100080 832100080 832100080 832100080 832100080 832100080 832100080 832100080 832100080 
832100080 832100080 832100080 832100080 832100080 832100080 832100080 832100080 832100080 832100080 832100080 832100080 832100080 832100080 832100080 832100080 832100080 832100080 832100080 832100080 832100080 832100080 832100080 832100080 832100080 832100080 832100080 832100080 832100080 832100080 832100080 832100080 832100080 832100080 832100080 832100080 
832100080 832100080 832100080 832100080 832100080 832100080 832100080 832100080 832100080 832100080 832100080 832100080 832100080 832100080 832100080 832100080 832100080 832100080 832100080 832100080 832100080 832100080 832100080 832100080 832100080 832100080 832100080 832100080 832100080 832100080 832100080 832100080 832100080 832100080 832100080 832100080 
832100080 832100080 832100080 832100080 832100080 832100080 832100080 832100080 832100080 832100080 832100080 832100080 832100080 832100080 832100080 832100080 832100080 832100080 832100080 832100080 832100080 832100080 832100080 832100080 832100080 832100080 832100080 832100080 832100080 832100080 832100080 832100080 832100080 832100080 832100080 832100080 
832100080 832100080 832100080 832100080 832100080 832100080 832100080 832100080 832100080 832100080 832100080 832100080 832100080 832100080 832100080 832100080 832100080 832100080 832100080 832100080 832100080 832100080 832100080 832100080 832100080 832100080 832100080 832100080 832100080 832100080 832100080 832100080 832100080 832100080 832100080 832100080 
832100080 832100080 832100080 832100080 832100080 832100080 832100080 832100080 832100080 832100080 832100080 832100080 832100080 832100080 832100080 832100080 832100080 832100080 832100080 832100080 832100080 832100080 832100080 832100080 832100080 832100080 832100080 832100080 832100080 832100080 832100080 832100080 832100080 832100080 832100080 832100080 
832100080 832100080 832100080 832100080 832100080 832100080 832100080 832100080 832100080 832100080 832100080 832100080 832100080 832100080 832100080 832100080 832100080 832100080 832100080 832100080 832100080 832100080 832100080 832100080 832100080 832100080 832100080 832100080 832100080 832100080 832100080 832100080 832100080 832100080 832100080 832100080 
832100080 832100080 832100080 832100080 832100080 832100080 832100080 832100080 832100080 832100080 832100080 832100080 832100080 832100080 832100080 832100080 832100080 832100080 832100080 832100080 832100080 832100080 832100080 832100080 832100080 832100080 832100080 832100080 832100080 832100080 832100080 832100080 832100080 832100080 832100080 832100080 
