832099092 832099088/n832099972 832099972 832099972 832099972 832099972 832099972 832099972 832099972 832099972 832099972 832099972 832099972 832099972 832099972 832099972 832099972 832099972 832099972 832099972 832099972 832099972 
832099972 832099972 832099972 832099972 832099972 832099972 832099972 832099972 832099972 832099972 832099972 832099972 832099972 832099972 832099972 832099972 832099972 832099972 832099972 832099972 832099972 
832099972 832099972 832099972 832099972 832099972 832099972 832099972 832099972 832099972 832099972 832099972 832099972 832099972 832099972 832099972 832099972 832099972 832099972 832099972 832099972 832099972 
832099972 832099972 832099972 832099972 832099972 832099972 832099972 832099972 832099972 832099972 832099972 832099972 832099972 832099972 832099972 832099972 832099972 832099972 832099972 832099972 832099972 
832099972 832099972 832099972 832099972 832099972 832099972 832099972 832099972 832099972 832099972 832099972 832099972 832099972 832099972 832099972 832099972 832099972 832099972 832099972 832099972 832099972 
832099972 832099972 832099972 832099972 832099972 832099972 832099972 832099972 832099972 832099972 832099972 832099972 832099972 832099972 832099972 832099972 832099972 832099972 832099972 832099972 832099972 
832099972 832099972 832099972 832099972 832099972 832099972 832099972 832099972 832099972 832099972 832099972 832099972 832099972 832099972 832099972 832099972 832099972 832099972 832099972 832099972 832099972 
832099972 832099972 832099972 832099972 832099972 832099972 832099972 832099972 832099972 832099972 832099972 832099972 832099972 832099972 832099972 832099972 832099972 832099972 832099972 832099972 832099972 
832099972 832099972 832099972 832099972 832099972 832099972 832099972 832099972 832099972 832099972 832099972 832099972 832099972 832099972 832099972 832099972 832099972 832099972 832099972 832099972 832099972 
832099972 832099972 832099972 832099972 832099972 832099972 832099972 832099972 832099972 832099972 832099972 832099972 832099972 832099972 832099972 832099972 832099972 832099972 832099972 832099972 832099972 
832099972 832099972 832099972 832099972 832099972 832099972 832099972 832099972 832099972 832099972 832099972 832099972 832099972 832099972 832099972 832099972 832099972 832099972 832099972 832099972 832099972 
832099972 832099972 832099972 832099972 832099972 832099972 832099972 832099972 832099972 832099972 832099972 832099972 832099972 832099972 832099972 832099972 832099972 832099972 832099972 832099972 832099972 
832099972 832099972 832099972 832099972 832099972 832099972 832099972 832099972 832099972 832099972 832099972 832099972 832099972 832099972 832099972 832099972 832099972 832099972 832099972 832099972 832099972 
832099972 832099972 832099972 832099972 832099972 832099972 832099972 832099972 832099972 832099972 832099972 832099972 832099972 832099972 832099972 832099972 832099972 832099972 832099972 832099972 832099972 
832099972 832099972 832099972 832099972 832099972 832099972 832099972 832099972 832099972 832099972 832099972 832099972 832099972 832099972 832099972 832099972 832099972 832099972 832099972 832099972 832099972 
832099972 832099972 832099972 832099972 832099972 832099972 832099972 832099972 832099972 832099972 832099972 832099972 832099972 832099972 832099972 832099972 832099972 832099972 832099972 832099972 832099972 
832099972 832099972 832099972 832099972 832099972 832099972 832099972 832099972 832099972 832099972 832099972 832099972 832099972 832099972 832099972 832099972 832099972 832099972 832099972 832099972 832099972 
832099972 832099972 832099972 832099972 832099972 832099972 832099972 832099972 832099972 832099972 832099972 832099972 832099972 832099972 832099972 832099972 832099972 832099972 832099972 832099972 832099972 
832099972 832099972 832099972 832099972 832099972 832099972 832099972 832099972 832099972 832099972 832099972 832099972 832099972 832099972 832099972 832099972 832099972 832099972 832099972 832099972 832099972 
832099972 832099972 832099972 832099972 832099972 832099972 832099972 832099972 832099972 832099972 832099972 832099972 832099972 832099972 832099972 832099972 832099972 832099972 832099972 832099972 832099972 
832099972 832099972 832099972 832099972 832099972 832099972 832099972 832099972 832099972 832099972 832099972 832099972 832099972 832099972 832099972 832099972 832099972 832099972 832099972 832099972 832099972 
832099972 832099972 832099972 832099972 832099972 832099972 832099972 832099972 832099972 832099972 832099972 832099972 832099972 832099972 832099972 832099972 832099972 832099972 832099972 832099972 832099972 
832099972 832099972 832099972 832099972 832099972 832099972 832099972 832099972 832099972 832099972 832099972 832099972 832099972 832099972 832099972 832099972 832099972 832099972 832099972 832099972 832099972 
832099972 832099972 832099972 832099972 832099972 832099972 832099972 832099972 832099972 832099972 832099972 832099972 832099972 832099972 832099972 832099972 832099972 832099972 832099972 832099972 832099972 
832099972 832099972 832099972 832099972 832099972 832099972 832099972 832099972 832099972 832099972 832099972 832099972 832099972 832099972 832099972 832099972 832099972 832099972 832099972 832099972 832099972 
832099972 832099972 832099972 832099972 832099972 832099972 832099972 832099972 832099972 832099972 832099972 832099972 832099972 832099972 832099972 832099972 832099972 832099972 832099972 832099972 832099972 
832099972 832099972 832099972 832099972 832099972 832099972 832099972 832099972 832099972 832099972 832099972 832099972 832099972 832099972 832099972 832099972 832099972 832099972 832099972 832099972 832099972 
832099972 832099972 832099972 832099972 832099972 832099972 832099972 832099972 832099972 832099972 832099972 832099972 832099972 832099972 832099972 832099972 832099972 832099972 832099972 832099972 832099972 
832099972 832099972 832099972 832099972 832099972 832099972 832099972 832099972 832099972 832099972 832099972 832099972 832099972 832099972 832099972 832099972 832099972 832099972 832099972 832099972 832099972 
