832099092 832099088/n832099816 832099816 832099816 832099816 832099816 832099816 832099816 832099816 832099816 832099816 
832099816 832099816 832099816 832099816 832099816 832099816 832099816 832099816 832099816 832099816 
832099816 832099816 832099816 832099816 832099816 832099816 832099816 832099816 832099816 832099816 
832099816 832099816 832099816 832099816 832099816 832099816 832099816 832099816 832099816 832099816 
832099816 832099816 832099816 832099816 832099816 832099816 832099816 832099816 832099816 832099816 
832099816 832099816 832099816 832099816 832099816 832099816 832099816 832099816 832099816 832099816 
832099816 832099816 832099816 832099816 832099816 832099816 832099816 832099816 832099816 832099816 
832099816 832099816 832099816 832099816 832099816 832099816 832099816 832099816 832099816 832099816 
832099816 832099816 832099816 832099816 832099816 832099816 832099816 832099816 832099816 832099816 
832099816 832099816 832099816 832099816 832099816 832099816 832099816 832099816 832099816 832099816 
832099816 832099816 832099816 832099816 832099816 832099816 832099816 832099816 832099816 832099816 
832099816 832099816 832099816 832099816 832099816 832099816 832099816 832099816 832099816 832099816 
832099816 832099816 832099816 832099816 832099816 832099816 832099816 832099816 832099816 832099816 
832099816 832099816 832099816 832099816 832099816 832099816 832099816 832099816 832099816 832099816 
832099816 832099816 832099816 832099816 832099816 832099816 832099816 832099816 832099816 832099816 
832099816 832099816 832099816 832099816 832099816 832099816 832099816 832099816 832099816 832099816 
832099816 832099816 832099816 832099816 832099816 832099816 832099816 832099816 832099816 832099816 
832099816 832099816 832099816 832099816 832099816 832099816 832099816 832099816 832099816 832099816 
832099816 832099816 832099816 832099816 832099816 832099816 832099816 832099816 832099816 832099816 
832099816 832099816 832099816 832099816 832099816 832099816 832099816 832099816 832099816 832099816 
832099816 832099816 832099816 832099816 832099816 832099816 832099816 832099816 832099816 832099816 
832099816 832099816 832099816 832099816 832099816 832099816 832099816 832099816 832099816 832099816 
