832099092 832099088/n832099772 832099772 832099772 832099772 832099772 832099772 832099772 832099772 832099772 832099772 832099772 832099772 832099772 832099772 832099772 
832099772 832099772 832099772 832099772 832099772 832099772 832099772 832099772 832099772 832099772 832099772 832099772 832099772 832099772 832099772 
832099772 832099772 832099772 832099772 832099772 832099772 832099772 832099772 832099772 832099772 832099772 832099772 832099772 832099772 832099772 
832099772 832099772 832099772 832099772 832099772 832099772 832099772 832099772 832099772 832099772 832099772 832099772 832099772 832099772 832099772 
832099772 832099772 832099772 832099772 832099772 832099772 832099772 832099772 832099772 832099772 832099772 832099772 832099772 832099772 832099772 
832099772 832099772 832099772 832099772 832099772 832099772 832099772 832099772 832099772 832099772 832099772 832099772 832099772 832099772 832099772 
832099772 832099772 832099772 832099772 832099772 832099772 832099772 832099772 832099772 832099772 832099772 832099772 832099772 832099772 832099772 
832099772 832099772 832099772 832099772 832099772 832099772 832099772 832099772 832099772 832099772 832099772 832099772 832099772 832099772 832099772 
832099772 832099772 832099772 832099772 832099772 832099772 832099772 832099772 832099772 832099772 832099772 832099772 832099772 832099772 832099772 
832099772 832099772 832099772 832099772 832099772 832099772 832099772 832099772 832099772 832099772 832099772 832099772 832099772 832099772 832099772 
832099772 832099772 832099772 832099772 832099772 832099772 832099772 832099772 832099772 832099772 832099772 832099772 832099772 832099772 832099772 
832099772 832099772 832099772 832099772 832099772 832099772 832099772 832099772 832099772 832099772 832099772 832099772 832099772 832099772 832099772 
832099772 832099772 832099772 832099772 832099772 832099772 832099772 832099772 832099772 832099772 832099772 832099772 832099772 832099772 832099772 
832099772 832099772 832099772 832099772 832099772 832099772 832099772 832099772 832099772 832099772 832099772 832099772 832099772 832099772 832099772 
832099772 832099772 832099772 832099772 832099772 832099772 832099772 832099772 832099772 832099772 832099772 832099772 832099772 832099772 832099772 
832099772 832099772 832099772 832099772 832099772 832099772 832099772 832099772 832099772 832099772 832099772 832099772 832099772 832099772 832099772 
832099772 832099772 832099772 832099772 832099772 832099772 832099772 832099772 832099772 832099772 832099772 832099772 832099772 832099772 832099772 
832099772 832099772 832099772 832099772 832099772 832099772 832099772 832099772 832099772 832099772 832099772 832099772 832099772 832099772 832099772 
