832099092 832099088/n832100004 832100004 832100004 832100004 832100004 832100004 832100004 832100004 832100004 832100004 832100004 832100004 832100004 
832100004 832100004 832100004 832100004 832100004 832100004 832100004 832100004 832100004 832100004 832100004 832100004 832100004 
832100004 832100004 832100004 832100004 832100004 832100004 832100004 832100004 832100004 832100004 832100004 832100004 832100004 
832100004 832100004 832100004 832100004 832100004 832100004 832100004 832100004 832100004 832100004 832100004 832100004 832100004 
832100004 832100004 832100004 832100004 832100004 832100004 832100004 832100004 832100004 832100004 832100004 832100004 832100004 
832100004 832100004 832100004 832100004 832100004 832100004 832100004 832100004 832100004 832100004 832100004 832100004 832100004 
832100004 832100004 832100004 832100004 832100004 832100004 832100004 832100004 832100004 832100004 832100004 832100004 832100004 
832100004 832100004 832100004 832100004 832100004 832100004 832100004 832100004 832100004 832100004 832100004 832100004 832100004 
832100004 832100004 832100004 832100004 832100004 832100004 832100004 832100004 832100004 832100004 832100004 832100004 832100004 
832100004 832100004 832100004 832100004 832100004 832100004 832100004 832100004 832100004 832100004 832100004 832100004 832100004 
832100004 832100004 832100004 832100004 832100004 832100004 832100004 832100004 832100004 832100004 832100004 832100004 832100004 
832100004 832100004 832100004 832100004 832100004 832100004 832100004 832100004 832100004 832100004 832100004 832100004 832100004 
832100004 832100004 832100004 832100004 832100004 832100004 832100004 832100004 832100004 832100004 832100004 832100004 832100004 
832100004 832100004 832100004 832100004 832100004 832100004 832100004 832100004 832100004 832100004 832100004 832100004 832100004 
832100004 832100004 832100004 832100004 832100004 832100004 832100004 832100004 832100004 832100004 832100004 832100004 832100004 
832100004 832100004 832100004 832100004 832100004 832100004 832100004 832100004 832100004 832100004 832100004 832100004 832100004 
832100004 832100004 832100004 832100004 832100004 832100004 832100004 832100004 832100004 832100004 832100004 832100004 832100004 
832100004 832100004 832100004 832100004 832100004 832100004 832100004 832100004 832100004 832100004 832100004 832100004 832100004 
832100004 832100004 832100004 832100004 832100004 832100004 832100004 832100004 832100004 832100004 832100004 832100004 832100004 
832100004 832100004 832100004 832100004 832100004 832100004 832100004 832100004 832100004 832100004 832100004 832100004 832100004 
832100004 832100004 832100004 832100004 832100004 832100004 832100004 832100004 832100004 832100004 832100004 832100004 832100004 
832100004 832100004 832100004 832100004 832100004 832100004 832100004 832100004 832100004 832100004 832100004 832100004 832100004 
832100004 832100004 832100004 832100004 832100004 832100004 832100004 832100004 832100004 832100004 832100004 832100004 832100004 
832100004 832100004 832100004 832100004 832100004 832100004 832100004 832100004 832100004 832100004 832100004 832100004 832100004 
832100004 832100004 832100004 832100004 832100004 832100004 832100004 832100004 832100004 832100004 832100004 832100004 832100004 
832100004 832100004 832100004 832100004 832100004 832100004 832100004 832100004 832100004 832100004 832100004 832100004 832100004 
832100004 832100004 832100004 832100004 832100004 832100004 832100004 832100004 832100004 832100004 832100004 832100004 832100004 
832100004 832100004 832100004 832100004 832100004 832100004 832100004 832100004 832100004 832100004 832100004 832100004 832100004 
832100004 832100004 832100004 832100004 832100004 832100004 832100004 832100004 832100004 832100004 832100004 832100004 832100004 
832100004 832100004 832100004 832100004 832100004 832100004 832100004 832100004 832100004 832100004 832100004 832100004 832100004 
832100004 832100004 832100004 832100004 832100004 832100004 832100004 832100004 832100004 832100004 832100004 832100004 832100004 
832100004 832100004 832100004 832100004 832100004 832100004 832100004 832100004 832100004 832100004 832100004 832100004 832100004 
832100004 832100004 832100004 832100004 832100004 832100004 832100004 832100004 832100004 832100004 832100004 832100004 832100004 
