832099092 832099088/n832099864 832099864 832099864 832099864 832099864 832099864 832099864 832099864 832099864 832099864 832099864 832099864 832099864 832099864 832099864 832099864 832099864 832099864 832099864 832099864 832099864 832099864 
832099864 832099864 832099864 832099864 832099864 832099864 832099864 832099864 832099864 832099864 832099864 832099864 832099864 832099864 832099864 832099864 832099864 832099864 832099864 832099864 832099864 832099864 
832099864 832099864 832099864 832099864 832099864 832099864 832099864 832099864 832099864 832099864 832099864 832099864 832099864 832099864 832099864 832099864 832099864 832099864 832099864 832099864 832099864 832099864 
832099864 832099864 832099864 832099864 832099864 832099864 832099864 832099864 832099864 832099864 832099864 832099864 832099864 832099864 832099864 832099864 832099864 832099864 832099864 832099864 832099864 832099864 
832099864 832099864 832099864 832099864 832099864 832099864 832099864 832099864 832099864 832099864 832099864 832099864 832099864 832099864 832099864 832099864 832099864 832099864 832099864 832099864 832099864 832099864 
832099864 832099864 832099864 832099864 832099864 832099864 832099864 832099864 832099864 832099864 832099864 832099864 832099864 832099864 832099864 832099864 832099864 832099864 832099864 832099864 832099864 832099864 
832099864 832099864 832099864 832099864 832099864 832099864 832099864 832099864 832099864 832099864 832099864 832099864 832099864 832099864 832099864 832099864 832099864 832099864 832099864 832099864 832099864 832099864 
832099864 832099864 832099864 832099864 832099864 832099864 832099864 832099864 832099864 832099864 832099864 832099864 832099864 832099864 832099864 832099864 832099864 832099864 832099864 832099864 832099864 832099864 
832099864 832099864 832099864 832099864 832099864 832099864 832099864 832099864 832099864 832099864 832099864 832099864 832099864 832099864 832099864 832099864 832099864 832099864 832099864 832099864 832099864 832099864 
832099864 832099864 832099864 832099864 832099864 832099864 832099864 832099864 832099864 832099864 832099864 832099864 832099864 832099864 832099864 832099864 832099864 832099864 832099864 832099864 832099864 832099864 
832099864 832099864 832099864 832099864 832099864 832099864 832099864 832099864 832099864 832099864 832099864 832099864 832099864 832099864 832099864 832099864 832099864 832099864 832099864 832099864 832099864 832099864 
832099864 832099864 832099864 832099864 832099864 832099864 832099864 832099864 832099864 832099864 832099864 832099864 832099864 832099864 832099864 832099864 832099864 832099864 832099864 832099864 832099864 832099864 
832099864 832099864 832099864 832099864 832099864 832099864 832099864 832099864 832099864 832099864 832099864 832099864 832099864 832099864 832099864 832099864 832099864 832099864 832099864 832099864 832099864 832099864 
832099864 832099864 832099864 832099864 832099864 832099864 832099864 832099864 832099864 832099864 832099864 832099864 832099864 832099864 832099864 832099864 832099864 832099864 832099864 832099864 832099864 832099864 
832099864 832099864 832099864 832099864 832099864 832099864 832099864 832099864 832099864 832099864 832099864 832099864 832099864 832099864 832099864 832099864 832099864 832099864 832099864 832099864 832099864 832099864 
832099864 832099864 832099864 832099864 832099864 832099864 832099864 832099864 832099864 832099864 832099864 832099864 832099864 832099864 832099864 832099864 832099864 832099864 832099864 832099864 832099864 832099864 
832099864 832099864 832099864 832099864 832099864 832099864 832099864 832099864 832099864 832099864 832099864 832099864 832099864 832099864 832099864 832099864 832099864 832099864 832099864 832099864 832099864 832099864 
832099864 832099864 832099864 832099864 832099864 832099864 832099864 832099864 832099864 832099864 832099864 832099864 832099864 832099864 832099864 832099864 832099864 832099864 832099864 832099864 832099864 832099864 
832099864 832099864 832099864 832099864 832099864 832099864 832099864 832099864 832099864 832099864 832099864 832099864 832099864 832099864 832099864 832099864 832099864 832099864 832099864 832099864 832099864 832099864 
832099864 832099864 832099864 832099864 832099864 832099864 832099864 832099864 832099864 832099864 832099864 832099864 832099864 832099864 832099864 832099864 832099864 832099864 832099864 832099864 832099864 832099864 
832099864 832099864 832099864 832099864 832099864 832099864 832099864 832099864 832099864 832099864 832099864 832099864 832099864 832099864 832099864 832099864 832099864 832099864 832099864 832099864 832099864 832099864 
832099864 832099864 832099864 832099864 832099864 832099864 832099864 832099864 832099864 832099864 832099864 832099864 832099864 832099864 832099864 832099864 832099864 832099864 832099864 832099864 832099864 832099864 
