832099092 832099088/n832100292 832100292 832100292 832100292 832100292 832100292 832100292 832100292 832100292 
832100292 832100292 832100292 832100292 832100292 832100292 832100292 832100292 832100292 
832100292 832100292 832100292 832100292 832100292 832100292 832100292 832100292 832100292 
832100292 832100292 832100292 832100292 832100292 832100292 832100292 832100292 832100292 
832100292 832100292 832100292 832100292 832100292 832100292 832100292 832100292 832100292 
832100292 832100292 832100292 832100292 832100292 832100292 832100292 832100292 832100292 
832100292 832100292 832100292 832100292 832100292 832100292 832100292 832100292 832100292 
832100292 832100292 832100292 832100292 832100292 832100292 832100292 832100292 832100292 
832100292 832100292 832100292 832100292 832100292 832100292 832100292 832100292 832100292 
832100292 832100292 832100292 832100292 832100292 832100292 832100292 832100292 832100292 
832100292 832100292 832100292 832100292 832100292 832100292 832100292 832100292 832100292 
832100292 832100292 832100292 832100292 832100292 832100292 832100292 832100292 832100292 
832100292 832100292 832100292 832100292 832100292 832100292 832100292 832100292 832100292 
832100292 832100292 832100292 832100292 832100292 832100292 832100292 832100292 832100292 
832100292 832100292 832100292 832100292 832100292 832100292 832100292 832100292 832100292 
832100292 832100292 832100292 832100292 832100292 832100292 832100292 832100292 832100292 
832100292 832100292 832100292 832100292 832100292 832100292 832100292 832100292 832100292 
832100292 832100292 832100292 832100292 832100292 832100292 832100292 832100292 832100292 
832100292 832100292 832100292 832100292 832100292 832100292 832100292 832100292 832100292 
832100292 832100292 832100292 832100292 832100292 832100292 832100292 832100292 832100292 
832100292 832100292 832100292 832100292 832100292 832100292 832100292 832100292 832100292 
832100292 832100292 832100292 832100292 832100292 832100292 832100292 832100292 832100292 
832100292 832100292 832100292 832100292 832100292 832100292 832100292 832100292 832100292 
832100292 832100292 832100292 832100292 832100292 832100292 832100292 832100292 832100292 
832100292 832100292 832100292 832100292 832100292 832100292 832100292 832100292 832100292 
832100292 832100292 832100292 832100292 832100292 832100292 832100292 832100292 832100292 
832100292 832100292 832100292 832100292 832100292 832100292 832100292 832100292 832100292 
832100292 832100292 832100292 832100292 832100292 832100292 832100292 832100292 832100292 
832100292 832100292 832100292 832100292 832100292 832100292 832100292 832100292 832100292 
832100292 832100292 832100292 832100292 832100292 832100292 832100292 832100292 832100292 
832100292 832100292 832100292 832100292 832100292 832100292 832100292 832100292 832100292 
832100292 832100292 832100292 832100292 832100292 832100292 832100292 832100292 832100292 
832100292 832100292 832100292 832100292 832100292 832100292 832100292 832100292 832100292 
832100292 832100292 832100292 832100292 832100292 832100292 832100292 832100292 832100292 
832100292 832100292 832100292 832100292 832100292 832100292 832100292 832100292 832100292 
832100292 832100292 832100292 832100292 832100292 832100292 832100292 832100292 832100292 
832100292 832100292 832100292 832100292 832100292 832100292 832100292 832100292 832100292 
832100292 832100292 832100292 832100292 832100292 832100292 832100292 832100292 832100292 
832100292 832100292 832100292 832100292 832100292 832100292 832100292 832100292 832100292 
832100292 832100292 832100292 832100292 832100292 832100292 832100292 832100292 832100292 
832100292 832100292 832100292 832100292 832100292 832100292 832100292 832100292 832100292 
832100292 832100292 832100292 832100292 832100292 832100292 832100292 832100292 832100292 
832100292 832100292 832100292 832100292 832100292 832100292 832100292 832100292 832100292 
832100292 832100292 832100292 832100292 832100292 832100292 832100292 832100292 832100292 
832100292 832100292 832100292 832100292 832100292 832100292 832100292 832100292 832100292 
832100292 832100292 832100292 832100292 832100292 832100292 832100292 832100292 832100292 
832100292 832100292 832100292 832100292 832100292 832100292 832100292 832100292 832100292 
832100292 832100292 832100292 832100292 832100292 832100292 832100292 832100292 832100292 
832100292 832100292 832100292 832100292 832100292 832100292 832100292 832100292 832100292 
832100292 832100292 832100292 832100292 832100292 832100292 832100292 832100292 832100292 
832100292 832100292 832100292 832100292 832100292 832100292 832100292 832100292 832100292 
832100292 832100292 832100292 832100292 832100292 832100292 832100292 832100292 832100292 
