832099092 832099088/n832099912 832099912 832099912 832099912 832099912 832099912 832099912 832099912 832099912 832099912 832099912 832099912 832099912 832099912 832099912 832099912 832099912 832099912 
832099912 832099912 832099912 832099912 832099912 832099912 832099912 832099912 832099912 832099912 832099912 832099912 832099912 832099912 832099912 832099912 832099912 832099912 
832099912 832099912 832099912 832099912 832099912 832099912 832099912 832099912 832099912 832099912 832099912 832099912 832099912 832099912 832099912 832099912 832099912 832099912 
832099912 832099912 832099912 832099912 832099912 832099912 832099912 832099912 832099912 832099912 832099912 832099912 832099912 832099912 832099912 832099912 832099912 832099912 
832099912 832099912 832099912 832099912 832099912 832099912 832099912 832099912 832099912 832099912 832099912 832099912 832099912 832099912 832099912 832099912 832099912 832099912 
832099912 832099912 832099912 832099912 832099912 832099912 832099912 832099912 832099912 832099912 832099912 832099912 832099912 832099912 832099912 832099912 832099912 832099912 
832099912 832099912 832099912 832099912 832099912 832099912 832099912 832099912 832099912 832099912 832099912 832099912 832099912 832099912 832099912 832099912 832099912 832099912 
832099912 832099912 832099912 832099912 832099912 832099912 832099912 832099912 832099912 832099912 832099912 832099912 832099912 832099912 832099912 832099912 832099912 832099912 
832099912 832099912 832099912 832099912 832099912 832099912 832099912 832099912 832099912 832099912 832099912 832099912 832099912 832099912 832099912 832099912 832099912 832099912 
832099912 832099912 832099912 832099912 832099912 832099912 832099912 832099912 832099912 832099912 832099912 832099912 832099912 832099912 832099912 832099912 832099912 832099912 
832099912 832099912 832099912 832099912 832099912 832099912 832099912 832099912 832099912 832099912 832099912 832099912 832099912 832099912 832099912 832099912 832099912 832099912 
832099912 832099912 832099912 832099912 832099912 832099912 832099912 832099912 832099912 832099912 832099912 832099912 832099912 832099912 832099912 832099912 832099912 832099912 
832099912 832099912 832099912 832099912 832099912 832099912 832099912 832099912 832099912 832099912 832099912 832099912 832099912 832099912 832099912 832099912 832099912 832099912 
832099912 832099912 832099912 832099912 832099912 832099912 832099912 832099912 832099912 832099912 832099912 832099912 832099912 832099912 832099912 832099912 832099912 832099912 
832099912 832099912 832099912 832099912 832099912 832099912 832099912 832099912 832099912 832099912 832099912 832099912 832099912 832099912 832099912 832099912 832099912 832099912 
832099912 832099912 832099912 832099912 832099912 832099912 832099912 832099912 832099912 832099912 832099912 832099912 832099912 832099912 832099912 832099912 832099912 832099912 
832099912 832099912 832099912 832099912 832099912 832099912 832099912 832099912 832099912 832099912 832099912 832099912 832099912 832099912 832099912 832099912 832099912 832099912 
832099912 832099912 832099912 832099912 832099912 832099912 832099912 832099912 832099912 832099912 832099912 832099912 832099912 832099912 832099912 832099912 832099912 832099912 
832099912 832099912 832099912 832099912 832099912 832099912 832099912 832099912 832099912 832099912 832099912 832099912 832099912 832099912 832099912 832099912 832099912 832099912 
832099912 832099912 832099912 832099912 832099912 832099912 832099912 832099912 832099912 832099912 832099912 832099912 832099912 832099912 832099912 832099912 832099912 832099912 
832099912 832099912 832099912 832099912 832099912 832099912 832099912 832099912 832099912 832099912 832099912 832099912 832099912 832099912 832099912 832099912 832099912 832099912 
832099912 832099912 832099912 832099912 832099912 832099912 832099912 832099912 832099912 832099912 832099912 832099912 832099912 832099912 832099912 832099912 832099912 832099912 
832099912 832099912 832099912 832099912 832099912 832099912 832099912 832099912 832099912 832099912 832099912 832099912 832099912 832099912 832099912 832099912 832099912 832099912 
832099912 832099912 832099912 832099912 832099912 832099912 832099912 832099912 832099912 832099912 832099912 832099912 832099912 832099912 832099912 832099912 832099912 832099912 
832099912 832099912 832099912 832099912 832099912 832099912 832099912 832099912 832099912 832099912 832099912 832099912 832099912 832099912 832099912 832099912 832099912 832099912 
832099912 832099912 832099912 832099912 832099912 832099912 832099912 832099912 832099912 832099912 832099912 832099912 832099912 832099912 832099912 832099912 832099912 832099912 
