832099092 832099088/n832100364 832100364 832100364 832100364 832100364 832100364 832100364 832100364 832100364 832100364 832100364 832100364 832100364 832100364 832100364 832100364 832100364 832100364 832100364 
832100364 832100364 832100364 832100364 832100364 832100364 832100364 832100364 832100364 832100364 832100364 832100364 832100364 832100364 832100364 832100364 832100364 832100364 832100364 
832100364 832100364 832100364 832100364 832100364 832100364 832100364 832100364 832100364 832100364 832100364 832100364 832100364 832100364 832100364 832100364 832100364 832100364 832100364 
832100364 832100364 832100364 832100364 832100364 832100364 832100364 832100364 832100364 832100364 832100364 832100364 832100364 832100364 832100364 832100364 832100364 832100364 832100364 
832100364 832100364 832100364 832100364 832100364 832100364 832100364 832100364 832100364 832100364 832100364 832100364 832100364 832100364 832100364 832100364 832100364 832100364 832100364 
832100364 832100364 832100364 832100364 832100364 832100364 832100364 832100364 832100364 832100364 832100364 832100364 832100364 832100364 832100364 832100364 832100364 832100364 832100364 
832100364 832100364 832100364 832100364 832100364 832100364 832100364 832100364 832100364 832100364 832100364 832100364 832100364 832100364 832100364 832100364 832100364 832100364 832100364 
832100364 832100364 832100364 832100364 832100364 832100364 832100364 832100364 832100364 832100364 832100364 832100364 832100364 832100364 832100364 832100364 832100364 832100364 832100364 
832100364 832100364 832100364 832100364 832100364 832100364 832100364 832100364 832100364 832100364 832100364 832100364 832100364 832100364 832100364 832100364 832100364 832100364 832100364 
832100364 832100364 832100364 832100364 832100364 832100364 832100364 832100364 832100364 832100364 832100364 832100364 832100364 832100364 832100364 832100364 832100364 832100364 832100364 
832100364 832100364 832100364 832100364 832100364 832100364 832100364 832100364 832100364 832100364 832100364 832100364 832100364 832100364 832100364 832100364 832100364 832100364 832100364 
832100364 832100364 832100364 832100364 832100364 832100364 832100364 832100364 832100364 832100364 832100364 832100364 832100364 832100364 832100364 832100364 832100364 832100364 832100364 
832100364 832100364 832100364 832100364 832100364 832100364 832100364 832100364 832100364 832100364 832100364 832100364 832100364 832100364 832100364 832100364 832100364 832100364 832100364 
832100364 832100364 832100364 832100364 832100364 832100364 832100364 832100364 832100364 832100364 832100364 832100364 832100364 832100364 832100364 832100364 832100364 832100364 832100364 
832100364 832100364 832100364 832100364 832100364 832100364 832100364 832100364 832100364 832100364 832100364 832100364 832100364 832100364 832100364 832100364 832100364 832100364 832100364 
832100364 832100364 832100364 832100364 832100364 832100364 832100364 832100364 832100364 832100364 832100364 832100364 832100364 832100364 832100364 832100364 832100364 832100364 832100364 
832100364 832100364 832100364 832100364 832100364 832100364 832100364 832100364 832100364 832100364 832100364 832100364 832100364 832100364 832100364 832100364 832100364 832100364 832100364 
832100364 832100364 832100364 832100364 832100364 832100364 832100364 832100364 832100364 832100364 832100364 832100364 832100364 832100364 832100364 832100364 832100364 832100364 832100364 
832100364 832100364 832100364 832100364 832100364 832100364 832100364 832100364 832100364 832100364 832100364 832100364 832100364 832100364 832100364 832100364 832100364 832100364 832100364 
832100364 832100364 832100364 832100364 832100364 832100364 832100364 832100364 832100364 832100364 832100364 832100364 832100364 832100364 832100364 832100364 832100364 832100364 832100364 
832100364 832100364 832100364 832100364 832100364 832100364 832100364 832100364 832100364 832100364 832100364 832100364 832100364 832100364 832100364 832100364 832100364 832100364 832100364 
832100364 832100364 832100364 832100364 832100364 832100364 832100364 832100364 832100364 832100364 832100364 832100364 832100364 832100364 832100364 832100364 832100364 832100364 832100364 
832100364 832100364 832100364 832100364 832100364 832100364 832100364 832100364 832100364 832100364 832100364 832100364 832100364 832100364 832100364 832100364 832100364 832100364 832100364 
832100364 832100364 832100364 832100364 832100364 832100364 832100364 832100364 832100364 832100364 832100364 832100364 832100364 832100364 832100364 832100364 832100364 832100364 832100364 
832100364 832100364 832100364 832100364 832100364 832100364 832100364 832100364 832100364 832100364 832100364 832100364 832100364 832100364 832100364 832100364 832100364 832100364 832100364 
832100364 832100364 832100364 832100364 832100364 832100364 832100364 832100364 832100364 832100364 832100364 832100364 832100364 832100364 832100364 832100364 832100364 832100364 832100364 
832100364 832100364 832100364 832100364 832100364 832100364 832100364 832100364 832100364 832100364 832100364 832100364 832100364 832100364 832100364 832100364 832100364 832100364 832100364 
832100364 832100364 832100364 832100364 832100364 832100364 832100364 832100364 832100364 832100364 832100364 832100364 832100364 832100364 832100364 832100364 832100364 832100364 832100364 
832100364 832100364 832100364 832100364 832100364 832100364 832100364 832100364 832100364 832100364 832100364 832100364 832100364 832100364 832100364 832100364 832100364 832100364 832100364 
832100364 832100364 832100364 832100364 832100364 832100364 832100364 832100364 832100364 832100364 832100364 832100364 832100364 832100364 832100364 832100364 832100364 832100364 832100364 
832100364 832100364 832100364 832100364 832100364 832100364 832100364 832100364 832100364 832100364 832100364 832100364 832100364 832100364 832100364 832100364 832100364 832100364 832100364 
832100364 832100364 832100364 832100364 832100364 832100364 832100364 832100364 832100364 832100364 832100364 832100364 832100364 832100364 832100364 832100364 832100364 832100364 832100364 
832100364 832100364 832100364 832100364 832100364 832100364 832100364 832100364 832100364 832100364 832100364 832100364 832100364 832100364 832100364 832100364 832100364 832100364 832100364 
832100364 832100364 832100364 832100364 832100364 832100364 832100364 832100364 832100364 832100364 832100364 832100364 832100364 832100364 832100364 832100364 832100364 832100364 832100364 
832100364 832100364 832100364 832100364 832100364 832100364 832100364 832100364 832100364 832100364 832100364 832100364 832100364 832100364 832100364 832100364 832100364 832100364 832100364 
832100364 832100364 832100364 832100364 832100364 832100364 832100364 832100364 832100364 832100364 832100364 832100364 832100364 832100364 832100364 832100364 832100364 832100364 832100364 
832100364 832100364 832100364 832100364 832100364 832100364 832100364 832100364 832100364 832100364 832100364 832100364 832100364 832100364 832100364 832100364 832100364 832100364 832100364 
832100364 832100364 832100364 832100364 832100364 832100364 832100364 832100364 832100364 832100364 832100364 832100364 832100364 832100364 832100364 832100364 832100364 832100364 832100364 
832100364 832100364 832100364 832100364 832100364 832100364 832100364 832100364 832100364 832100364 832100364 832100364 832100364 832100364 832100364 832100364 832100364 832100364 832100364 
832100364 832100364 832100364 832100364 832100364 832100364 832100364 832100364 832100364 832100364 832100364 832100364 832100364 832100364 832100364 832100364 832100364 832100364 832100364 
832100364 832100364 832100364 832100364 832100364 832100364 832100364 832100364 832100364 832100364 832100364 832100364 832100364 832100364 832100364 832100364 832100364 832100364 832100364 
832100364 832100364 832100364 832100364 832100364 832100364 832100364 832100364 832100364 832100364 832100364 832100364 832100364 832100364 832100364 832100364 832100364 832100364 832100364 
832100364 832100364 832100364 832100364 832100364 832100364 832100364 832100364 832100364 832100364 832100364 832100364 832100364 832100364 832100364 832100364 832100364 832100364 832100364 
832100364 832100364 832100364 832100364 832100364 832100364 832100364 832100364 832100364 832100364 832100364 832100364 832100364 832100364 832100364 832100364 832100364 832100364 832100364 
832100364 832100364 832100364 832100364 832100364 832100364 832100364 832100364 832100364 832100364 832100364 832100364 832100364 832100364 832100364 832100364 832100364 832100364 832100364 
832100364 832100364 832100364 832100364 832100364 832100364 832100364 832100364 832100364 832100364 832100364 832100364 832100364 832100364 832100364 832100364 832100364 832100364 832100364 
832100364 832100364 832100364 832100364 832100364 832100364 832100364 832100364 832100364 832100364 832100364 832100364 832100364 832100364 832100364 832100364 832100364 832100364 832100364 
832100364 832100364 832100364 832100364 832100364 832100364 832100364 832100364 832100364 832100364 832100364 832100364 832100364 832100364 832100364 832100364 832100364 832100364 832100364 
832100364 832100364 832100364 832100364 832100364 832100364 832100364 832100364 832100364 832100364 832100364 832100364 832100364 832100364 832100364 832100364 832100364 832100364 832100364 
832100364 832100364 832100364 832100364 832100364 832100364 832100364 832100364 832100364 832100364 832100364 832100364 832100364 832100364 832100364 832100364 832100364 832100364 832100364 
832100364 832100364 832100364 832100364 832100364 832100364 832100364 832100364 832100364 832100364 832100364 832100364 832100364 832100364 832100364 832100364 832100364 832100364 832100364 
832100364 832100364 832100364 832100364 832100364 832100364 832100364 832100364 832100364 832100364 832100364 832100364 832100364 832100364 832100364 832100364 832100364 832100364 832100364 
832100364 832100364 832100364 832100364 832100364 832100364 832100364 832100364 832100364 832100364 832100364 832100364 832100364 832100364 832100364 832100364 832100364 832100364 832100364 
832100364 832100364 832100364 832100364 832100364 832100364 832100364 832100364 832100364 832100364 832100364 832100364 832100364 832100364 832100364 832100364 832100364 832100364 832100364 
