832099092 832099088/n832099820 832099820 832099820 832099820 832099820 832099820 832099820 832099820 832099820 832099820 832099820 832099820 832099820 832099820 832099820 
832099820 832099820 832099820 832099820 832099820 832099820 832099820 832099820 832099820 832099820 832099820 832099820 832099820 832099820 832099820 
832099820 832099820 832099820 832099820 832099820 832099820 832099820 832099820 832099820 832099820 832099820 832099820 832099820 832099820 832099820 
832099820 832099820 832099820 832099820 832099820 832099820 832099820 832099820 832099820 832099820 832099820 832099820 832099820 832099820 832099820 
832099820 832099820 832099820 832099820 832099820 832099820 832099820 832099820 832099820 832099820 832099820 832099820 832099820 832099820 832099820 
832099820 832099820 832099820 832099820 832099820 832099820 832099820 832099820 832099820 832099820 832099820 832099820 832099820 832099820 832099820 
832099820 832099820 832099820 832099820 832099820 832099820 832099820 832099820 832099820 832099820 832099820 832099820 832099820 832099820 832099820 
832099820 832099820 832099820 832099820 832099820 832099820 832099820 832099820 832099820 832099820 832099820 832099820 832099820 832099820 832099820 
832099820 832099820 832099820 832099820 832099820 832099820 832099820 832099820 832099820 832099820 832099820 832099820 832099820 832099820 832099820 
832099820 832099820 832099820 832099820 832099820 832099820 832099820 832099820 832099820 832099820 832099820 832099820 832099820 832099820 832099820 
832099820 832099820 832099820 832099820 832099820 832099820 832099820 832099820 832099820 832099820 832099820 832099820 832099820 832099820 832099820 
832099820 832099820 832099820 832099820 832099820 832099820 832099820 832099820 832099820 832099820 832099820 832099820 832099820 832099820 832099820 
832099820 832099820 832099820 832099820 832099820 832099820 832099820 832099820 832099820 832099820 832099820 832099820 832099820 832099820 832099820 
832099820 832099820 832099820 832099820 832099820 832099820 832099820 832099820 832099820 832099820 832099820 832099820 832099820 832099820 832099820 
832099820 832099820 832099820 832099820 832099820 832099820 832099820 832099820 832099820 832099820 832099820 832099820 832099820 832099820 832099820 
832099820 832099820 832099820 832099820 832099820 832099820 832099820 832099820 832099820 832099820 832099820 832099820 832099820 832099820 832099820 
832099820 832099820 832099820 832099820 832099820 832099820 832099820 832099820 832099820 832099820 832099820 832099820 832099820 832099820 832099820 
832099820 832099820 832099820 832099820 832099820 832099820 832099820 832099820 832099820 832099820 832099820 832099820 832099820 832099820 832099820 
832099820 832099820 832099820 832099820 832099820 832099820 832099820 832099820 832099820 832099820 832099820 832099820 832099820 832099820 832099820 
832099820 832099820 832099820 832099820 832099820 832099820 832099820 832099820 832099820 832099820 832099820 832099820 832099820 832099820 832099820 
832099820 832099820 832099820 832099820 832099820 832099820 832099820 832099820 832099820 832099820 832099820 832099820 832099820 832099820 832099820 
