832099092 832099088/n832100156 832100156 832100156 832100156 832100156 832100156 832100156 832100156 832100156 832100156 832100156 832100156 832100156 832100156 832100156 
832100156 832100156 832100156 832100156 832100156 832100156 832100156 832100156 832100156 832100156 832100156 832100156 832100156 832100156 832100156 
832100156 832100156 832100156 832100156 832100156 832100156 832100156 832100156 832100156 832100156 832100156 832100156 832100156 832100156 832100156 
832100156 832100156 832100156 832100156 832100156 832100156 832100156 832100156 832100156 832100156 832100156 832100156 832100156 832100156 832100156 
832100156 832100156 832100156 832100156 832100156 832100156 832100156 832100156 832100156 832100156 832100156 832100156 832100156 832100156 832100156 
832100156 832100156 832100156 832100156 832100156 832100156 832100156 832100156 832100156 832100156 832100156 832100156 832100156 832100156 832100156 
832100156 832100156 832100156 832100156 832100156 832100156 832100156 832100156 832100156 832100156 832100156 832100156 832100156 832100156 832100156 
832100156 832100156 832100156 832100156 832100156 832100156 832100156 832100156 832100156 832100156 832100156 832100156 832100156 832100156 832100156 
832100156 832100156 832100156 832100156 832100156 832100156 832100156 832100156 832100156 832100156 832100156 832100156 832100156 832100156 832100156 
832100156 832100156 832100156 832100156 832100156 832100156 832100156 832100156 832100156 832100156 832100156 832100156 832100156 832100156 832100156 
832100156 832100156 832100156 832100156 832100156 832100156 832100156 832100156 832100156 832100156 832100156 832100156 832100156 832100156 832100156 
832100156 832100156 832100156 832100156 832100156 832100156 832100156 832100156 832100156 832100156 832100156 832100156 832100156 832100156 832100156 
832100156 832100156 832100156 832100156 832100156 832100156 832100156 832100156 832100156 832100156 832100156 832100156 832100156 832100156 832100156 
832100156 832100156 832100156 832100156 832100156 832100156 832100156 832100156 832100156 832100156 832100156 832100156 832100156 832100156 832100156 
832100156 832100156 832100156 832100156 832100156 832100156 832100156 832100156 832100156 832100156 832100156 832100156 832100156 832100156 832100156 
832100156 832100156 832100156 832100156 832100156 832100156 832100156 832100156 832100156 832100156 832100156 832100156 832100156 832100156 832100156 
832100156 832100156 832100156 832100156 832100156 832100156 832100156 832100156 832100156 832100156 832100156 832100156 832100156 832100156 832100156 
832100156 832100156 832100156 832100156 832100156 832100156 832100156 832100156 832100156 832100156 832100156 832100156 832100156 832100156 832100156 
832100156 832100156 832100156 832100156 832100156 832100156 832100156 832100156 832100156 832100156 832100156 832100156 832100156 832100156 832100156 
832100156 832100156 832100156 832100156 832100156 832100156 832100156 832100156 832100156 832100156 832100156 832100156 832100156 832100156 832100156 
832100156 832100156 832100156 832100156 832100156 832100156 832100156 832100156 832100156 832100156 832100156 832100156 832100156 832100156 832100156 
832100156 832100156 832100156 832100156 832100156 832100156 832100156 832100156 832100156 832100156 832100156 832100156 832100156 832100156 832100156 
832100156 832100156 832100156 832100156 832100156 832100156 832100156 832100156 832100156 832100156 832100156 832100156 832100156 832100156 832100156 
832100156 832100156 832100156 832100156 832100156 832100156 832100156 832100156 832100156 832100156 832100156 832100156 832100156 832100156 832100156 
832100156 832100156 832100156 832100156 832100156 832100156 832100156 832100156 832100156 832100156 832100156 832100156 832100156 832100156 832100156 
832100156 832100156 832100156 832100156 832100156 832100156 832100156 832100156 832100156 832100156 832100156 832100156 832100156 832100156 832100156 
832100156 832100156 832100156 832100156 832100156 832100156 832100156 832100156 832100156 832100156 832100156 832100156 832100156 832100156 832100156 
832100156 832100156 832100156 832100156 832100156 832100156 832100156 832100156 832100156 832100156 832100156 832100156 832100156 832100156 832100156 
832100156 832100156 832100156 832100156 832100156 832100156 832100156 832100156 832100156 832100156 832100156 832100156 832100156 832100156 832100156 
832100156 832100156 832100156 832100156 832100156 832100156 832100156 832100156 832100156 832100156 832100156 832100156 832100156 832100156 832100156 
832100156 832100156 832100156 832100156 832100156 832100156 832100156 832100156 832100156 832100156 832100156 832100156 832100156 832100156 832100156 
832100156 832100156 832100156 832100156 832100156 832100156 832100156 832100156 832100156 832100156 832100156 832100156 832100156 832100156 832100156 
832100156 832100156 832100156 832100156 832100156 832100156 832100156 832100156 832100156 832100156 832100156 832100156 832100156 832100156 832100156 
832100156 832100156 832100156 832100156 832100156 832100156 832100156 832100156 832100156 832100156 832100156 832100156 832100156 832100156 832100156 
832100156 832100156 832100156 832100156 832100156 832100156 832100156 832100156 832100156 832100156 832100156 832100156 832100156 832100156 832100156 
832100156 832100156 832100156 832100156 832100156 832100156 832100156 832100156 832100156 832100156 832100156 832100156 832100156 832100156 832100156 
832100156 832100156 832100156 832100156 832100156 832100156 832100156 832100156 832100156 832100156 832100156 832100156 832100156 832100156 832100156 
832100156 832100156 832100156 832100156 832100156 832100156 832100156 832100156 832100156 832100156 832100156 832100156 832100156 832100156 832100156 
832100156 832100156 832100156 832100156 832100156 832100156 832100156 832100156 832100156 832100156 832100156 832100156 832100156 832100156 832100156 
832100156 832100156 832100156 832100156 832100156 832100156 832100156 832100156 832100156 832100156 832100156 832100156 832100156 832100156 832100156 
832100156 832100156 832100156 832100156 832100156 832100156 832100156 832100156 832100156 832100156 832100156 832100156 832100156 832100156 832100156 
832100156 832100156 832100156 832100156 832100156 832100156 832100156 832100156 832100156 832100156 832100156 832100156 832100156 832100156 832100156 
