832099092 832099088/n832100360 832100360 832100360 832100360 832100360 832100360 832100360 832100360 832100360 832100360 832100360 832100360 832100360 832100360 832100360 832100360 832100360 832100360 832100360 832100360 832100360 832100360 832100360 832100360 832100360 832100360 
832100360 832100360 832100360 832100360 832100360 832100360 832100360 832100360 832100360 832100360 832100360 832100360 832100360 832100360 832100360 832100360 832100360 832100360 832100360 832100360 832100360 832100360 832100360 832100360 832100360 832100360 
832100360 832100360 832100360 832100360 832100360 832100360 832100360 832100360 832100360 832100360 832100360 832100360 832100360 832100360 832100360 832100360 832100360 832100360 832100360 832100360 832100360 832100360 832100360 832100360 832100360 832100360 
832100360 832100360 832100360 832100360 832100360 832100360 832100360 832100360 832100360 832100360 832100360 832100360 832100360 832100360 832100360 832100360 832100360 832100360 832100360 832100360 832100360 832100360 832100360 832100360 832100360 832100360 
832100360 832100360 832100360 832100360 832100360 832100360 832100360 832100360 832100360 832100360 832100360 832100360 832100360 832100360 832100360 832100360 832100360 832100360 832100360 832100360 832100360 832100360 832100360 832100360 832100360 832100360 
832100360 832100360 832100360 832100360 832100360 832100360 832100360 832100360 832100360 832100360 832100360 832100360 832100360 832100360 832100360 832100360 832100360 832100360 832100360 832100360 832100360 832100360 832100360 832100360 832100360 832100360 
832100360 832100360 832100360 832100360 832100360 832100360 832100360 832100360 832100360 832100360 832100360 832100360 832100360 832100360 832100360 832100360 832100360 832100360 832100360 832100360 832100360 832100360 832100360 832100360 832100360 832100360 
832100360 832100360 832100360 832100360 832100360 832100360 832100360 832100360 832100360 832100360 832100360 832100360 832100360 832100360 832100360 832100360 832100360 832100360 832100360 832100360 832100360 832100360 832100360 832100360 832100360 832100360 
832100360 832100360 832100360 832100360 832100360 832100360 832100360 832100360 832100360 832100360 832100360 832100360 832100360 832100360 832100360 832100360 832100360 832100360 832100360 832100360 832100360 832100360 832100360 832100360 832100360 832100360 
832100360 832100360 832100360 832100360 832100360 832100360 832100360 832100360 832100360 832100360 832100360 832100360 832100360 832100360 832100360 832100360 832100360 832100360 832100360 832100360 832100360 832100360 832100360 832100360 832100360 832100360 
832100360 832100360 832100360 832100360 832100360 832100360 832100360 832100360 832100360 832100360 832100360 832100360 832100360 832100360 832100360 832100360 832100360 832100360 832100360 832100360 832100360 832100360 832100360 832100360 832100360 832100360 
832100360 832100360 832100360 832100360 832100360 832100360 832100360 832100360 832100360 832100360 832100360 832100360 832100360 832100360 832100360 832100360 832100360 832100360 832100360 832100360 832100360 832100360 832100360 832100360 832100360 832100360 
832100360 832100360 832100360 832100360 832100360 832100360 832100360 832100360 832100360 832100360 832100360 832100360 832100360 832100360 832100360 832100360 832100360 832100360 832100360 832100360 832100360 832100360 832100360 832100360 832100360 832100360 
832100360 832100360 832100360 832100360 832100360 832100360 832100360 832100360 832100360 832100360 832100360 832100360 832100360 832100360 832100360 832100360 832100360 832100360 832100360 832100360 832100360 832100360 832100360 832100360 832100360 832100360 
832100360 832100360 832100360 832100360 832100360 832100360 832100360 832100360 832100360 832100360 832100360 832100360 832100360 832100360 832100360 832100360 832100360 832100360 832100360 832100360 832100360 832100360 832100360 832100360 832100360 832100360 
832100360 832100360 832100360 832100360 832100360 832100360 832100360 832100360 832100360 832100360 832100360 832100360 832100360 832100360 832100360 832100360 832100360 832100360 832100360 832100360 832100360 832100360 832100360 832100360 832100360 832100360 
832100360 832100360 832100360 832100360 832100360 832100360 832100360 832100360 832100360 832100360 832100360 832100360 832100360 832100360 832100360 832100360 832100360 832100360 832100360 832100360 832100360 832100360 832100360 832100360 832100360 832100360 
832100360 832100360 832100360 832100360 832100360 832100360 832100360 832100360 832100360 832100360 832100360 832100360 832100360 832100360 832100360 832100360 832100360 832100360 832100360 832100360 832100360 832100360 832100360 832100360 832100360 832100360 
832100360 832100360 832100360 832100360 832100360 832100360 832100360 832100360 832100360 832100360 832100360 832100360 832100360 832100360 832100360 832100360 832100360 832100360 832100360 832100360 832100360 832100360 832100360 832100360 832100360 832100360 
832100360 832100360 832100360 832100360 832100360 832100360 832100360 832100360 832100360 832100360 832100360 832100360 832100360 832100360 832100360 832100360 832100360 832100360 832100360 832100360 832100360 832100360 832100360 832100360 832100360 832100360 
832100360 832100360 832100360 832100360 832100360 832100360 832100360 832100360 832100360 832100360 832100360 832100360 832100360 832100360 832100360 832100360 832100360 832100360 832100360 832100360 832100360 832100360 832100360 832100360 832100360 832100360 
832100360 832100360 832100360 832100360 832100360 832100360 832100360 832100360 832100360 832100360 832100360 832100360 832100360 832100360 832100360 832100360 832100360 832100360 832100360 832100360 832100360 832100360 832100360 832100360 832100360 832100360 
832100360 832100360 832100360 832100360 832100360 832100360 832100360 832100360 832100360 832100360 832100360 832100360 832100360 832100360 832100360 832100360 832100360 832100360 832100360 832100360 832100360 832100360 832100360 832100360 832100360 832100360 
832100360 832100360 832100360 832100360 832100360 832100360 832100360 832100360 832100360 832100360 832100360 832100360 832100360 832100360 832100360 832100360 832100360 832100360 832100360 832100360 832100360 832100360 832100360 832100360 832100360 832100360 
832100360 832100360 832100360 832100360 832100360 832100360 832100360 832100360 832100360 832100360 832100360 832100360 832100360 832100360 832100360 832100360 832100360 832100360 832100360 832100360 832100360 832100360 832100360 832100360 832100360 832100360 
832100360 832100360 832100360 832100360 832100360 832100360 832100360 832100360 832100360 832100360 832100360 832100360 832100360 832100360 832100360 832100360 832100360 832100360 832100360 832100360 832100360 832100360 832100360 832100360 832100360 832100360 
832100360 832100360 832100360 832100360 832100360 832100360 832100360 832100360 832100360 832100360 832100360 832100360 832100360 832100360 832100360 832100360 832100360 832100360 832100360 832100360 832100360 832100360 832100360 832100360 832100360 832100360 
832100360 832100360 832100360 832100360 832100360 832100360 832100360 832100360 832100360 832100360 832100360 832100360 832100360 832100360 832100360 832100360 832100360 832100360 832100360 832100360 832100360 832100360 832100360 832100360 832100360 832100360 
832100360 832100360 832100360 832100360 832100360 832100360 832100360 832100360 832100360 832100360 832100360 832100360 832100360 832100360 832100360 832100360 832100360 832100360 832100360 832100360 832100360 832100360 832100360 832100360 832100360 832100360 
832100360 832100360 832100360 832100360 832100360 832100360 832100360 832100360 832100360 832100360 832100360 832100360 832100360 832100360 832100360 832100360 832100360 832100360 832100360 832100360 832100360 832100360 832100360 832100360 832100360 832100360 
832100360 832100360 832100360 832100360 832100360 832100360 832100360 832100360 832100360 832100360 832100360 832100360 832100360 832100360 832100360 832100360 832100360 832100360 832100360 832100360 832100360 832100360 832100360 832100360 832100360 832100360 
832100360 832100360 832100360 832100360 832100360 832100360 832100360 832100360 832100360 832100360 832100360 832100360 832100360 832100360 832100360 832100360 832100360 832100360 832100360 832100360 832100360 832100360 832100360 832100360 832100360 832100360 
832100360 832100360 832100360 832100360 832100360 832100360 832100360 832100360 832100360 832100360 832100360 832100360 832100360 832100360 832100360 832100360 832100360 832100360 832100360 832100360 832100360 832100360 832100360 832100360 832100360 832100360 
832100360 832100360 832100360 832100360 832100360 832100360 832100360 832100360 832100360 832100360 832100360 832100360 832100360 832100360 832100360 832100360 832100360 832100360 832100360 832100360 832100360 832100360 832100360 832100360 832100360 832100360 
832100360 832100360 832100360 832100360 832100360 832100360 832100360 832100360 832100360 832100360 832100360 832100360 832100360 832100360 832100360 832100360 832100360 832100360 832100360 832100360 832100360 832100360 832100360 832100360 832100360 832100360 
832100360 832100360 832100360 832100360 832100360 832100360 832100360 832100360 832100360 832100360 832100360 832100360 832100360 832100360 832100360 832100360 832100360 832100360 832100360 832100360 832100360 832100360 832100360 832100360 832100360 832100360 
832100360 832100360 832100360 832100360 832100360 832100360 832100360 832100360 832100360 832100360 832100360 832100360 832100360 832100360 832100360 832100360 832100360 832100360 832100360 832100360 832100360 832100360 832100360 832100360 832100360 832100360 
832100360 832100360 832100360 832100360 832100360 832100360 832100360 832100360 832100360 832100360 832100360 832100360 832100360 832100360 832100360 832100360 832100360 832100360 832100360 832100360 832100360 832100360 832100360 832100360 832100360 832100360 
832100360 832100360 832100360 832100360 832100360 832100360 832100360 832100360 832100360 832100360 832100360 832100360 832100360 832100360 832100360 832100360 832100360 832100360 832100360 832100360 832100360 832100360 832100360 832100360 832100360 832100360 
832100360 832100360 832100360 832100360 832100360 832100360 832100360 832100360 832100360 832100360 832100360 832100360 832100360 832100360 832100360 832100360 832100360 832100360 832100360 832100360 832100360 832100360 832100360 832100360 832100360 832100360 
832100360 832100360 832100360 832100360 832100360 832100360 832100360 832100360 832100360 832100360 832100360 832100360 832100360 832100360 832100360 832100360 832100360 832100360 832100360 832100360 832100360 832100360 832100360 832100360 832100360 832100360 
832100360 832100360 832100360 832100360 832100360 832100360 832100360 832100360 832100360 832100360 832100360 832100360 832100360 832100360 832100360 832100360 832100360 832100360 832100360 832100360 832100360 832100360 832100360 832100360 832100360 832100360 
832100360 832100360 832100360 832100360 832100360 832100360 832100360 832100360 832100360 832100360 832100360 832100360 832100360 832100360 832100360 832100360 832100360 832100360 832100360 832100360 832100360 832100360 832100360 832100360 832100360 832100360 
832100360 832100360 832100360 832100360 832100360 832100360 832100360 832100360 832100360 832100360 832100360 832100360 832100360 832100360 832100360 832100360 832100360 832100360 832100360 832100360 832100360 832100360 832100360 832100360 832100360 832100360 
832100360 832100360 832100360 832100360 832100360 832100360 832100360 832100360 832100360 832100360 832100360 832100360 832100360 832100360 832100360 832100360 832100360 832100360 832100360 832100360 832100360 832100360 832100360 832100360 832100360 832100360 
832100360 832100360 832100360 832100360 832100360 832100360 832100360 832100360 832100360 832100360 832100360 832100360 832100360 832100360 832100360 832100360 832100360 832100360 832100360 832100360 832100360 832100360 832100360 832100360 832100360 832100360 
832100360 832100360 832100360 832100360 832100360 832100360 832100360 832100360 832100360 832100360 832100360 832100360 832100360 832100360 832100360 832100360 832100360 832100360 832100360 832100360 832100360 832100360 832100360 832100360 832100360 832100360 
832100360 832100360 832100360 832100360 832100360 832100360 832100360 832100360 832100360 832100360 832100360 832100360 832100360 832100360 832100360 832100360 832100360 832100360 832100360 832100360 832100360 832100360 832100360 832100360 832100360 832100360 
832100360 832100360 832100360 832100360 832100360 832100360 832100360 832100360 832100360 832100360 832100360 832100360 832100360 832100360 832100360 832100360 832100360 832100360 832100360 832100360 832100360 832100360 832100360 832100360 832100360 832100360 
832100360 832100360 832100360 832100360 832100360 832100360 832100360 832100360 832100360 832100360 832100360 832100360 832100360 832100360 832100360 832100360 832100360 832100360 832100360 832100360 832100360 832100360 832100360 832100360 832100360 832100360 
832100360 832100360 832100360 832100360 832100360 832100360 832100360 832100360 832100360 832100360 832100360 832100360 832100360 832100360 832100360 832100360 832100360 832100360 832100360 832100360 832100360 832100360 832100360 832100360 832100360 832100360 
832100360 832100360 832100360 832100360 832100360 832100360 832100360 832100360 832100360 832100360 832100360 832100360 832100360 832100360 832100360 832100360 832100360 832100360 832100360 832100360 832100360 832100360 832100360 832100360 832100360 832100360 
