832099092 832099088/n832099980 832099980 832099980 832099980 832099980 832099980 832099980 832099980 832099980 832099980 832099980 832099980 832099980 832099980 832099980 832099980 832099980 832099980 832099980 832099980 832099980 832099980 832099980 832099980 832099980 832099980 832099980 
832099980 832099980 832099980 832099980 832099980 832099980 832099980 832099980 832099980 832099980 832099980 832099980 832099980 832099980 832099980 832099980 832099980 832099980 832099980 832099980 832099980 832099980 832099980 832099980 832099980 832099980 832099980 
832099980 832099980 832099980 832099980 832099980 832099980 832099980 832099980 832099980 832099980 832099980 832099980 832099980 832099980 832099980 832099980 832099980 832099980 832099980 832099980 832099980 832099980 832099980 832099980 832099980 832099980 832099980 
832099980 832099980 832099980 832099980 832099980 832099980 832099980 832099980 832099980 832099980 832099980 832099980 832099980 832099980 832099980 832099980 832099980 832099980 832099980 832099980 832099980 832099980 832099980 832099980 832099980 832099980 832099980 
832099980 832099980 832099980 832099980 832099980 832099980 832099980 832099980 832099980 832099980 832099980 832099980 832099980 832099980 832099980 832099980 832099980 832099980 832099980 832099980 832099980 832099980 832099980 832099980 832099980 832099980 832099980 
832099980 832099980 832099980 832099980 832099980 832099980 832099980 832099980 832099980 832099980 832099980 832099980 832099980 832099980 832099980 832099980 832099980 832099980 832099980 832099980 832099980 832099980 832099980 832099980 832099980 832099980 832099980 
832099980 832099980 832099980 832099980 832099980 832099980 832099980 832099980 832099980 832099980 832099980 832099980 832099980 832099980 832099980 832099980 832099980 832099980 832099980 832099980 832099980 832099980 832099980 832099980 832099980 832099980 832099980 
832099980 832099980 832099980 832099980 832099980 832099980 832099980 832099980 832099980 832099980 832099980 832099980 832099980 832099980 832099980 832099980 832099980 832099980 832099980 832099980 832099980 832099980 832099980 832099980 832099980 832099980 832099980 
832099980 832099980 832099980 832099980 832099980 832099980 832099980 832099980 832099980 832099980 832099980 832099980 832099980 832099980 832099980 832099980 832099980 832099980 832099980 832099980 832099980 832099980 832099980 832099980 832099980 832099980 832099980 
832099980 832099980 832099980 832099980 832099980 832099980 832099980 832099980 832099980 832099980 832099980 832099980 832099980 832099980 832099980 832099980 832099980 832099980 832099980 832099980 832099980 832099980 832099980 832099980 832099980 832099980 832099980 
832099980 832099980 832099980 832099980 832099980 832099980 832099980 832099980 832099980 832099980 832099980 832099980 832099980 832099980 832099980 832099980 832099980 832099980 832099980 832099980 832099980 832099980 832099980 832099980 832099980 832099980 832099980 
832099980 832099980 832099980 832099980 832099980 832099980 832099980 832099980 832099980 832099980 832099980 832099980 832099980 832099980 832099980 832099980 832099980 832099980 832099980 832099980 832099980 832099980 832099980 832099980 832099980 832099980 832099980 
832099980 832099980 832099980 832099980 832099980 832099980 832099980 832099980 832099980 832099980 832099980 832099980 832099980 832099980 832099980 832099980 832099980 832099980 832099980 832099980 832099980 832099980 832099980 832099980 832099980 832099980 832099980 
832099980 832099980 832099980 832099980 832099980 832099980 832099980 832099980 832099980 832099980 832099980 832099980 832099980 832099980 832099980 832099980 832099980 832099980 832099980 832099980 832099980 832099980 832099980 832099980 832099980 832099980 832099980 
832099980 832099980 832099980 832099980 832099980 832099980 832099980 832099980 832099980 832099980 832099980 832099980 832099980 832099980 832099980 832099980 832099980 832099980 832099980 832099980 832099980 832099980 832099980 832099980 832099980 832099980 832099980 
832099980 832099980 832099980 832099980 832099980 832099980 832099980 832099980 832099980 832099980 832099980 832099980 832099980 832099980 832099980 832099980 832099980 832099980 832099980 832099980 832099980 832099980 832099980 832099980 832099980 832099980 832099980 
832099980 832099980 832099980 832099980 832099980 832099980 832099980 832099980 832099980 832099980 832099980 832099980 832099980 832099980 832099980 832099980 832099980 832099980 832099980 832099980 832099980 832099980 832099980 832099980 832099980 832099980 832099980 
832099980 832099980 832099980 832099980 832099980 832099980 832099980 832099980 832099980 832099980 832099980 832099980 832099980 832099980 832099980 832099980 832099980 832099980 832099980 832099980 832099980 832099980 832099980 832099980 832099980 832099980 832099980 
832099980 832099980 832099980 832099980 832099980 832099980 832099980 832099980 832099980 832099980 832099980 832099980 832099980 832099980 832099980 832099980 832099980 832099980 832099980 832099980 832099980 832099980 832099980 832099980 832099980 832099980 832099980 
832099980 832099980 832099980 832099980 832099980 832099980 832099980 832099980 832099980 832099980 832099980 832099980 832099980 832099980 832099980 832099980 832099980 832099980 832099980 832099980 832099980 832099980 832099980 832099980 832099980 832099980 832099980 
832099980 832099980 832099980 832099980 832099980 832099980 832099980 832099980 832099980 832099980 832099980 832099980 832099980 832099980 832099980 832099980 832099980 832099980 832099980 832099980 832099980 832099980 832099980 832099980 832099980 832099980 832099980 
832099980 832099980 832099980 832099980 832099980 832099980 832099980 832099980 832099980 832099980 832099980 832099980 832099980 832099980 832099980 832099980 832099980 832099980 832099980 832099980 832099980 832099980 832099980 832099980 832099980 832099980 832099980 
832099980 832099980 832099980 832099980 832099980 832099980 832099980 832099980 832099980 832099980 832099980 832099980 832099980 832099980 832099980 832099980 832099980 832099980 832099980 832099980 832099980 832099980 832099980 832099980 832099980 832099980 832099980 
832099980 832099980 832099980 832099980 832099980 832099980 832099980 832099980 832099980 832099980 832099980 832099980 832099980 832099980 832099980 832099980 832099980 832099980 832099980 832099980 832099980 832099980 832099980 832099980 832099980 832099980 832099980 
832099980 832099980 832099980 832099980 832099980 832099980 832099980 832099980 832099980 832099980 832099980 832099980 832099980 832099980 832099980 832099980 832099980 832099980 832099980 832099980 832099980 832099980 832099980 832099980 832099980 832099980 832099980 
832099980 832099980 832099980 832099980 832099980 832099980 832099980 832099980 832099980 832099980 832099980 832099980 832099980 832099980 832099980 832099980 832099980 832099980 832099980 832099980 832099980 832099980 832099980 832099980 832099980 832099980 832099980 
832099980 832099980 832099980 832099980 832099980 832099980 832099980 832099980 832099980 832099980 832099980 832099980 832099980 832099980 832099980 832099980 832099980 832099980 832099980 832099980 832099980 832099980 832099980 832099980 832099980 832099980 832099980 
832099980 832099980 832099980 832099980 832099980 832099980 832099980 832099980 832099980 832099980 832099980 832099980 832099980 832099980 832099980 832099980 832099980 832099980 832099980 832099980 832099980 832099980 832099980 832099980 832099980 832099980 832099980 
