832099092 832099088/n832100132 832100132 832100132 832100132 832100132 832100132 832100132 832100132 832100132 832100132 832100132 832100132 832100132 
832100132 832100132 832100132 832100132 832100132 832100132 832100132 832100132 832100132 832100132 832100132 832100132 832100132 
832100132 832100132 832100132 832100132 832100132 832100132 832100132 832100132 832100132 832100132 832100132 832100132 832100132 
832100132 832100132 832100132 832100132 832100132 832100132 832100132 832100132 832100132 832100132 832100132 832100132 832100132 
832100132 832100132 832100132 832100132 832100132 832100132 832100132 832100132 832100132 832100132 832100132 832100132 832100132 
832100132 832100132 832100132 832100132 832100132 832100132 832100132 832100132 832100132 832100132 832100132 832100132 832100132 
832100132 832100132 832100132 832100132 832100132 832100132 832100132 832100132 832100132 832100132 832100132 832100132 832100132 
832100132 832100132 832100132 832100132 832100132 832100132 832100132 832100132 832100132 832100132 832100132 832100132 832100132 
832100132 832100132 832100132 832100132 832100132 832100132 832100132 832100132 832100132 832100132 832100132 832100132 832100132 
832100132 832100132 832100132 832100132 832100132 832100132 832100132 832100132 832100132 832100132 832100132 832100132 832100132 
832100132 832100132 832100132 832100132 832100132 832100132 832100132 832100132 832100132 832100132 832100132 832100132 832100132 
832100132 832100132 832100132 832100132 832100132 832100132 832100132 832100132 832100132 832100132 832100132 832100132 832100132 
832100132 832100132 832100132 832100132 832100132 832100132 832100132 832100132 832100132 832100132 832100132 832100132 832100132 
832100132 832100132 832100132 832100132 832100132 832100132 832100132 832100132 832100132 832100132 832100132 832100132 832100132 
832100132 832100132 832100132 832100132 832100132 832100132 832100132 832100132 832100132 832100132 832100132 832100132 832100132 
832100132 832100132 832100132 832100132 832100132 832100132 832100132 832100132 832100132 832100132 832100132 832100132 832100132 
832100132 832100132 832100132 832100132 832100132 832100132 832100132 832100132 832100132 832100132 832100132 832100132 832100132 
832100132 832100132 832100132 832100132 832100132 832100132 832100132 832100132 832100132 832100132 832100132 832100132 832100132 
832100132 832100132 832100132 832100132 832100132 832100132 832100132 832100132 832100132 832100132 832100132 832100132 832100132 
832100132 832100132 832100132 832100132 832100132 832100132 832100132 832100132 832100132 832100132 832100132 832100132 832100132 
832100132 832100132 832100132 832100132 832100132 832100132 832100132 832100132 832100132 832100132 832100132 832100132 832100132 
832100132 832100132 832100132 832100132 832100132 832100132 832100132 832100132 832100132 832100132 832100132 832100132 832100132 
832100132 832100132 832100132 832100132 832100132 832100132 832100132 832100132 832100132 832100132 832100132 832100132 832100132 
832100132 832100132 832100132 832100132 832100132 832100132 832100132 832100132 832100132 832100132 832100132 832100132 832100132 
832100132 832100132 832100132 832100132 832100132 832100132 832100132 832100132 832100132 832100132 832100132 832100132 832100132 
832100132 832100132 832100132 832100132 832100132 832100132 832100132 832100132 832100132 832100132 832100132 832100132 832100132 
832100132 832100132 832100132 832100132 832100132 832100132 832100132 832100132 832100132 832100132 832100132 832100132 832100132 
832100132 832100132 832100132 832100132 832100132 832100132 832100132 832100132 832100132 832100132 832100132 832100132 832100132 
832100132 832100132 832100132 832100132 832100132 832100132 832100132 832100132 832100132 832100132 832100132 832100132 832100132 
832100132 832100132 832100132 832100132 832100132 832100132 832100132 832100132 832100132 832100132 832100132 832100132 832100132 
832100132 832100132 832100132 832100132 832100132 832100132 832100132 832100132 832100132 832100132 832100132 832100132 832100132 
832100132 832100132 832100132 832100132 832100132 832100132 832100132 832100132 832100132 832100132 832100132 832100132 832100132 
832100132 832100132 832100132 832100132 832100132 832100132 832100132 832100132 832100132 832100132 832100132 832100132 832100132 
832100132 832100132 832100132 832100132 832100132 832100132 832100132 832100132 832100132 832100132 832100132 832100132 832100132 
832100132 832100132 832100132 832100132 832100132 832100132 832100132 832100132 832100132 832100132 832100132 832100132 832100132 
832100132 832100132 832100132 832100132 832100132 832100132 832100132 832100132 832100132 832100132 832100132 832100132 832100132 
832100132 832100132 832100132 832100132 832100132 832100132 832100132 832100132 832100132 832100132 832100132 832100132 832100132 
832100132 832100132 832100132 832100132 832100132 832100132 832100132 832100132 832100132 832100132 832100132 832100132 832100132 
832100132 832100132 832100132 832100132 832100132 832100132 832100132 832100132 832100132 832100132 832100132 832100132 832100132 
832100132 832100132 832100132 832100132 832100132 832100132 832100132 832100132 832100132 832100132 832100132 832100132 832100132 
832100132 832100132 832100132 832100132 832100132 832100132 832100132 832100132 832100132 832100132 832100132 832100132 832100132 
