832099092 832099088/n832099748 832099748 832099748 832099748 832099748 
832099748 832099748 832099748 832099748 832099748 
832099748 832099748 832099748 832099748 832099748 
832099748 832099748 832099748 832099748 832099748 
832099748 832099748 832099748 832099748 832099748 
832099748 832099748 832099748 832099748 832099748 
832099748 832099748 832099748 832099748 832099748 
832099748 832099748 832099748 832099748 832099748 
832099748 832099748 832099748 832099748 832099748 
832099748 832099748 832099748 832099748 832099748 
832099748 832099748 832099748 832099748 832099748 
832099748 832099748 832099748 832099748 832099748 
832099748 832099748 832099748 832099748 832099748 
832099748 832099748 832099748 832099748 832099748 
832099748 832099748 832099748 832099748 832099748 
832099748 832099748 832099748 832099748 832099748 
832099748 832099748 832099748 832099748 832099748 
832099748 832099748 832099748 832099748 832099748 
832099748 832099748 832099748 832099748 832099748 
