832099092 832099088/n832099932 832099932 832099932 832099932 832099932 832099932 832099932 832099932 832099932 832099932 832099932 832099932 832099932 832099932 832099932 832099932 832099932 832099932 832099932 
832099932 832099932 832099932 832099932 832099932 832099932 832099932 832099932 832099932 832099932 832099932 832099932 832099932 832099932 832099932 832099932 832099932 832099932 832099932 
832099932 832099932 832099932 832099932 832099932 832099932 832099932 832099932 832099932 832099932 832099932 832099932 832099932 832099932 832099932 832099932 832099932 832099932 832099932 
832099932 832099932 832099932 832099932 832099932 832099932 832099932 832099932 832099932 832099932 832099932 832099932 832099932 832099932 832099932 832099932 832099932 832099932 832099932 
832099932 832099932 832099932 832099932 832099932 832099932 832099932 832099932 832099932 832099932 832099932 832099932 832099932 832099932 832099932 832099932 832099932 832099932 832099932 
832099932 832099932 832099932 832099932 832099932 832099932 832099932 832099932 832099932 832099932 832099932 832099932 832099932 832099932 832099932 832099932 832099932 832099932 832099932 
832099932 832099932 832099932 832099932 832099932 832099932 832099932 832099932 832099932 832099932 832099932 832099932 832099932 832099932 832099932 832099932 832099932 832099932 832099932 
832099932 832099932 832099932 832099932 832099932 832099932 832099932 832099932 832099932 832099932 832099932 832099932 832099932 832099932 832099932 832099932 832099932 832099932 832099932 
832099932 832099932 832099932 832099932 832099932 832099932 832099932 832099932 832099932 832099932 832099932 832099932 832099932 832099932 832099932 832099932 832099932 832099932 832099932 
832099932 832099932 832099932 832099932 832099932 832099932 832099932 832099932 832099932 832099932 832099932 832099932 832099932 832099932 832099932 832099932 832099932 832099932 832099932 
832099932 832099932 832099932 832099932 832099932 832099932 832099932 832099932 832099932 832099932 832099932 832099932 832099932 832099932 832099932 832099932 832099932 832099932 832099932 
832099932 832099932 832099932 832099932 832099932 832099932 832099932 832099932 832099932 832099932 832099932 832099932 832099932 832099932 832099932 832099932 832099932 832099932 832099932 
832099932 832099932 832099932 832099932 832099932 832099932 832099932 832099932 832099932 832099932 832099932 832099932 832099932 832099932 832099932 832099932 832099932 832099932 832099932 
832099932 832099932 832099932 832099932 832099932 832099932 832099932 832099932 832099932 832099932 832099932 832099932 832099932 832099932 832099932 832099932 832099932 832099932 832099932 
832099932 832099932 832099932 832099932 832099932 832099932 832099932 832099932 832099932 832099932 832099932 832099932 832099932 832099932 832099932 832099932 832099932 832099932 832099932 
832099932 832099932 832099932 832099932 832099932 832099932 832099932 832099932 832099932 832099932 832099932 832099932 832099932 832099932 832099932 832099932 832099932 832099932 832099932 
832099932 832099932 832099932 832099932 832099932 832099932 832099932 832099932 832099932 832099932 832099932 832099932 832099932 832099932 832099932 832099932 832099932 832099932 832099932 
832099932 832099932 832099932 832099932 832099932 832099932 832099932 832099932 832099932 832099932 832099932 832099932 832099932 832099932 832099932 832099932 832099932 832099932 832099932 
832099932 832099932 832099932 832099932 832099932 832099932 832099932 832099932 832099932 832099932 832099932 832099932 832099932 832099932 832099932 832099932 832099932 832099932 832099932 
832099932 832099932 832099932 832099932 832099932 832099932 832099932 832099932 832099932 832099932 832099932 832099932 832099932 832099932 832099932 832099932 832099932 832099932 832099932 
832099932 832099932 832099932 832099932 832099932 832099932 832099932 832099932 832099932 832099932 832099932 832099932 832099932 832099932 832099932 832099932 832099932 832099932 832099932 
832099932 832099932 832099932 832099932 832099932 832099932 832099932 832099932 832099932 832099932 832099932 832099932 832099932 832099932 832099932 832099932 832099932 832099932 832099932 
832099932 832099932 832099932 832099932 832099932 832099932 832099932 832099932 832099932 832099932 832099932 832099932 832099932 832099932 832099932 832099932 832099932 832099932 832099932 
832099932 832099932 832099932 832099932 832099932 832099932 832099932 832099932 832099932 832099932 832099932 832099932 832099932 832099932 832099932 832099932 832099932 832099932 832099932 
832099932 832099932 832099932 832099932 832099932 832099932 832099932 832099932 832099932 832099932 832099932 832099932 832099932 832099932 832099932 832099932 832099932 832099932 832099932 
832099932 832099932 832099932 832099932 832099932 832099932 832099932 832099932 832099932 832099932 832099932 832099932 832099932 832099932 832099932 832099932 832099932 832099932 832099932 
832099932 832099932 832099932 832099932 832099932 832099932 832099932 832099932 832099932 832099932 832099932 832099932 832099932 832099932 832099932 832099932 832099932 832099932 832099932 
