832099092 832099088/n832100152 832100152 832100152 832100152 832100152 832100152 832100152 832100152 832100152 832100152 832100152 832100152 832100152 832100152 
832100152 832100152 832100152 832100152 832100152 832100152 832100152 832100152 832100152 832100152 832100152 832100152 832100152 832100152 
832100152 832100152 832100152 832100152 832100152 832100152 832100152 832100152 832100152 832100152 832100152 832100152 832100152 832100152 
832100152 832100152 832100152 832100152 832100152 832100152 832100152 832100152 832100152 832100152 832100152 832100152 832100152 832100152 
832100152 832100152 832100152 832100152 832100152 832100152 832100152 832100152 832100152 832100152 832100152 832100152 832100152 832100152 
832100152 832100152 832100152 832100152 832100152 832100152 832100152 832100152 832100152 832100152 832100152 832100152 832100152 832100152 
832100152 832100152 832100152 832100152 832100152 832100152 832100152 832100152 832100152 832100152 832100152 832100152 832100152 832100152 
832100152 832100152 832100152 832100152 832100152 832100152 832100152 832100152 832100152 832100152 832100152 832100152 832100152 832100152 
832100152 832100152 832100152 832100152 832100152 832100152 832100152 832100152 832100152 832100152 832100152 832100152 832100152 832100152 
832100152 832100152 832100152 832100152 832100152 832100152 832100152 832100152 832100152 832100152 832100152 832100152 832100152 832100152 
832100152 832100152 832100152 832100152 832100152 832100152 832100152 832100152 832100152 832100152 832100152 832100152 832100152 832100152 
832100152 832100152 832100152 832100152 832100152 832100152 832100152 832100152 832100152 832100152 832100152 832100152 832100152 832100152 
832100152 832100152 832100152 832100152 832100152 832100152 832100152 832100152 832100152 832100152 832100152 832100152 832100152 832100152 
832100152 832100152 832100152 832100152 832100152 832100152 832100152 832100152 832100152 832100152 832100152 832100152 832100152 832100152 
832100152 832100152 832100152 832100152 832100152 832100152 832100152 832100152 832100152 832100152 832100152 832100152 832100152 832100152 
832100152 832100152 832100152 832100152 832100152 832100152 832100152 832100152 832100152 832100152 832100152 832100152 832100152 832100152 
832100152 832100152 832100152 832100152 832100152 832100152 832100152 832100152 832100152 832100152 832100152 832100152 832100152 832100152 
832100152 832100152 832100152 832100152 832100152 832100152 832100152 832100152 832100152 832100152 832100152 832100152 832100152 832100152 
832100152 832100152 832100152 832100152 832100152 832100152 832100152 832100152 832100152 832100152 832100152 832100152 832100152 832100152 
832100152 832100152 832100152 832100152 832100152 832100152 832100152 832100152 832100152 832100152 832100152 832100152 832100152 832100152 
832100152 832100152 832100152 832100152 832100152 832100152 832100152 832100152 832100152 832100152 832100152 832100152 832100152 832100152 
832100152 832100152 832100152 832100152 832100152 832100152 832100152 832100152 832100152 832100152 832100152 832100152 832100152 832100152 
832100152 832100152 832100152 832100152 832100152 832100152 832100152 832100152 832100152 832100152 832100152 832100152 832100152 832100152 
832100152 832100152 832100152 832100152 832100152 832100152 832100152 832100152 832100152 832100152 832100152 832100152 832100152 832100152 
832100152 832100152 832100152 832100152 832100152 832100152 832100152 832100152 832100152 832100152 832100152 832100152 832100152 832100152 
832100152 832100152 832100152 832100152 832100152 832100152 832100152 832100152 832100152 832100152 832100152 832100152 832100152 832100152 
832100152 832100152 832100152 832100152 832100152 832100152 832100152 832100152 832100152 832100152 832100152 832100152 832100152 832100152 
832100152 832100152 832100152 832100152 832100152 832100152 832100152 832100152 832100152 832100152 832100152 832100152 832100152 832100152 
832100152 832100152 832100152 832100152 832100152 832100152 832100152 832100152 832100152 832100152 832100152 832100152 832100152 832100152 
832100152 832100152 832100152 832100152 832100152 832100152 832100152 832100152 832100152 832100152 832100152 832100152 832100152 832100152 
832100152 832100152 832100152 832100152 832100152 832100152 832100152 832100152 832100152 832100152 832100152 832100152 832100152 832100152 
832100152 832100152 832100152 832100152 832100152 832100152 832100152 832100152 832100152 832100152 832100152 832100152 832100152 832100152 
832100152 832100152 832100152 832100152 832100152 832100152 832100152 832100152 832100152 832100152 832100152 832100152 832100152 832100152 
832100152 832100152 832100152 832100152 832100152 832100152 832100152 832100152 832100152 832100152 832100152 832100152 832100152 832100152 
832100152 832100152 832100152 832100152 832100152 832100152 832100152 832100152 832100152 832100152 832100152 832100152 832100152 832100152 
832100152 832100152 832100152 832100152 832100152 832100152 832100152 832100152 832100152 832100152 832100152 832100152 832100152 832100152 
832100152 832100152 832100152 832100152 832100152 832100152 832100152 832100152 832100152 832100152 832100152 832100152 832100152 832100152 
832100152 832100152 832100152 832100152 832100152 832100152 832100152 832100152 832100152 832100152 832100152 832100152 832100152 832100152 
832100152 832100152 832100152 832100152 832100152 832100152 832100152 832100152 832100152 832100152 832100152 832100152 832100152 832100152 
832100152 832100152 832100152 832100152 832100152 832100152 832100152 832100152 832100152 832100152 832100152 832100152 832100152 832100152 
832100152 832100152 832100152 832100152 832100152 832100152 832100152 832100152 832100152 832100152 832100152 832100152 832100152 832100152 
832100152 832100152 832100152 832100152 832100152 832100152 832100152 832100152 832100152 832100152 832100152 832100152 832100152 832100152 
