832099092 832099088/n832100180 832100180 832100180 832100180 832100180 
832100180 832100180 832100180 832100180 832100180 
832100180 832100180 832100180 832100180 832100180 
832100180 832100180 832100180 832100180 832100180 
832100180 832100180 832100180 832100180 832100180 
832100180 832100180 832100180 832100180 832100180 
832100180 832100180 832100180 832100180 832100180 
832100180 832100180 832100180 832100180 832100180 
832100180 832100180 832100180 832100180 832100180 
832100180 832100180 832100180 832100180 832100180 
832100180 832100180 832100180 832100180 832100180 
832100180 832100180 832100180 832100180 832100180 
832100180 832100180 832100180 832100180 832100180 
832100180 832100180 832100180 832100180 832100180 
832100180 832100180 832100180 832100180 832100180 
832100180 832100180 832100180 832100180 832100180 
832100180 832100180 832100180 832100180 832100180 
832100180 832100180 832100180 832100180 832100180 
832100180 832100180 832100180 832100180 832100180 
832100180 832100180 832100180 832100180 832100180 
832100180 832100180 832100180 832100180 832100180 
832100180 832100180 832100180 832100180 832100180 
832100180 832100180 832100180 832100180 832100180 
832100180 832100180 832100180 832100180 832100180 
832100180 832100180 832100180 832100180 832100180 
832100180 832100180 832100180 832100180 832100180 
832100180 832100180 832100180 832100180 832100180 
832100180 832100180 832100180 832100180 832100180 
832100180 832100180 832100180 832100180 832100180 
832100180 832100180 832100180 832100180 832100180 
832100180 832100180 832100180 832100180 832100180 
832100180 832100180 832100180 832100180 832100180 
832100180 832100180 832100180 832100180 832100180 
832100180 832100180 832100180 832100180 832100180 
832100180 832100180 832100180 832100180 832100180 
832100180 832100180 832100180 832100180 832100180 
832100180 832100180 832100180 832100180 832100180 
832100180 832100180 832100180 832100180 832100180 
832100180 832100180 832100180 832100180 832100180 
832100180 832100180 832100180 832100180 832100180 
832100180 832100180 832100180 832100180 832100180 
832100180 832100180 832100180 832100180 832100180 
832100180 832100180 832100180 832100180 832100180 
832100180 832100180 832100180 832100180 832100180 
832100180 832100180 832100180 832100180 832100180 
832100180 832100180 832100180 832100180 832100180 
