832099092 832099088/n832100084 832100084 832100084 832100084 832100084 832100084 832100084 832100084 832100084 832100084 832100084 832100084 832100084 832100084 832100084 832100084 832100084 
832100084 832100084 832100084 832100084 832100084 832100084 832100084 832100084 832100084 832100084 832100084 832100084 832100084 832100084 832100084 832100084 832100084 
832100084 832100084 832100084 832100084 832100084 832100084 832100084 832100084 832100084 832100084 832100084 832100084 832100084 832100084 832100084 832100084 832100084 
832100084 832100084 832100084 832100084 832100084 832100084 832100084 832100084 832100084 832100084 832100084 832100084 832100084 832100084 832100084 832100084 832100084 
832100084 832100084 832100084 832100084 832100084 832100084 832100084 832100084 832100084 832100084 832100084 832100084 832100084 832100084 832100084 832100084 832100084 
832100084 832100084 832100084 832100084 832100084 832100084 832100084 832100084 832100084 832100084 832100084 832100084 832100084 832100084 832100084 832100084 832100084 
832100084 832100084 832100084 832100084 832100084 832100084 832100084 832100084 832100084 832100084 832100084 832100084 832100084 832100084 832100084 832100084 832100084 
832100084 832100084 832100084 832100084 832100084 832100084 832100084 832100084 832100084 832100084 832100084 832100084 832100084 832100084 832100084 832100084 832100084 
832100084 832100084 832100084 832100084 832100084 832100084 832100084 832100084 832100084 832100084 832100084 832100084 832100084 832100084 832100084 832100084 832100084 
832100084 832100084 832100084 832100084 832100084 832100084 832100084 832100084 832100084 832100084 832100084 832100084 832100084 832100084 832100084 832100084 832100084 
832100084 832100084 832100084 832100084 832100084 832100084 832100084 832100084 832100084 832100084 832100084 832100084 832100084 832100084 832100084 832100084 832100084 
832100084 832100084 832100084 832100084 832100084 832100084 832100084 832100084 832100084 832100084 832100084 832100084 832100084 832100084 832100084 832100084 832100084 
832100084 832100084 832100084 832100084 832100084 832100084 832100084 832100084 832100084 832100084 832100084 832100084 832100084 832100084 832100084 832100084 832100084 
832100084 832100084 832100084 832100084 832100084 832100084 832100084 832100084 832100084 832100084 832100084 832100084 832100084 832100084 832100084 832100084 832100084 
832100084 832100084 832100084 832100084 832100084 832100084 832100084 832100084 832100084 832100084 832100084 832100084 832100084 832100084 832100084 832100084 832100084 
832100084 832100084 832100084 832100084 832100084 832100084 832100084 832100084 832100084 832100084 832100084 832100084 832100084 832100084 832100084 832100084 832100084 
832100084 832100084 832100084 832100084 832100084 832100084 832100084 832100084 832100084 832100084 832100084 832100084 832100084 832100084 832100084 832100084 832100084 
832100084 832100084 832100084 832100084 832100084 832100084 832100084 832100084 832100084 832100084 832100084 832100084 832100084 832100084 832100084 832100084 832100084 
832100084 832100084 832100084 832100084 832100084 832100084 832100084 832100084 832100084 832100084 832100084 832100084 832100084 832100084 832100084 832100084 832100084 
832100084 832100084 832100084 832100084 832100084 832100084 832100084 832100084 832100084 832100084 832100084 832100084 832100084 832100084 832100084 832100084 832100084 
832100084 832100084 832100084 832100084 832100084 832100084 832100084 832100084 832100084 832100084 832100084 832100084 832100084 832100084 832100084 832100084 832100084 
832100084 832100084 832100084 832100084 832100084 832100084 832100084 832100084 832100084 832100084 832100084 832100084 832100084 832100084 832100084 832100084 832100084 
832100084 832100084 832100084 832100084 832100084 832100084 832100084 832100084 832100084 832100084 832100084 832100084 832100084 832100084 832100084 832100084 832100084 
832100084 832100084 832100084 832100084 832100084 832100084 832100084 832100084 832100084 832100084 832100084 832100084 832100084 832100084 832100084 832100084 832100084 
832100084 832100084 832100084 832100084 832100084 832100084 832100084 832100084 832100084 832100084 832100084 832100084 832100084 832100084 832100084 832100084 832100084 
832100084 832100084 832100084 832100084 832100084 832100084 832100084 832100084 832100084 832100084 832100084 832100084 832100084 832100084 832100084 832100084 832100084 
832100084 832100084 832100084 832100084 832100084 832100084 832100084 832100084 832100084 832100084 832100084 832100084 832100084 832100084 832100084 832100084 832100084 
832100084 832100084 832100084 832100084 832100084 832100084 832100084 832100084 832100084 832100084 832100084 832100084 832100084 832100084 832100084 832100084 832100084 
832100084 832100084 832100084 832100084 832100084 832100084 832100084 832100084 832100084 832100084 832100084 832100084 832100084 832100084 832100084 832100084 832100084 
832100084 832100084 832100084 832100084 832100084 832100084 832100084 832100084 832100084 832100084 832100084 832100084 832100084 832100084 832100084 832100084 832100084 
832100084 832100084 832100084 832100084 832100084 832100084 832100084 832100084 832100084 832100084 832100084 832100084 832100084 832100084 832100084 832100084 832100084 
832100084 832100084 832100084 832100084 832100084 832100084 832100084 832100084 832100084 832100084 832100084 832100084 832100084 832100084 832100084 832100084 832100084 
832100084 832100084 832100084 832100084 832100084 832100084 832100084 832100084 832100084 832100084 832100084 832100084 832100084 832100084 832100084 832100084 832100084 
832100084 832100084 832100084 832100084 832100084 832100084 832100084 832100084 832100084 832100084 832100084 832100084 832100084 832100084 832100084 832100084 832100084 
832100084 832100084 832100084 832100084 832100084 832100084 832100084 832100084 832100084 832100084 832100084 832100084 832100084 832100084 832100084 832100084 832100084 
832100084 832100084 832100084 832100084 832100084 832100084 832100084 832100084 832100084 832100084 832100084 832100084 832100084 832100084 832100084 832100084 832100084 
832100084 832100084 832100084 832100084 832100084 832100084 832100084 832100084 832100084 832100084 832100084 832100084 832100084 832100084 832100084 832100084 832100084 
