832099092 832099088/n832100444 832100444 832100444 832100444 832100444 832100444 832100444 832100444 832100444 832100444 832100444 832100444 832100444 832100444 832100444 832100444 832100444 832100444 832100444 832100444 832100444 832100444 832100444 832100444 832100444 832100444 832100444 
832100444 832100444 832100444 832100444 832100444 832100444 832100444 832100444 832100444 832100444 832100444 832100444 832100444 832100444 832100444 832100444 832100444 832100444 832100444 832100444 832100444 832100444 832100444 832100444 832100444 832100444 832100444 
832100444 832100444 832100444 832100444 832100444 832100444 832100444 832100444 832100444 832100444 832100444 832100444 832100444 832100444 832100444 832100444 832100444 832100444 832100444 832100444 832100444 832100444 832100444 832100444 832100444 832100444 832100444 
832100444 832100444 832100444 832100444 832100444 832100444 832100444 832100444 832100444 832100444 832100444 832100444 832100444 832100444 832100444 832100444 832100444 832100444 832100444 832100444 832100444 832100444 832100444 832100444 832100444 832100444 832100444 
832100444 832100444 832100444 832100444 832100444 832100444 832100444 832100444 832100444 832100444 832100444 832100444 832100444 832100444 832100444 832100444 832100444 832100444 832100444 832100444 832100444 832100444 832100444 832100444 832100444 832100444 832100444 
832100444 832100444 832100444 832100444 832100444 832100444 832100444 832100444 832100444 832100444 832100444 832100444 832100444 832100444 832100444 832100444 832100444 832100444 832100444 832100444 832100444 832100444 832100444 832100444 832100444 832100444 832100444 
832100444 832100444 832100444 832100444 832100444 832100444 832100444 832100444 832100444 832100444 832100444 832100444 832100444 832100444 832100444 832100444 832100444 832100444 832100444 832100444 832100444 832100444 832100444 832100444 832100444 832100444 832100444 
832100444 832100444 832100444 832100444 832100444 832100444 832100444 832100444 832100444 832100444 832100444 832100444 832100444 832100444 832100444 832100444 832100444 832100444 832100444 832100444 832100444 832100444 832100444 832100444 832100444 832100444 832100444 
832100444 832100444 832100444 832100444 832100444 832100444 832100444 832100444 832100444 832100444 832100444 832100444 832100444 832100444 832100444 832100444 832100444 832100444 832100444 832100444 832100444 832100444 832100444 832100444 832100444 832100444 832100444 
832100444 832100444 832100444 832100444 832100444 832100444 832100444 832100444 832100444 832100444 832100444 832100444 832100444 832100444 832100444 832100444 832100444 832100444 832100444 832100444 832100444 832100444 832100444 832100444 832100444 832100444 832100444 
832100444 832100444 832100444 832100444 832100444 832100444 832100444 832100444 832100444 832100444 832100444 832100444 832100444 832100444 832100444 832100444 832100444 832100444 832100444 832100444 832100444 832100444 832100444 832100444 832100444 832100444 832100444 
832100444 832100444 832100444 832100444 832100444 832100444 832100444 832100444 832100444 832100444 832100444 832100444 832100444 832100444 832100444 832100444 832100444 832100444 832100444 832100444 832100444 832100444 832100444 832100444 832100444 832100444 832100444 
832100444 832100444 832100444 832100444 832100444 832100444 832100444 832100444 832100444 832100444 832100444 832100444 832100444 832100444 832100444 832100444 832100444 832100444 832100444 832100444 832100444 832100444 832100444 832100444 832100444 832100444 832100444 
832100444 832100444 832100444 832100444 832100444 832100444 832100444 832100444 832100444 832100444 832100444 832100444 832100444 832100444 832100444 832100444 832100444 832100444 832100444 832100444 832100444 832100444 832100444 832100444 832100444 832100444 832100444 
832100444 832100444 832100444 832100444 832100444 832100444 832100444 832100444 832100444 832100444 832100444 832100444 832100444 832100444 832100444 832100444 832100444 832100444 832100444 832100444 832100444 832100444 832100444 832100444 832100444 832100444 832100444 
832100444 832100444 832100444 832100444 832100444 832100444 832100444 832100444 832100444 832100444 832100444 832100444 832100444 832100444 832100444 832100444 832100444 832100444 832100444 832100444 832100444 832100444 832100444 832100444 832100444 832100444 832100444 
832100444 832100444 832100444 832100444 832100444 832100444 832100444 832100444 832100444 832100444 832100444 832100444 832100444 832100444 832100444 832100444 832100444 832100444 832100444 832100444 832100444 832100444 832100444 832100444 832100444 832100444 832100444 
832100444 832100444 832100444 832100444 832100444 832100444 832100444 832100444 832100444 832100444 832100444 832100444 832100444 832100444 832100444 832100444 832100444 832100444 832100444 832100444 832100444 832100444 832100444 832100444 832100444 832100444 832100444 
832100444 832100444 832100444 832100444 832100444 832100444 832100444 832100444 832100444 832100444 832100444 832100444 832100444 832100444 832100444 832100444 832100444 832100444 832100444 832100444 832100444 832100444 832100444 832100444 832100444 832100444 832100444 
832100444 832100444 832100444 832100444 832100444 832100444 832100444 832100444 832100444 832100444 832100444 832100444 832100444 832100444 832100444 832100444 832100444 832100444 832100444 832100444 832100444 832100444 832100444 832100444 832100444 832100444 832100444 
832100444 832100444 832100444 832100444 832100444 832100444 832100444 832100444 832100444 832100444 832100444 832100444 832100444 832100444 832100444 832100444 832100444 832100444 832100444 832100444 832100444 832100444 832100444 832100444 832100444 832100444 832100444 
832100444 832100444 832100444 832100444 832100444 832100444 832100444 832100444 832100444 832100444 832100444 832100444 832100444 832100444 832100444 832100444 832100444 832100444 832100444 832100444 832100444 832100444 832100444 832100444 832100444 832100444 832100444 
832100444 832100444 832100444 832100444 832100444 832100444 832100444 832100444 832100444 832100444 832100444 832100444 832100444 832100444 832100444 832100444 832100444 832100444 832100444 832100444 832100444 832100444 832100444 832100444 832100444 832100444 832100444 
832100444 832100444 832100444 832100444 832100444 832100444 832100444 832100444 832100444 832100444 832100444 832100444 832100444 832100444 832100444 832100444 832100444 832100444 832100444 832100444 832100444 832100444 832100444 832100444 832100444 832100444 832100444 
832100444 832100444 832100444 832100444 832100444 832100444 832100444 832100444 832100444 832100444 832100444 832100444 832100444 832100444 832100444 832100444 832100444 832100444 832100444 832100444 832100444 832100444 832100444 832100444 832100444 832100444 832100444 
832100444 832100444 832100444 832100444 832100444 832100444 832100444 832100444 832100444 832100444 832100444 832100444 832100444 832100444 832100444 832100444 832100444 832100444 832100444 832100444 832100444 832100444 832100444 832100444 832100444 832100444 832100444 
832100444 832100444 832100444 832100444 832100444 832100444 832100444 832100444 832100444 832100444 832100444 832100444 832100444 832100444 832100444 832100444 832100444 832100444 832100444 832100444 832100444 832100444 832100444 832100444 832100444 832100444 832100444 
832100444 832100444 832100444 832100444 832100444 832100444 832100444 832100444 832100444 832100444 832100444 832100444 832100444 832100444 832100444 832100444 832100444 832100444 832100444 832100444 832100444 832100444 832100444 832100444 832100444 832100444 832100444 
832100444 832100444 832100444 832100444 832100444 832100444 832100444 832100444 832100444 832100444 832100444 832100444 832100444 832100444 832100444 832100444 832100444 832100444 832100444 832100444 832100444 832100444 832100444 832100444 832100444 832100444 832100444 
832100444 832100444 832100444 832100444 832100444 832100444 832100444 832100444 832100444 832100444 832100444 832100444 832100444 832100444 832100444 832100444 832100444 832100444 832100444 832100444 832100444 832100444 832100444 832100444 832100444 832100444 832100444 
832100444 832100444 832100444 832100444 832100444 832100444 832100444 832100444 832100444 832100444 832100444 832100444 832100444 832100444 832100444 832100444 832100444 832100444 832100444 832100444 832100444 832100444 832100444 832100444 832100444 832100444 832100444 
832100444 832100444 832100444 832100444 832100444 832100444 832100444 832100444 832100444 832100444 832100444 832100444 832100444 832100444 832100444 832100444 832100444 832100444 832100444 832100444 832100444 832100444 832100444 832100444 832100444 832100444 832100444 
832100444 832100444 832100444 832100444 832100444 832100444 832100444 832100444 832100444 832100444 832100444 832100444 832100444 832100444 832100444 832100444 832100444 832100444 832100444 832100444 832100444 832100444 832100444 832100444 832100444 832100444 832100444 
832100444 832100444 832100444 832100444 832100444 832100444 832100444 832100444 832100444 832100444 832100444 832100444 832100444 832100444 832100444 832100444 832100444 832100444 832100444 832100444 832100444 832100444 832100444 832100444 832100444 832100444 832100444 
832100444 832100444 832100444 832100444 832100444 832100444 832100444 832100444 832100444 832100444 832100444 832100444 832100444 832100444 832100444 832100444 832100444 832100444 832100444 832100444 832100444 832100444 832100444 832100444 832100444 832100444 832100444 
832100444 832100444 832100444 832100444 832100444 832100444 832100444 832100444 832100444 832100444 832100444 832100444 832100444 832100444 832100444 832100444 832100444 832100444 832100444 832100444 832100444 832100444 832100444 832100444 832100444 832100444 832100444 
832100444 832100444 832100444 832100444 832100444 832100444 832100444 832100444 832100444 832100444 832100444 832100444 832100444 832100444 832100444 832100444 832100444 832100444 832100444 832100444 832100444 832100444 832100444 832100444 832100444 832100444 832100444 
832100444 832100444 832100444 832100444 832100444 832100444 832100444 832100444 832100444 832100444 832100444 832100444 832100444 832100444 832100444 832100444 832100444 832100444 832100444 832100444 832100444 832100444 832100444 832100444 832100444 832100444 832100444 
832100444 832100444 832100444 832100444 832100444 832100444 832100444 832100444 832100444 832100444 832100444 832100444 832100444 832100444 832100444 832100444 832100444 832100444 832100444 832100444 832100444 832100444 832100444 832100444 832100444 832100444 832100444 
832100444 832100444 832100444 832100444 832100444 832100444 832100444 832100444 832100444 832100444 832100444 832100444 832100444 832100444 832100444 832100444 832100444 832100444 832100444 832100444 832100444 832100444 832100444 832100444 832100444 832100444 832100444 
832100444 832100444 832100444 832100444 832100444 832100444 832100444 832100444 832100444 832100444 832100444 832100444 832100444 832100444 832100444 832100444 832100444 832100444 832100444 832100444 832100444 832100444 832100444 832100444 832100444 832100444 832100444 
832100444 832100444 832100444 832100444 832100444 832100444 832100444 832100444 832100444 832100444 832100444 832100444 832100444 832100444 832100444 832100444 832100444 832100444 832100444 832100444 832100444 832100444 832100444 832100444 832100444 832100444 832100444 
832100444 832100444 832100444 832100444 832100444 832100444 832100444 832100444 832100444 832100444 832100444 832100444 832100444 832100444 832100444 832100444 832100444 832100444 832100444 832100444 832100444 832100444 832100444 832100444 832100444 832100444 832100444 
832100444 832100444 832100444 832100444 832100444 832100444 832100444 832100444 832100444 832100444 832100444 832100444 832100444 832100444 832100444 832100444 832100444 832100444 832100444 832100444 832100444 832100444 832100444 832100444 832100444 832100444 832100444 
832100444 832100444 832100444 832100444 832100444 832100444 832100444 832100444 832100444 832100444 832100444 832100444 832100444 832100444 832100444 832100444 832100444 832100444 832100444 832100444 832100444 832100444 832100444 832100444 832100444 832100444 832100444 
832100444 832100444 832100444 832100444 832100444 832100444 832100444 832100444 832100444 832100444 832100444 832100444 832100444 832100444 832100444 832100444 832100444 832100444 832100444 832100444 832100444 832100444 832100444 832100444 832100444 832100444 832100444 
832100444 832100444 832100444 832100444 832100444 832100444 832100444 832100444 832100444 832100444 832100444 832100444 832100444 832100444 832100444 832100444 832100444 832100444 832100444 832100444 832100444 832100444 832100444 832100444 832100444 832100444 832100444 
832100444 832100444 832100444 832100444 832100444 832100444 832100444 832100444 832100444 832100444 832100444 832100444 832100444 832100444 832100444 832100444 832100444 832100444 832100444 832100444 832100444 832100444 832100444 832100444 832100444 832100444 832100444 
832100444 832100444 832100444 832100444 832100444 832100444 832100444 832100444 832100444 832100444 832100444 832100444 832100444 832100444 832100444 832100444 832100444 832100444 832100444 832100444 832100444 832100444 832100444 832100444 832100444 832100444 832100444 
832100444 832100444 832100444 832100444 832100444 832100444 832100444 832100444 832100444 832100444 832100444 832100444 832100444 832100444 832100444 832100444 832100444 832100444 832100444 832100444 832100444 832100444 832100444 832100444 832100444 832100444 832100444 
832100444 832100444 832100444 832100444 832100444 832100444 832100444 832100444 832100444 832100444 832100444 832100444 832100444 832100444 832100444 832100444 832100444 832100444 832100444 832100444 832100444 832100444 832100444 832100444 832100444 832100444 832100444 
832100444 832100444 832100444 832100444 832100444 832100444 832100444 832100444 832100444 832100444 832100444 832100444 832100444 832100444 832100444 832100444 832100444 832100444 832100444 832100444 832100444 832100444 832100444 832100444 832100444 832100444 832100444 
832100444 832100444 832100444 832100444 832100444 832100444 832100444 832100444 832100444 832100444 832100444 832100444 832100444 832100444 832100444 832100444 832100444 832100444 832100444 832100444 832100444 832100444 832100444 832100444 832100444 832100444 832100444 
832100444 832100444 832100444 832100444 832100444 832100444 832100444 832100444 832100444 832100444 832100444 832100444 832100444 832100444 832100444 832100444 832100444 832100444 832100444 832100444 832100444 832100444 832100444 832100444 832100444 832100444 832100444 
832100444 832100444 832100444 832100444 832100444 832100444 832100444 832100444 832100444 832100444 832100444 832100444 832100444 832100444 832100444 832100444 832100444 832100444 832100444 832100444 832100444 832100444 832100444 832100444 832100444 832100444 832100444 
832100444 832100444 832100444 832100444 832100444 832100444 832100444 832100444 832100444 832100444 832100444 832100444 832100444 832100444 832100444 832100444 832100444 832100444 832100444 832100444 832100444 832100444 832100444 832100444 832100444 832100444 832100444 
832100444 832100444 832100444 832100444 832100444 832100444 832100444 832100444 832100444 832100444 832100444 832100444 832100444 832100444 832100444 832100444 832100444 832100444 832100444 832100444 832100444 832100444 832100444 832100444 832100444 832100444 832100444 
