832099092 832099088/n832100376 832100376 832100376 832100376 832100376 832100376 832100376 832100376 832100376 832100376 832100376 832100376 832100376 832100376 832100376 832100376 832100376 832100376 
832100376 832100376 832100376 832100376 832100376 832100376 832100376 832100376 832100376 832100376 832100376 832100376 832100376 832100376 832100376 832100376 832100376 832100376 
832100376 832100376 832100376 832100376 832100376 832100376 832100376 832100376 832100376 832100376 832100376 832100376 832100376 832100376 832100376 832100376 832100376 832100376 
832100376 832100376 832100376 832100376 832100376 832100376 832100376 832100376 832100376 832100376 832100376 832100376 832100376 832100376 832100376 832100376 832100376 832100376 
832100376 832100376 832100376 832100376 832100376 832100376 832100376 832100376 832100376 832100376 832100376 832100376 832100376 832100376 832100376 832100376 832100376 832100376 
832100376 832100376 832100376 832100376 832100376 832100376 832100376 832100376 832100376 832100376 832100376 832100376 832100376 832100376 832100376 832100376 832100376 832100376 
832100376 832100376 832100376 832100376 832100376 832100376 832100376 832100376 832100376 832100376 832100376 832100376 832100376 832100376 832100376 832100376 832100376 832100376 
832100376 832100376 832100376 832100376 832100376 832100376 832100376 832100376 832100376 832100376 832100376 832100376 832100376 832100376 832100376 832100376 832100376 832100376 
832100376 832100376 832100376 832100376 832100376 832100376 832100376 832100376 832100376 832100376 832100376 832100376 832100376 832100376 832100376 832100376 832100376 832100376 
832100376 832100376 832100376 832100376 832100376 832100376 832100376 832100376 832100376 832100376 832100376 832100376 832100376 832100376 832100376 832100376 832100376 832100376 
832100376 832100376 832100376 832100376 832100376 832100376 832100376 832100376 832100376 832100376 832100376 832100376 832100376 832100376 832100376 832100376 832100376 832100376 
832100376 832100376 832100376 832100376 832100376 832100376 832100376 832100376 832100376 832100376 832100376 832100376 832100376 832100376 832100376 832100376 832100376 832100376 
832100376 832100376 832100376 832100376 832100376 832100376 832100376 832100376 832100376 832100376 832100376 832100376 832100376 832100376 832100376 832100376 832100376 832100376 
832100376 832100376 832100376 832100376 832100376 832100376 832100376 832100376 832100376 832100376 832100376 832100376 832100376 832100376 832100376 832100376 832100376 832100376 
832100376 832100376 832100376 832100376 832100376 832100376 832100376 832100376 832100376 832100376 832100376 832100376 832100376 832100376 832100376 832100376 832100376 832100376 
832100376 832100376 832100376 832100376 832100376 832100376 832100376 832100376 832100376 832100376 832100376 832100376 832100376 832100376 832100376 832100376 832100376 832100376 
832100376 832100376 832100376 832100376 832100376 832100376 832100376 832100376 832100376 832100376 832100376 832100376 832100376 832100376 832100376 832100376 832100376 832100376 
832100376 832100376 832100376 832100376 832100376 832100376 832100376 832100376 832100376 832100376 832100376 832100376 832100376 832100376 832100376 832100376 832100376 832100376 
832100376 832100376 832100376 832100376 832100376 832100376 832100376 832100376 832100376 832100376 832100376 832100376 832100376 832100376 832100376 832100376 832100376 832100376 
832100376 832100376 832100376 832100376 832100376 832100376 832100376 832100376 832100376 832100376 832100376 832100376 832100376 832100376 832100376 832100376 832100376 832100376 
832100376 832100376 832100376 832100376 832100376 832100376 832100376 832100376 832100376 832100376 832100376 832100376 832100376 832100376 832100376 832100376 832100376 832100376 
832100376 832100376 832100376 832100376 832100376 832100376 832100376 832100376 832100376 832100376 832100376 832100376 832100376 832100376 832100376 832100376 832100376 832100376 
832100376 832100376 832100376 832100376 832100376 832100376 832100376 832100376 832100376 832100376 832100376 832100376 832100376 832100376 832100376 832100376 832100376 832100376 
832100376 832100376 832100376 832100376 832100376 832100376 832100376 832100376 832100376 832100376 832100376 832100376 832100376 832100376 832100376 832100376 832100376 832100376 
832100376 832100376 832100376 832100376 832100376 832100376 832100376 832100376 832100376 832100376 832100376 832100376 832100376 832100376 832100376 832100376 832100376 832100376 
832100376 832100376 832100376 832100376 832100376 832100376 832100376 832100376 832100376 832100376 832100376 832100376 832100376 832100376 832100376 832100376 832100376 832100376 
832100376 832100376 832100376 832100376 832100376 832100376 832100376 832100376 832100376 832100376 832100376 832100376 832100376 832100376 832100376 832100376 832100376 832100376 
832100376 832100376 832100376 832100376 832100376 832100376 832100376 832100376 832100376 832100376 832100376 832100376 832100376 832100376 832100376 832100376 832100376 832100376 
832100376 832100376 832100376 832100376 832100376 832100376 832100376 832100376 832100376 832100376 832100376 832100376 832100376 832100376 832100376 832100376 832100376 832100376 
832100376 832100376 832100376 832100376 832100376 832100376 832100376 832100376 832100376 832100376 832100376 832100376 832100376 832100376 832100376 832100376 832100376 832100376 
832100376 832100376 832100376 832100376 832100376 832100376 832100376 832100376 832100376 832100376 832100376 832100376 832100376 832100376 832100376 832100376 832100376 832100376 
832100376 832100376 832100376 832100376 832100376 832100376 832100376 832100376 832100376 832100376 832100376 832100376 832100376 832100376 832100376 832100376 832100376 832100376 
832100376 832100376 832100376 832100376 832100376 832100376 832100376 832100376 832100376 832100376 832100376 832100376 832100376 832100376 832100376 832100376 832100376 832100376 
832100376 832100376 832100376 832100376 832100376 832100376 832100376 832100376 832100376 832100376 832100376 832100376 832100376 832100376 832100376 832100376 832100376 832100376 
832100376 832100376 832100376 832100376 832100376 832100376 832100376 832100376 832100376 832100376 832100376 832100376 832100376 832100376 832100376 832100376 832100376 832100376 
832100376 832100376 832100376 832100376 832100376 832100376 832100376 832100376 832100376 832100376 832100376 832100376 832100376 832100376 832100376 832100376 832100376 832100376 
832100376 832100376 832100376 832100376 832100376 832100376 832100376 832100376 832100376 832100376 832100376 832100376 832100376 832100376 832100376 832100376 832100376 832100376 
832100376 832100376 832100376 832100376 832100376 832100376 832100376 832100376 832100376 832100376 832100376 832100376 832100376 832100376 832100376 832100376 832100376 832100376 
832100376 832100376 832100376 832100376 832100376 832100376 832100376 832100376 832100376 832100376 832100376 832100376 832100376 832100376 832100376 832100376 832100376 832100376 
832100376 832100376 832100376 832100376 832100376 832100376 832100376 832100376 832100376 832100376 832100376 832100376 832100376 832100376 832100376 832100376 832100376 832100376 
832100376 832100376 832100376 832100376 832100376 832100376 832100376 832100376 832100376 832100376 832100376 832100376 832100376 832100376 832100376 832100376 832100376 832100376 
832100376 832100376 832100376 832100376 832100376 832100376 832100376 832100376 832100376 832100376 832100376 832100376 832100376 832100376 832100376 832100376 832100376 832100376 
832100376 832100376 832100376 832100376 832100376 832100376 832100376 832100376 832100376 832100376 832100376 832100376 832100376 832100376 832100376 832100376 832100376 832100376 
832100376 832100376 832100376 832100376 832100376 832100376 832100376 832100376 832100376 832100376 832100376 832100376 832100376 832100376 832100376 832100376 832100376 832100376 
832100376 832100376 832100376 832100376 832100376 832100376 832100376 832100376 832100376 832100376 832100376 832100376 832100376 832100376 832100376 832100376 832100376 832100376 
832100376 832100376 832100376 832100376 832100376 832100376 832100376 832100376 832100376 832100376 832100376 832100376 832100376 832100376 832100376 832100376 832100376 832100376 
832100376 832100376 832100376 832100376 832100376 832100376 832100376 832100376 832100376 832100376 832100376 832100376 832100376 832100376 832100376 832100376 832100376 832100376 
832100376 832100376 832100376 832100376 832100376 832100376 832100376 832100376 832100376 832100376 832100376 832100376 832100376 832100376 832100376 832100376 832100376 832100376 
832100376 832100376 832100376 832100376 832100376 832100376 832100376 832100376 832100376 832100376 832100376 832100376 832100376 832100376 832100376 832100376 832100376 832100376 
832100376 832100376 832100376 832100376 832100376 832100376 832100376 832100376 832100376 832100376 832100376 832100376 832100376 832100376 832100376 832100376 832100376 832100376 
832100376 832100376 832100376 832100376 832100376 832100376 832100376 832100376 832100376 832100376 832100376 832100376 832100376 832100376 832100376 832100376 832100376 832100376 
832100376 832100376 832100376 832100376 832100376 832100376 832100376 832100376 832100376 832100376 832100376 832100376 832100376 832100376 832100376 832100376 832100376 832100376 
832100376 832100376 832100376 832100376 832100376 832100376 832100376 832100376 832100376 832100376 832100376 832100376 832100376 832100376 832100376 832100376 832100376 832100376 
832100376 832100376 832100376 832100376 832100376 832100376 832100376 832100376 832100376 832100376 832100376 832100376 832100376 832100376 832100376 832100376 832100376 832100376 
832100376 832100376 832100376 832100376 832100376 832100376 832100376 832100376 832100376 832100376 832100376 832100376 832100376 832100376 832100376 832100376 832100376 832100376 
