832099092 832099088/n832099984 832099984 832099984 832099984 832099984 832099984 832099984 832099984 832099984 832099984 832099984 832099984 
832099984 832099984 832099984 832099984 832099984 832099984 832099984 832099984 832099984 832099984 832099984 832099984 
832099984 832099984 832099984 832099984 832099984 832099984 832099984 832099984 832099984 832099984 832099984 832099984 
832099984 832099984 832099984 832099984 832099984 832099984 832099984 832099984 832099984 832099984 832099984 832099984 
832099984 832099984 832099984 832099984 832099984 832099984 832099984 832099984 832099984 832099984 832099984 832099984 
832099984 832099984 832099984 832099984 832099984 832099984 832099984 832099984 832099984 832099984 832099984 832099984 
832099984 832099984 832099984 832099984 832099984 832099984 832099984 832099984 832099984 832099984 832099984 832099984 
832099984 832099984 832099984 832099984 832099984 832099984 832099984 832099984 832099984 832099984 832099984 832099984 
832099984 832099984 832099984 832099984 832099984 832099984 832099984 832099984 832099984 832099984 832099984 832099984 
832099984 832099984 832099984 832099984 832099984 832099984 832099984 832099984 832099984 832099984 832099984 832099984 
832099984 832099984 832099984 832099984 832099984 832099984 832099984 832099984 832099984 832099984 832099984 832099984 
832099984 832099984 832099984 832099984 832099984 832099984 832099984 832099984 832099984 832099984 832099984 832099984 
832099984 832099984 832099984 832099984 832099984 832099984 832099984 832099984 832099984 832099984 832099984 832099984 
832099984 832099984 832099984 832099984 832099984 832099984 832099984 832099984 832099984 832099984 832099984 832099984 
832099984 832099984 832099984 832099984 832099984 832099984 832099984 832099984 832099984 832099984 832099984 832099984 
832099984 832099984 832099984 832099984 832099984 832099984 832099984 832099984 832099984 832099984 832099984 832099984 
832099984 832099984 832099984 832099984 832099984 832099984 832099984 832099984 832099984 832099984 832099984 832099984 
832099984 832099984 832099984 832099984 832099984 832099984 832099984 832099984 832099984 832099984 832099984 832099984 
832099984 832099984 832099984 832099984 832099984 832099984 832099984 832099984 832099984 832099984 832099984 832099984 
832099984 832099984 832099984 832099984 832099984 832099984 832099984 832099984 832099984 832099984 832099984 832099984 
832099984 832099984 832099984 832099984 832099984 832099984 832099984 832099984 832099984 832099984 832099984 832099984 
832099984 832099984 832099984 832099984 832099984 832099984 832099984 832099984 832099984 832099984 832099984 832099984 
832099984 832099984 832099984 832099984 832099984 832099984 832099984 832099984 832099984 832099984 832099984 832099984 
832099984 832099984 832099984 832099984 832099984 832099984 832099984 832099984 832099984 832099984 832099984 832099984 
832099984 832099984 832099984 832099984 832099984 832099984 832099984 832099984 832099984 832099984 832099984 832099984 
832099984 832099984 832099984 832099984 832099984 832099984 832099984 832099984 832099984 832099984 832099984 832099984 
832099984 832099984 832099984 832099984 832099984 832099984 832099984 832099984 832099984 832099984 832099984 832099984 
832099984 832099984 832099984 832099984 832099984 832099984 832099984 832099984 832099984 832099984 832099984 832099984 
832099984 832099984 832099984 832099984 832099984 832099984 832099984 832099984 832099984 832099984 832099984 832099984 
832099984 832099984 832099984 832099984 832099984 832099984 832099984 832099984 832099984 832099984 832099984 832099984 
832099984 832099984 832099984 832099984 832099984 832099984 832099984 832099984 832099984 832099984 832099984 832099984 
832099984 832099984 832099984 832099984 832099984 832099984 832099984 832099984 832099984 832099984 832099984 832099984 
