832099092 832099088/n832100164 832100164 832100164 832100164 832100164 832100164 832100164 832100164 832100164 832100164 832100164 832100164 832100164 832100164 832100164 832100164 832100164 832100164 832100164 832100164 832100164 832100164 832100164 832100164 832100164 
832100164 832100164 832100164 832100164 832100164 832100164 832100164 832100164 832100164 832100164 832100164 832100164 832100164 832100164 832100164 832100164 832100164 832100164 832100164 832100164 832100164 832100164 832100164 832100164 832100164 
832100164 832100164 832100164 832100164 832100164 832100164 832100164 832100164 832100164 832100164 832100164 832100164 832100164 832100164 832100164 832100164 832100164 832100164 832100164 832100164 832100164 832100164 832100164 832100164 832100164 
832100164 832100164 832100164 832100164 832100164 832100164 832100164 832100164 832100164 832100164 832100164 832100164 832100164 832100164 832100164 832100164 832100164 832100164 832100164 832100164 832100164 832100164 832100164 832100164 832100164 
832100164 832100164 832100164 832100164 832100164 832100164 832100164 832100164 832100164 832100164 832100164 832100164 832100164 832100164 832100164 832100164 832100164 832100164 832100164 832100164 832100164 832100164 832100164 832100164 832100164 
832100164 832100164 832100164 832100164 832100164 832100164 832100164 832100164 832100164 832100164 832100164 832100164 832100164 832100164 832100164 832100164 832100164 832100164 832100164 832100164 832100164 832100164 832100164 832100164 832100164 
832100164 832100164 832100164 832100164 832100164 832100164 832100164 832100164 832100164 832100164 832100164 832100164 832100164 832100164 832100164 832100164 832100164 832100164 832100164 832100164 832100164 832100164 832100164 832100164 832100164 
832100164 832100164 832100164 832100164 832100164 832100164 832100164 832100164 832100164 832100164 832100164 832100164 832100164 832100164 832100164 832100164 832100164 832100164 832100164 832100164 832100164 832100164 832100164 832100164 832100164 
832100164 832100164 832100164 832100164 832100164 832100164 832100164 832100164 832100164 832100164 832100164 832100164 832100164 832100164 832100164 832100164 832100164 832100164 832100164 832100164 832100164 832100164 832100164 832100164 832100164 
832100164 832100164 832100164 832100164 832100164 832100164 832100164 832100164 832100164 832100164 832100164 832100164 832100164 832100164 832100164 832100164 832100164 832100164 832100164 832100164 832100164 832100164 832100164 832100164 832100164 
832100164 832100164 832100164 832100164 832100164 832100164 832100164 832100164 832100164 832100164 832100164 832100164 832100164 832100164 832100164 832100164 832100164 832100164 832100164 832100164 832100164 832100164 832100164 832100164 832100164 
832100164 832100164 832100164 832100164 832100164 832100164 832100164 832100164 832100164 832100164 832100164 832100164 832100164 832100164 832100164 832100164 832100164 832100164 832100164 832100164 832100164 832100164 832100164 832100164 832100164 
832100164 832100164 832100164 832100164 832100164 832100164 832100164 832100164 832100164 832100164 832100164 832100164 832100164 832100164 832100164 832100164 832100164 832100164 832100164 832100164 832100164 832100164 832100164 832100164 832100164 
832100164 832100164 832100164 832100164 832100164 832100164 832100164 832100164 832100164 832100164 832100164 832100164 832100164 832100164 832100164 832100164 832100164 832100164 832100164 832100164 832100164 832100164 832100164 832100164 832100164 
832100164 832100164 832100164 832100164 832100164 832100164 832100164 832100164 832100164 832100164 832100164 832100164 832100164 832100164 832100164 832100164 832100164 832100164 832100164 832100164 832100164 832100164 832100164 832100164 832100164 
832100164 832100164 832100164 832100164 832100164 832100164 832100164 832100164 832100164 832100164 832100164 832100164 832100164 832100164 832100164 832100164 832100164 832100164 832100164 832100164 832100164 832100164 832100164 832100164 832100164 
832100164 832100164 832100164 832100164 832100164 832100164 832100164 832100164 832100164 832100164 832100164 832100164 832100164 832100164 832100164 832100164 832100164 832100164 832100164 832100164 832100164 832100164 832100164 832100164 832100164 
832100164 832100164 832100164 832100164 832100164 832100164 832100164 832100164 832100164 832100164 832100164 832100164 832100164 832100164 832100164 832100164 832100164 832100164 832100164 832100164 832100164 832100164 832100164 832100164 832100164 
832100164 832100164 832100164 832100164 832100164 832100164 832100164 832100164 832100164 832100164 832100164 832100164 832100164 832100164 832100164 832100164 832100164 832100164 832100164 832100164 832100164 832100164 832100164 832100164 832100164 
832100164 832100164 832100164 832100164 832100164 832100164 832100164 832100164 832100164 832100164 832100164 832100164 832100164 832100164 832100164 832100164 832100164 832100164 832100164 832100164 832100164 832100164 832100164 832100164 832100164 
832100164 832100164 832100164 832100164 832100164 832100164 832100164 832100164 832100164 832100164 832100164 832100164 832100164 832100164 832100164 832100164 832100164 832100164 832100164 832100164 832100164 832100164 832100164 832100164 832100164 
832100164 832100164 832100164 832100164 832100164 832100164 832100164 832100164 832100164 832100164 832100164 832100164 832100164 832100164 832100164 832100164 832100164 832100164 832100164 832100164 832100164 832100164 832100164 832100164 832100164 
832100164 832100164 832100164 832100164 832100164 832100164 832100164 832100164 832100164 832100164 832100164 832100164 832100164 832100164 832100164 832100164 832100164 832100164 832100164 832100164 832100164 832100164 832100164 832100164 832100164 
832100164 832100164 832100164 832100164 832100164 832100164 832100164 832100164 832100164 832100164 832100164 832100164 832100164 832100164 832100164 832100164 832100164 832100164 832100164 832100164 832100164 832100164 832100164 832100164 832100164 
832100164 832100164 832100164 832100164 832100164 832100164 832100164 832100164 832100164 832100164 832100164 832100164 832100164 832100164 832100164 832100164 832100164 832100164 832100164 832100164 832100164 832100164 832100164 832100164 832100164 
832100164 832100164 832100164 832100164 832100164 832100164 832100164 832100164 832100164 832100164 832100164 832100164 832100164 832100164 832100164 832100164 832100164 832100164 832100164 832100164 832100164 832100164 832100164 832100164 832100164 
832100164 832100164 832100164 832100164 832100164 832100164 832100164 832100164 832100164 832100164 832100164 832100164 832100164 832100164 832100164 832100164 832100164 832100164 832100164 832100164 832100164 832100164 832100164 832100164 832100164 
832100164 832100164 832100164 832100164 832100164 832100164 832100164 832100164 832100164 832100164 832100164 832100164 832100164 832100164 832100164 832100164 832100164 832100164 832100164 832100164 832100164 832100164 832100164 832100164 832100164 
832100164 832100164 832100164 832100164 832100164 832100164 832100164 832100164 832100164 832100164 832100164 832100164 832100164 832100164 832100164 832100164 832100164 832100164 832100164 832100164 832100164 832100164 832100164 832100164 832100164 
832100164 832100164 832100164 832100164 832100164 832100164 832100164 832100164 832100164 832100164 832100164 832100164 832100164 832100164 832100164 832100164 832100164 832100164 832100164 832100164 832100164 832100164 832100164 832100164 832100164 
832100164 832100164 832100164 832100164 832100164 832100164 832100164 832100164 832100164 832100164 832100164 832100164 832100164 832100164 832100164 832100164 832100164 832100164 832100164 832100164 832100164 832100164 832100164 832100164 832100164 
832100164 832100164 832100164 832100164 832100164 832100164 832100164 832100164 832100164 832100164 832100164 832100164 832100164 832100164 832100164 832100164 832100164 832100164 832100164 832100164 832100164 832100164 832100164 832100164 832100164 
832100164 832100164 832100164 832100164 832100164 832100164 832100164 832100164 832100164 832100164 832100164 832100164 832100164 832100164 832100164 832100164 832100164 832100164 832100164 832100164 832100164 832100164 832100164 832100164 832100164 
832100164 832100164 832100164 832100164 832100164 832100164 832100164 832100164 832100164 832100164 832100164 832100164 832100164 832100164 832100164 832100164 832100164 832100164 832100164 832100164 832100164 832100164 832100164 832100164 832100164 
832100164 832100164 832100164 832100164 832100164 832100164 832100164 832100164 832100164 832100164 832100164 832100164 832100164 832100164 832100164 832100164 832100164 832100164 832100164 832100164 832100164 832100164 832100164 832100164 832100164 
832100164 832100164 832100164 832100164 832100164 832100164 832100164 832100164 832100164 832100164 832100164 832100164 832100164 832100164 832100164 832100164 832100164 832100164 832100164 832100164 832100164 832100164 832100164 832100164 832100164 
832100164 832100164 832100164 832100164 832100164 832100164 832100164 832100164 832100164 832100164 832100164 832100164 832100164 832100164 832100164 832100164 832100164 832100164 832100164 832100164 832100164 832100164 832100164 832100164 832100164 
832100164 832100164 832100164 832100164 832100164 832100164 832100164 832100164 832100164 832100164 832100164 832100164 832100164 832100164 832100164 832100164 832100164 832100164 832100164 832100164 832100164 832100164 832100164 832100164 832100164 
832100164 832100164 832100164 832100164 832100164 832100164 832100164 832100164 832100164 832100164 832100164 832100164 832100164 832100164 832100164 832100164 832100164 832100164 832100164 832100164 832100164 832100164 832100164 832100164 832100164 
832100164 832100164 832100164 832100164 832100164 832100164 832100164 832100164 832100164 832100164 832100164 832100164 832100164 832100164 832100164 832100164 832100164 832100164 832100164 832100164 832100164 832100164 832100164 832100164 832100164 
