832099092 832099088/n832100424 832100424 832100424 832100424 832100424 832100424 832100424 832100424 832100424 832100424 832100424 832100424 832100424 832100424 832100424 832100424 832100424 832100424 
832100424 832100424 832100424 832100424 832100424 832100424 832100424 832100424 832100424 832100424 832100424 832100424 832100424 832100424 832100424 832100424 832100424 832100424 
832100424 832100424 832100424 832100424 832100424 832100424 832100424 832100424 832100424 832100424 832100424 832100424 832100424 832100424 832100424 832100424 832100424 832100424 
832100424 832100424 832100424 832100424 832100424 832100424 832100424 832100424 832100424 832100424 832100424 832100424 832100424 832100424 832100424 832100424 832100424 832100424 
832100424 832100424 832100424 832100424 832100424 832100424 832100424 832100424 832100424 832100424 832100424 832100424 832100424 832100424 832100424 832100424 832100424 832100424 
832100424 832100424 832100424 832100424 832100424 832100424 832100424 832100424 832100424 832100424 832100424 832100424 832100424 832100424 832100424 832100424 832100424 832100424 
832100424 832100424 832100424 832100424 832100424 832100424 832100424 832100424 832100424 832100424 832100424 832100424 832100424 832100424 832100424 832100424 832100424 832100424 
832100424 832100424 832100424 832100424 832100424 832100424 832100424 832100424 832100424 832100424 832100424 832100424 832100424 832100424 832100424 832100424 832100424 832100424 
832100424 832100424 832100424 832100424 832100424 832100424 832100424 832100424 832100424 832100424 832100424 832100424 832100424 832100424 832100424 832100424 832100424 832100424 
832100424 832100424 832100424 832100424 832100424 832100424 832100424 832100424 832100424 832100424 832100424 832100424 832100424 832100424 832100424 832100424 832100424 832100424 
832100424 832100424 832100424 832100424 832100424 832100424 832100424 832100424 832100424 832100424 832100424 832100424 832100424 832100424 832100424 832100424 832100424 832100424 
832100424 832100424 832100424 832100424 832100424 832100424 832100424 832100424 832100424 832100424 832100424 832100424 832100424 832100424 832100424 832100424 832100424 832100424 
832100424 832100424 832100424 832100424 832100424 832100424 832100424 832100424 832100424 832100424 832100424 832100424 832100424 832100424 832100424 832100424 832100424 832100424 
832100424 832100424 832100424 832100424 832100424 832100424 832100424 832100424 832100424 832100424 832100424 832100424 832100424 832100424 832100424 832100424 832100424 832100424 
832100424 832100424 832100424 832100424 832100424 832100424 832100424 832100424 832100424 832100424 832100424 832100424 832100424 832100424 832100424 832100424 832100424 832100424 
832100424 832100424 832100424 832100424 832100424 832100424 832100424 832100424 832100424 832100424 832100424 832100424 832100424 832100424 832100424 832100424 832100424 832100424 
832100424 832100424 832100424 832100424 832100424 832100424 832100424 832100424 832100424 832100424 832100424 832100424 832100424 832100424 832100424 832100424 832100424 832100424 
832100424 832100424 832100424 832100424 832100424 832100424 832100424 832100424 832100424 832100424 832100424 832100424 832100424 832100424 832100424 832100424 832100424 832100424 
832100424 832100424 832100424 832100424 832100424 832100424 832100424 832100424 832100424 832100424 832100424 832100424 832100424 832100424 832100424 832100424 832100424 832100424 
832100424 832100424 832100424 832100424 832100424 832100424 832100424 832100424 832100424 832100424 832100424 832100424 832100424 832100424 832100424 832100424 832100424 832100424 
832100424 832100424 832100424 832100424 832100424 832100424 832100424 832100424 832100424 832100424 832100424 832100424 832100424 832100424 832100424 832100424 832100424 832100424 
832100424 832100424 832100424 832100424 832100424 832100424 832100424 832100424 832100424 832100424 832100424 832100424 832100424 832100424 832100424 832100424 832100424 832100424 
832100424 832100424 832100424 832100424 832100424 832100424 832100424 832100424 832100424 832100424 832100424 832100424 832100424 832100424 832100424 832100424 832100424 832100424 
832100424 832100424 832100424 832100424 832100424 832100424 832100424 832100424 832100424 832100424 832100424 832100424 832100424 832100424 832100424 832100424 832100424 832100424 
832100424 832100424 832100424 832100424 832100424 832100424 832100424 832100424 832100424 832100424 832100424 832100424 832100424 832100424 832100424 832100424 832100424 832100424 
832100424 832100424 832100424 832100424 832100424 832100424 832100424 832100424 832100424 832100424 832100424 832100424 832100424 832100424 832100424 832100424 832100424 832100424 
832100424 832100424 832100424 832100424 832100424 832100424 832100424 832100424 832100424 832100424 832100424 832100424 832100424 832100424 832100424 832100424 832100424 832100424 
832100424 832100424 832100424 832100424 832100424 832100424 832100424 832100424 832100424 832100424 832100424 832100424 832100424 832100424 832100424 832100424 832100424 832100424 
832100424 832100424 832100424 832100424 832100424 832100424 832100424 832100424 832100424 832100424 832100424 832100424 832100424 832100424 832100424 832100424 832100424 832100424 
832100424 832100424 832100424 832100424 832100424 832100424 832100424 832100424 832100424 832100424 832100424 832100424 832100424 832100424 832100424 832100424 832100424 832100424 
832100424 832100424 832100424 832100424 832100424 832100424 832100424 832100424 832100424 832100424 832100424 832100424 832100424 832100424 832100424 832100424 832100424 832100424 
832100424 832100424 832100424 832100424 832100424 832100424 832100424 832100424 832100424 832100424 832100424 832100424 832100424 832100424 832100424 832100424 832100424 832100424 
832100424 832100424 832100424 832100424 832100424 832100424 832100424 832100424 832100424 832100424 832100424 832100424 832100424 832100424 832100424 832100424 832100424 832100424 
832100424 832100424 832100424 832100424 832100424 832100424 832100424 832100424 832100424 832100424 832100424 832100424 832100424 832100424 832100424 832100424 832100424 832100424 
832100424 832100424 832100424 832100424 832100424 832100424 832100424 832100424 832100424 832100424 832100424 832100424 832100424 832100424 832100424 832100424 832100424 832100424 
832100424 832100424 832100424 832100424 832100424 832100424 832100424 832100424 832100424 832100424 832100424 832100424 832100424 832100424 832100424 832100424 832100424 832100424 
832100424 832100424 832100424 832100424 832100424 832100424 832100424 832100424 832100424 832100424 832100424 832100424 832100424 832100424 832100424 832100424 832100424 832100424 
832100424 832100424 832100424 832100424 832100424 832100424 832100424 832100424 832100424 832100424 832100424 832100424 832100424 832100424 832100424 832100424 832100424 832100424 
832100424 832100424 832100424 832100424 832100424 832100424 832100424 832100424 832100424 832100424 832100424 832100424 832100424 832100424 832100424 832100424 832100424 832100424 
832100424 832100424 832100424 832100424 832100424 832100424 832100424 832100424 832100424 832100424 832100424 832100424 832100424 832100424 832100424 832100424 832100424 832100424 
832100424 832100424 832100424 832100424 832100424 832100424 832100424 832100424 832100424 832100424 832100424 832100424 832100424 832100424 832100424 832100424 832100424 832100424 
832100424 832100424 832100424 832100424 832100424 832100424 832100424 832100424 832100424 832100424 832100424 832100424 832100424 832100424 832100424 832100424 832100424 832100424 
832100424 832100424 832100424 832100424 832100424 832100424 832100424 832100424 832100424 832100424 832100424 832100424 832100424 832100424 832100424 832100424 832100424 832100424 
832100424 832100424 832100424 832100424 832100424 832100424 832100424 832100424 832100424 832100424 832100424 832100424 832100424 832100424 832100424 832100424 832100424 832100424 
832100424 832100424 832100424 832100424 832100424 832100424 832100424 832100424 832100424 832100424 832100424 832100424 832100424 832100424 832100424 832100424 832100424 832100424 
832100424 832100424 832100424 832100424 832100424 832100424 832100424 832100424 832100424 832100424 832100424 832100424 832100424 832100424 832100424 832100424 832100424 832100424 
832100424 832100424 832100424 832100424 832100424 832100424 832100424 832100424 832100424 832100424 832100424 832100424 832100424 832100424 832100424 832100424 832100424 832100424 
832100424 832100424 832100424 832100424 832100424 832100424 832100424 832100424 832100424 832100424 832100424 832100424 832100424 832100424 832100424 832100424 832100424 832100424 
832100424 832100424 832100424 832100424 832100424 832100424 832100424 832100424 832100424 832100424 832100424 832100424 832100424 832100424 832100424 832100424 832100424 832100424 
832100424 832100424 832100424 832100424 832100424 832100424 832100424 832100424 832100424 832100424 832100424 832100424 832100424 832100424 832100424 832100424 832100424 832100424 
832100424 832100424 832100424 832100424 832100424 832100424 832100424 832100424 832100424 832100424 832100424 832100424 832100424 832100424 832100424 832100424 832100424 832100424 
832100424 832100424 832100424 832100424 832100424 832100424 832100424 832100424 832100424 832100424 832100424 832100424 832100424 832100424 832100424 832100424 832100424 832100424 
832100424 832100424 832100424 832100424 832100424 832100424 832100424 832100424 832100424 832100424 832100424 832100424 832100424 832100424 832100424 832100424 832100424 832100424 
832100424 832100424 832100424 832100424 832100424 832100424 832100424 832100424 832100424 832100424 832100424 832100424 832100424 832100424 832100424 832100424 832100424 832100424 
832100424 832100424 832100424 832100424 832100424 832100424 832100424 832100424 832100424 832100424 832100424 832100424 832100424 832100424 832100424 832100424 832100424 832100424 
832100424 832100424 832100424 832100424 832100424 832100424 832100424 832100424 832100424 832100424 832100424 832100424 832100424 832100424 832100424 832100424 832100424 832100424 
832100424 832100424 832100424 832100424 832100424 832100424 832100424 832100424 832100424 832100424 832100424 832100424 832100424 832100424 832100424 832100424 832100424 832100424 
832100424 832100424 832100424 832100424 832100424 832100424 832100424 832100424 832100424 832100424 832100424 832100424 832100424 832100424 832100424 832100424 832100424 832100424 
