832099092 832099088/n832099732 832099732 832099732 832099732 832099732 832099732 832099732 832099732 832099732 832099732 832099732 832099732 832099732 
832099732 832099732 832099732 832099732 832099732 832099732 832099732 832099732 832099732 832099732 832099732 832099732 832099732 
832099732 832099732 832099732 832099732 832099732 832099732 832099732 832099732 832099732 832099732 832099732 832099732 832099732 
832099732 832099732 832099732 832099732 832099732 832099732 832099732 832099732 832099732 832099732 832099732 832099732 832099732 
832099732 832099732 832099732 832099732 832099732 832099732 832099732 832099732 832099732 832099732 832099732 832099732 832099732 
832099732 832099732 832099732 832099732 832099732 832099732 832099732 832099732 832099732 832099732 832099732 832099732 832099732 
832099732 832099732 832099732 832099732 832099732 832099732 832099732 832099732 832099732 832099732 832099732 832099732 832099732 
832099732 832099732 832099732 832099732 832099732 832099732 832099732 832099732 832099732 832099732 832099732 832099732 832099732 
832099732 832099732 832099732 832099732 832099732 832099732 832099732 832099732 832099732 832099732 832099732 832099732 832099732 
832099732 832099732 832099732 832099732 832099732 832099732 832099732 832099732 832099732 832099732 832099732 832099732 832099732 
832099732 832099732 832099732 832099732 832099732 832099732 832099732 832099732 832099732 832099732 832099732 832099732 832099732 
832099732 832099732 832099732 832099732 832099732 832099732 832099732 832099732 832099732 832099732 832099732 832099732 832099732 
832099732 832099732 832099732 832099732 832099732 832099732 832099732 832099732 832099732 832099732 832099732 832099732 832099732 
832099732 832099732 832099732 832099732 832099732 832099732 832099732 832099732 832099732 832099732 832099732 832099732 832099732 
832099732 832099732 832099732 832099732 832099732 832099732 832099732 832099732 832099732 832099732 832099732 832099732 832099732 
832099732 832099732 832099732 832099732 832099732 832099732 832099732 832099732 832099732 832099732 832099732 832099732 832099732 
