832099092 832099088/n832100284 832100284 832100284 832100284 832100284 832100284 832100284 832100284 832100284 832100284 832100284 832100284 832100284 832100284 832100284 832100284 832100284 832100284 832100284 832100284 832100284 832100284 832100284 
832100284 832100284 832100284 832100284 832100284 832100284 832100284 832100284 832100284 832100284 832100284 832100284 832100284 832100284 832100284 832100284 832100284 832100284 832100284 832100284 832100284 832100284 832100284 
832100284 832100284 832100284 832100284 832100284 832100284 832100284 832100284 832100284 832100284 832100284 832100284 832100284 832100284 832100284 832100284 832100284 832100284 832100284 832100284 832100284 832100284 832100284 
832100284 832100284 832100284 832100284 832100284 832100284 832100284 832100284 832100284 832100284 832100284 832100284 832100284 832100284 832100284 832100284 832100284 832100284 832100284 832100284 832100284 832100284 832100284 
832100284 832100284 832100284 832100284 832100284 832100284 832100284 832100284 832100284 832100284 832100284 832100284 832100284 832100284 832100284 832100284 832100284 832100284 832100284 832100284 832100284 832100284 832100284 
832100284 832100284 832100284 832100284 832100284 832100284 832100284 832100284 832100284 832100284 832100284 832100284 832100284 832100284 832100284 832100284 832100284 832100284 832100284 832100284 832100284 832100284 832100284 
832100284 832100284 832100284 832100284 832100284 832100284 832100284 832100284 832100284 832100284 832100284 832100284 832100284 832100284 832100284 832100284 832100284 832100284 832100284 832100284 832100284 832100284 832100284 
832100284 832100284 832100284 832100284 832100284 832100284 832100284 832100284 832100284 832100284 832100284 832100284 832100284 832100284 832100284 832100284 832100284 832100284 832100284 832100284 832100284 832100284 832100284 
832100284 832100284 832100284 832100284 832100284 832100284 832100284 832100284 832100284 832100284 832100284 832100284 832100284 832100284 832100284 832100284 832100284 832100284 832100284 832100284 832100284 832100284 832100284 
832100284 832100284 832100284 832100284 832100284 832100284 832100284 832100284 832100284 832100284 832100284 832100284 832100284 832100284 832100284 832100284 832100284 832100284 832100284 832100284 832100284 832100284 832100284 
832100284 832100284 832100284 832100284 832100284 832100284 832100284 832100284 832100284 832100284 832100284 832100284 832100284 832100284 832100284 832100284 832100284 832100284 832100284 832100284 832100284 832100284 832100284 
832100284 832100284 832100284 832100284 832100284 832100284 832100284 832100284 832100284 832100284 832100284 832100284 832100284 832100284 832100284 832100284 832100284 832100284 832100284 832100284 832100284 832100284 832100284 
832100284 832100284 832100284 832100284 832100284 832100284 832100284 832100284 832100284 832100284 832100284 832100284 832100284 832100284 832100284 832100284 832100284 832100284 832100284 832100284 832100284 832100284 832100284 
832100284 832100284 832100284 832100284 832100284 832100284 832100284 832100284 832100284 832100284 832100284 832100284 832100284 832100284 832100284 832100284 832100284 832100284 832100284 832100284 832100284 832100284 832100284 
832100284 832100284 832100284 832100284 832100284 832100284 832100284 832100284 832100284 832100284 832100284 832100284 832100284 832100284 832100284 832100284 832100284 832100284 832100284 832100284 832100284 832100284 832100284 
832100284 832100284 832100284 832100284 832100284 832100284 832100284 832100284 832100284 832100284 832100284 832100284 832100284 832100284 832100284 832100284 832100284 832100284 832100284 832100284 832100284 832100284 832100284 
832100284 832100284 832100284 832100284 832100284 832100284 832100284 832100284 832100284 832100284 832100284 832100284 832100284 832100284 832100284 832100284 832100284 832100284 832100284 832100284 832100284 832100284 832100284 
832100284 832100284 832100284 832100284 832100284 832100284 832100284 832100284 832100284 832100284 832100284 832100284 832100284 832100284 832100284 832100284 832100284 832100284 832100284 832100284 832100284 832100284 832100284 
832100284 832100284 832100284 832100284 832100284 832100284 832100284 832100284 832100284 832100284 832100284 832100284 832100284 832100284 832100284 832100284 832100284 832100284 832100284 832100284 832100284 832100284 832100284 
832100284 832100284 832100284 832100284 832100284 832100284 832100284 832100284 832100284 832100284 832100284 832100284 832100284 832100284 832100284 832100284 832100284 832100284 832100284 832100284 832100284 832100284 832100284 
832100284 832100284 832100284 832100284 832100284 832100284 832100284 832100284 832100284 832100284 832100284 832100284 832100284 832100284 832100284 832100284 832100284 832100284 832100284 832100284 832100284 832100284 832100284 
832100284 832100284 832100284 832100284 832100284 832100284 832100284 832100284 832100284 832100284 832100284 832100284 832100284 832100284 832100284 832100284 832100284 832100284 832100284 832100284 832100284 832100284 832100284 
832100284 832100284 832100284 832100284 832100284 832100284 832100284 832100284 832100284 832100284 832100284 832100284 832100284 832100284 832100284 832100284 832100284 832100284 832100284 832100284 832100284 832100284 832100284 
832100284 832100284 832100284 832100284 832100284 832100284 832100284 832100284 832100284 832100284 832100284 832100284 832100284 832100284 832100284 832100284 832100284 832100284 832100284 832100284 832100284 832100284 832100284 
832100284 832100284 832100284 832100284 832100284 832100284 832100284 832100284 832100284 832100284 832100284 832100284 832100284 832100284 832100284 832100284 832100284 832100284 832100284 832100284 832100284 832100284 832100284 
832100284 832100284 832100284 832100284 832100284 832100284 832100284 832100284 832100284 832100284 832100284 832100284 832100284 832100284 832100284 832100284 832100284 832100284 832100284 832100284 832100284 832100284 832100284 
832100284 832100284 832100284 832100284 832100284 832100284 832100284 832100284 832100284 832100284 832100284 832100284 832100284 832100284 832100284 832100284 832100284 832100284 832100284 832100284 832100284 832100284 832100284 
832100284 832100284 832100284 832100284 832100284 832100284 832100284 832100284 832100284 832100284 832100284 832100284 832100284 832100284 832100284 832100284 832100284 832100284 832100284 832100284 832100284 832100284 832100284 
832100284 832100284 832100284 832100284 832100284 832100284 832100284 832100284 832100284 832100284 832100284 832100284 832100284 832100284 832100284 832100284 832100284 832100284 832100284 832100284 832100284 832100284 832100284 
832100284 832100284 832100284 832100284 832100284 832100284 832100284 832100284 832100284 832100284 832100284 832100284 832100284 832100284 832100284 832100284 832100284 832100284 832100284 832100284 832100284 832100284 832100284 
832100284 832100284 832100284 832100284 832100284 832100284 832100284 832100284 832100284 832100284 832100284 832100284 832100284 832100284 832100284 832100284 832100284 832100284 832100284 832100284 832100284 832100284 832100284 
832100284 832100284 832100284 832100284 832100284 832100284 832100284 832100284 832100284 832100284 832100284 832100284 832100284 832100284 832100284 832100284 832100284 832100284 832100284 832100284 832100284 832100284 832100284 
832100284 832100284 832100284 832100284 832100284 832100284 832100284 832100284 832100284 832100284 832100284 832100284 832100284 832100284 832100284 832100284 832100284 832100284 832100284 832100284 832100284 832100284 832100284 
832100284 832100284 832100284 832100284 832100284 832100284 832100284 832100284 832100284 832100284 832100284 832100284 832100284 832100284 832100284 832100284 832100284 832100284 832100284 832100284 832100284 832100284 832100284 
832100284 832100284 832100284 832100284 832100284 832100284 832100284 832100284 832100284 832100284 832100284 832100284 832100284 832100284 832100284 832100284 832100284 832100284 832100284 832100284 832100284 832100284 832100284 
832100284 832100284 832100284 832100284 832100284 832100284 832100284 832100284 832100284 832100284 832100284 832100284 832100284 832100284 832100284 832100284 832100284 832100284 832100284 832100284 832100284 832100284 832100284 
832100284 832100284 832100284 832100284 832100284 832100284 832100284 832100284 832100284 832100284 832100284 832100284 832100284 832100284 832100284 832100284 832100284 832100284 832100284 832100284 832100284 832100284 832100284 
832100284 832100284 832100284 832100284 832100284 832100284 832100284 832100284 832100284 832100284 832100284 832100284 832100284 832100284 832100284 832100284 832100284 832100284 832100284 832100284 832100284 832100284 832100284 
832100284 832100284 832100284 832100284 832100284 832100284 832100284 832100284 832100284 832100284 832100284 832100284 832100284 832100284 832100284 832100284 832100284 832100284 832100284 832100284 832100284 832100284 832100284 
832100284 832100284 832100284 832100284 832100284 832100284 832100284 832100284 832100284 832100284 832100284 832100284 832100284 832100284 832100284 832100284 832100284 832100284 832100284 832100284 832100284 832100284 832100284 
832100284 832100284 832100284 832100284 832100284 832100284 832100284 832100284 832100284 832100284 832100284 832100284 832100284 832100284 832100284 832100284 832100284 832100284 832100284 832100284 832100284 832100284 832100284 
832100284 832100284 832100284 832100284 832100284 832100284 832100284 832100284 832100284 832100284 832100284 832100284 832100284 832100284 832100284 832100284 832100284 832100284 832100284 832100284 832100284 832100284 832100284 
832100284 832100284 832100284 832100284 832100284 832100284 832100284 832100284 832100284 832100284 832100284 832100284 832100284 832100284 832100284 832100284 832100284 832100284 832100284 832100284 832100284 832100284 832100284 
832100284 832100284 832100284 832100284 832100284 832100284 832100284 832100284 832100284 832100284 832100284 832100284 832100284 832100284 832100284 832100284 832100284 832100284 832100284 832100284 832100284 832100284 832100284 
832100284 832100284 832100284 832100284 832100284 832100284 832100284 832100284 832100284 832100284 832100284 832100284 832100284 832100284 832100284 832100284 832100284 832100284 832100284 832100284 832100284 832100284 832100284 
832100284 832100284 832100284 832100284 832100284 832100284 832100284 832100284 832100284 832100284 832100284 832100284 832100284 832100284 832100284 832100284 832100284 832100284 832100284 832100284 832100284 832100284 832100284 
832100284 832100284 832100284 832100284 832100284 832100284 832100284 832100284 832100284 832100284 832100284 832100284 832100284 832100284 832100284 832100284 832100284 832100284 832100284 832100284 832100284 832100284 832100284 
832100284 832100284 832100284 832100284 832100284 832100284 832100284 832100284 832100284 832100284 832100284 832100284 832100284 832100284 832100284 832100284 832100284 832100284 832100284 832100284 832100284 832100284 832100284 
