832099092 832099088/n832100096 832100096 832100096 832100096 832100096 832100096 832100096 832100096 832100096 832100096 832100096 832100096 832100096 832100096 832100096 832100096 832100096 832100096 832100096 832100096 832100096 832100096 832100096 832100096 832100096 832100096 832100096 832100096 
832100096 832100096 832100096 832100096 832100096 832100096 832100096 832100096 832100096 832100096 832100096 832100096 832100096 832100096 832100096 832100096 832100096 832100096 832100096 832100096 832100096 832100096 832100096 832100096 832100096 832100096 832100096 832100096 
832100096 832100096 832100096 832100096 832100096 832100096 832100096 832100096 832100096 832100096 832100096 832100096 832100096 832100096 832100096 832100096 832100096 832100096 832100096 832100096 832100096 832100096 832100096 832100096 832100096 832100096 832100096 832100096 
832100096 832100096 832100096 832100096 832100096 832100096 832100096 832100096 832100096 832100096 832100096 832100096 832100096 832100096 832100096 832100096 832100096 832100096 832100096 832100096 832100096 832100096 832100096 832100096 832100096 832100096 832100096 832100096 
832100096 832100096 832100096 832100096 832100096 832100096 832100096 832100096 832100096 832100096 832100096 832100096 832100096 832100096 832100096 832100096 832100096 832100096 832100096 832100096 832100096 832100096 832100096 832100096 832100096 832100096 832100096 832100096 
832100096 832100096 832100096 832100096 832100096 832100096 832100096 832100096 832100096 832100096 832100096 832100096 832100096 832100096 832100096 832100096 832100096 832100096 832100096 832100096 832100096 832100096 832100096 832100096 832100096 832100096 832100096 832100096 
832100096 832100096 832100096 832100096 832100096 832100096 832100096 832100096 832100096 832100096 832100096 832100096 832100096 832100096 832100096 832100096 832100096 832100096 832100096 832100096 832100096 832100096 832100096 832100096 832100096 832100096 832100096 832100096 
832100096 832100096 832100096 832100096 832100096 832100096 832100096 832100096 832100096 832100096 832100096 832100096 832100096 832100096 832100096 832100096 832100096 832100096 832100096 832100096 832100096 832100096 832100096 832100096 832100096 832100096 832100096 832100096 
832100096 832100096 832100096 832100096 832100096 832100096 832100096 832100096 832100096 832100096 832100096 832100096 832100096 832100096 832100096 832100096 832100096 832100096 832100096 832100096 832100096 832100096 832100096 832100096 832100096 832100096 832100096 832100096 
832100096 832100096 832100096 832100096 832100096 832100096 832100096 832100096 832100096 832100096 832100096 832100096 832100096 832100096 832100096 832100096 832100096 832100096 832100096 832100096 832100096 832100096 832100096 832100096 832100096 832100096 832100096 832100096 
832100096 832100096 832100096 832100096 832100096 832100096 832100096 832100096 832100096 832100096 832100096 832100096 832100096 832100096 832100096 832100096 832100096 832100096 832100096 832100096 832100096 832100096 832100096 832100096 832100096 832100096 832100096 832100096 
832100096 832100096 832100096 832100096 832100096 832100096 832100096 832100096 832100096 832100096 832100096 832100096 832100096 832100096 832100096 832100096 832100096 832100096 832100096 832100096 832100096 832100096 832100096 832100096 832100096 832100096 832100096 832100096 
832100096 832100096 832100096 832100096 832100096 832100096 832100096 832100096 832100096 832100096 832100096 832100096 832100096 832100096 832100096 832100096 832100096 832100096 832100096 832100096 832100096 832100096 832100096 832100096 832100096 832100096 832100096 832100096 
832100096 832100096 832100096 832100096 832100096 832100096 832100096 832100096 832100096 832100096 832100096 832100096 832100096 832100096 832100096 832100096 832100096 832100096 832100096 832100096 832100096 832100096 832100096 832100096 832100096 832100096 832100096 832100096 
832100096 832100096 832100096 832100096 832100096 832100096 832100096 832100096 832100096 832100096 832100096 832100096 832100096 832100096 832100096 832100096 832100096 832100096 832100096 832100096 832100096 832100096 832100096 832100096 832100096 832100096 832100096 832100096 
832100096 832100096 832100096 832100096 832100096 832100096 832100096 832100096 832100096 832100096 832100096 832100096 832100096 832100096 832100096 832100096 832100096 832100096 832100096 832100096 832100096 832100096 832100096 832100096 832100096 832100096 832100096 832100096 
832100096 832100096 832100096 832100096 832100096 832100096 832100096 832100096 832100096 832100096 832100096 832100096 832100096 832100096 832100096 832100096 832100096 832100096 832100096 832100096 832100096 832100096 832100096 832100096 832100096 832100096 832100096 832100096 
832100096 832100096 832100096 832100096 832100096 832100096 832100096 832100096 832100096 832100096 832100096 832100096 832100096 832100096 832100096 832100096 832100096 832100096 832100096 832100096 832100096 832100096 832100096 832100096 832100096 832100096 832100096 832100096 
832100096 832100096 832100096 832100096 832100096 832100096 832100096 832100096 832100096 832100096 832100096 832100096 832100096 832100096 832100096 832100096 832100096 832100096 832100096 832100096 832100096 832100096 832100096 832100096 832100096 832100096 832100096 832100096 
832100096 832100096 832100096 832100096 832100096 832100096 832100096 832100096 832100096 832100096 832100096 832100096 832100096 832100096 832100096 832100096 832100096 832100096 832100096 832100096 832100096 832100096 832100096 832100096 832100096 832100096 832100096 832100096 
832100096 832100096 832100096 832100096 832100096 832100096 832100096 832100096 832100096 832100096 832100096 832100096 832100096 832100096 832100096 832100096 832100096 832100096 832100096 832100096 832100096 832100096 832100096 832100096 832100096 832100096 832100096 832100096 
832100096 832100096 832100096 832100096 832100096 832100096 832100096 832100096 832100096 832100096 832100096 832100096 832100096 832100096 832100096 832100096 832100096 832100096 832100096 832100096 832100096 832100096 832100096 832100096 832100096 832100096 832100096 832100096 
832100096 832100096 832100096 832100096 832100096 832100096 832100096 832100096 832100096 832100096 832100096 832100096 832100096 832100096 832100096 832100096 832100096 832100096 832100096 832100096 832100096 832100096 832100096 832100096 832100096 832100096 832100096 832100096 
832100096 832100096 832100096 832100096 832100096 832100096 832100096 832100096 832100096 832100096 832100096 832100096 832100096 832100096 832100096 832100096 832100096 832100096 832100096 832100096 832100096 832100096 832100096 832100096 832100096 832100096 832100096 832100096 
832100096 832100096 832100096 832100096 832100096 832100096 832100096 832100096 832100096 832100096 832100096 832100096 832100096 832100096 832100096 832100096 832100096 832100096 832100096 832100096 832100096 832100096 832100096 832100096 832100096 832100096 832100096 832100096 
832100096 832100096 832100096 832100096 832100096 832100096 832100096 832100096 832100096 832100096 832100096 832100096 832100096 832100096 832100096 832100096 832100096 832100096 832100096 832100096 832100096 832100096 832100096 832100096 832100096 832100096 832100096 832100096 
832100096 832100096 832100096 832100096 832100096 832100096 832100096 832100096 832100096 832100096 832100096 832100096 832100096 832100096 832100096 832100096 832100096 832100096 832100096 832100096 832100096 832100096 832100096 832100096 832100096 832100096 832100096 832100096 
832100096 832100096 832100096 832100096 832100096 832100096 832100096 832100096 832100096 832100096 832100096 832100096 832100096 832100096 832100096 832100096 832100096 832100096 832100096 832100096 832100096 832100096 832100096 832100096 832100096 832100096 832100096 832100096 
832100096 832100096 832100096 832100096 832100096 832100096 832100096 832100096 832100096 832100096 832100096 832100096 832100096 832100096 832100096 832100096 832100096 832100096 832100096 832100096 832100096 832100096 832100096 832100096 832100096 832100096 832100096 832100096 
832100096 832100096 832100096 832100096 832100096 832100096 832100096 832100096 832100096 832100096 832100096 832100096 832100096 832100096 832100096 832100096 832100096 832100096 832100096 832100096 832100096 832100096 832100096 832100096 832100096 832100096 832100096 832100096 
832100096 832100096 832100096 832100096 832100096 832100096 832100096 832100096 832100096 832100096 832100096 832100096 832100096 832100096 832100096 832100096 832100096 832100096 832100096 832100096 832100096 832100096 832100096 832100096 832100096 832100096 832100096 832100096 
832100096 832100096 832100096 832100096 832100096 832100096 832100096 832100096 832100096 832100096 832100096 832100096 832100096 832100096 832100096 832100096 832100096 832100096 832100096 832100096 832100096 832100096 832100096 832100096 832100096 832100096 832100096 832100096 
832100096 832100096 832100096 832100096 832100096 832100096 832100096 832100096 832100096 832100096 832100096 832100096 832100096 832100096 832100096 832100096 832100096 832100096 832100096 832100096 832100096 832100096 832100096 832100096 832100096 832100096 832100096 832100096 
832100096 832100096 832100096 832100096 832100096 832100096 832100096 832100096 832100096 832100096 832100096 832100096 832100096 832100096 832100096 832100096 832100096 832100096 832100096 832100096 832100096 832100096 832100096 832100096 832100096 832100096 832100096 832100096 
832100096 832100096 832100096 832100096 832100096 832100096 832100096 832100096 832100096 832100096 832100096 832100096 832100096 832100096 832100096 832100096 832100096 832100096 832100096 832100096 832100096 832100096 832100096 832100096 832100096 832100096 832100096 832100096 
