832099092 832099088/n832100168 832100168 832100168 832100168 832100168 832100168 832100168 832100168 832100168 832100168 832100168 832100168 832100168 832100168 832100168 832100168 832100168 832100168 832100168 832100168 832100168 832100168 832100168 832100168 832100168 832100168 832100168 832100168 832100168 832100168 
832100168 832100168 832100168 832100168 832100168 832100168 832100168 832100168 832100168 832100168 832100168 832100168 832100168 832100168 832100168 832100168 832100168 832100168 832100168 832100168 832100168 832100168 832100168 832100168 832100168 832100168 832100168 832100168 832100168 832100168 
832100168 832100168 832100168 832100168 832100168 832100168 832100168 832100168 832100168 832100168 832100168 832100168 832100168 832100168 832100168 832100168 832100168 832100168 832100168 832100168 832100168 832100168 832100168 832100168 832100168 832100168 832100168 832100168 832100168 832100168 
832100168 832100168 832100168 832100168 832100168 832100168 832100168 832100168 832100168 832100168 832100168 832100168 832100168 832100168 832100168 832100168 832100168 832100168 832100168 832100168 832100168 832100168 832100168 832100168 832100168 832100168 832100168 832100168 832100168 832100168 
832100168 832100168 832100168 832100168 832100168 832100168 832100168 832100168 832100168 832100168 832100168 832100168 832100168 832100168 832100168 832100168 832100168 832100168 832100168 832100168 832100168 832100168 832100168 832100168 832100168 832100168 832100168 832100168 832100168 832100168 
832100168 832100168 832100168 832100168 832100168 832100168 832100168 832100168 832100168 832100168 832100168 832100168 832100168 832100168 832100168 832100168 832100168 832100168 832100168 832100168 832100168 832100168 832100168 832100168 832100168 832100168 832100168 832100168 832100168 832100168 
832100168 832100168 832100168 832100168 832100168 832100168 832100168 832100168 832100168 832100168 832100168 832100168 832100168 832100168 832100168 832100168 832100168 832100168 832100168 832100168 832100168 832100168 832100168 832100168 832100168 832100168 832100168 832100168 832100168 832100168 
832100168 832100168 832100168 832100168 832100168 832100168 832100168 832100168 832100168 832100168 832100168 832100168 832100168 832100168 832100168 832100168 832100168 832100168 832100168 832100168 832100168 832100168 832100168 832100168 832100168 832100168 832100168 832100168 832100168 832100168 
832100168 832100168 832100168 832100168 832100168 832100168 832100168 832100168 832100168 832100168 832100168 832100168 832100168 832100168 832100168 832100168 832100168 832100168 832100168 832100168 832100168 832100168 832100168 832100168 832100168 832100168 832100168 832100168 832100168 832100168 
832100168 832100168 832100168 832100168 832100168 832100168 832100168 832100168 832100168 832100168 832100168 832100168 832100168 832100168 832100168 832100168 832100168 832100168 832100168 832100168 832100168 832100168 832100168 832100168 832100168 832100168 832100168 832100168 832100168 832100168 
832100168 832100168 832100168 832100168 832100168 832100168 832100168 832100168 832100168 832100168 832100168 832100168 832100168 832100168 832100168 832100168 832100168 832100168 832100168 832100168 832100168 832100168 832100168 832100168 832100168 832100168 832100168 832100168 832100168 832100168 
832100168 832100168 832100168 832100168 832100168 832100168 832100168 832100168 832100168 832100168 832100168 832100168 832100168 832100168 832100168 832100168 832100168 832100168 832100168 832100168 832100168 832100168 832100168 832100168 832100168 832100168 832100168 832100168 832100168 832100168 
832100168 832100168 832100168 832100168 832100168 832100168 832100168 832100168 832100168 832100168 832100168 832100168 832100168 832100168 832100168 832100168 832100168 832100168 832100168 832100168 832100168 832100168 832100168 832100168 832100168 832100168 832100168 832100168 832100168 832100168 
832100168 832100168 832100168 832100168 832100168 832100168 832100168 832100168 832100168 832100168 832100168 832100168 832100168 832100168 832100168 832100168 832100168 832100168 832100168 832100168 832100168 832100168 832100168 832100168 832100168 832100168 832100168 832100168 832100168 832100168 
832100168 832100168 832100168 832100168 832100168 832100168 832100168 832100168 832100168 832100168 832100168 832100168 832100168 832100168 832100168 832100168 832100168 832100168 832100168 832100168 832100168 832100168 832100168 832100168 832100168 832100168 832100168 832100168 832100168 832100168 
832100168 832100168 832100168 832100168 832100168 832100168 832100168 832100168 832100168 832100168 832100168 832100168 832100168 832100168 832100168 832100168 832100168 832100168 832100168 832100168 832100168 832100168 832100168 832100168 832100168 832100168 832100168 832100168 832100168 832100168 
832100168 832100168 832100168 832100168 832100168 832100168 832100168 832100168 832100168 832100168 832100168 832100168 832100168 832100168 832100168 832100168 832100168 832100168 832100168 832100168 832100168 832100168 832100168 832100168 832100168 832100168 832100168 832100168 832100168 832100168 
832100168 832100168 832100168 832100168 832100168 832100168 832100168 832100168 832100168 832100168 832100168 832100168 832100168 832100168 832100168 832100168 832100168 832100168 832100168 832100168 832100168 832100168 832100168 832100168 832100168 832100168 832100168 832100168 832100168 832100168 
832100168 832100168 832100168 832100168 832100168 832100168 832100168 832100168 832100168 832100168 832100168 832100168 832100168 832100168 832100168 832100168 832100168 832100168 832100168 832100168 832100168 832100168 832100168 832100168 832100168 832100168 832100168 832100168 832100168 832100168 
832100168 832100168 832100168 832100168 832100168 832100168 832100168 832100168 832100168 832100168 832100168 832100168 832100168 832100168 832100168 832100168 832100168 832100168 832100168 832100168 832100168 832100168 832100168 832100168 832100168 832100168 832100168 832100168 832100168 832100168 
832100168 832100168 832100168 832100168 832100168 832100168 832100168 832100168 832100168 832100168 832100168 832100168 832100168 832100168 832100168 832100168 832100168 832100168 832100168 832100168 832100168 832100168 832100168 832100168 832100168 832100168 832100168 832100168 832100168 832100168 
832100168 832100168 832100168 832100168 832100168 832100168 832100168 832100168 832100168 832100168 832100168 832100168 832100168 832100168 832100168 832100168 832100168 832100168 832100168 832100168 832100168 832100168 832100168 832100168 832100168 832100168 832100168 832100168 832100168 832100168 
832100168 832100168 832100168 832100168 832100168 832100168 832100168 832100168 832100168 832100168 832100168 832100168 832100168 832100168 832100168 832100168 832100168 832100168 832100168 832100168 832100168 832100168 832100168 832100168 832100168 832100168 832100168 832100168 832100168 832100168 
832100168 832100168 832100168 832100168 832100168 832100168 832100168 832100168 832100168 832100168 832100168 832100168 832100168 832100168 832100168 832100168 832100168 832100168 832100168 832100168 832100168 832100168 832100168 832100168 832100168 832100168 832100168 832100168 832100168 832100168 
832100168 832100168 832100168 832100168 832100168 832100168 832100168 832100168 832100168 832100168 832100168 832100168 832100168 832100168 832100168 832100168 832100168 832100168 832100168 832100168 832100168 832100168 832100168 832100168 832100168 832100168 832100168 832100168 832100168 832100168 
832100168 832100168 832100168 832100168 832100168 832100168 832100168 832100168 832100168 832100168 832100168 832100168 832100168 832100168 832100168 832100168 832100168 832100168 832100168 832100168 832100168 832100168 832100168 832100168 832100168 832100168 832100168 832100168 832100168 832100168 
832100168 832100168 832100168 832100168 832100168 832100168 832100168 832100168 832100168 832100168 832100168 832100168 832100168 832100168 832100168 832100168 832100168 832100168 832100168 832100168 832100168 832100168 832100168 832100168 832100168 832100168 832100168 832100168 832100168 832100168 
832100168 832100168 832100168 832100168 832100168 832100168 832100168 832100168 832100168 832100168 832100168 832100168 832100168 832100168 832100168 832100168 832100168 832100168 832100168 832100168 832100168 832100168 832100168 832100168 832100168 832100168 832100168 832100168 832100168 832100168 
832100168 832100168 832100168 832100168 832100168 832100168 832100168 832100168 832100168 832100168 832100168 832100168 832100168 832100168 832100168 832100168 832100168 832100168 832100168 832100168 832100168 832100168 832100168 832100168 832100168 832100168 832100168 832100168 832100168 832100168 
832100168 832100168 832100168 832100168 832100168 832100168 832100168 832100168 832100168 832100168 832100168 832100168 832100168 832100168 832100168 832100168 832100168 832100168 832100168 832100168 832100168 832100168 832100168 832100168 832100168 832100168 832100168 832100168 832100168 832100168 
832100168 832100168 832100168 832100168 832100168 832100168 832100168 832100168 832100168 832100168 832100168 832100168 832100168 832100168 832100168 832100168 832100168 832100168 832100168 832100168 832100168 832100168 832100168 832100168 832100168 832100168 832100168 832100168 832100168 832100168 
832100168 832100168 832100168 832100168 832100168 832100168 832100168 832100168 832100168 832100168 832100168 832100168 832100168 832100168 832100168 832100168 832100168 832100168 832100168 832100168 832100168 832100168 832100168 832100168 832100168 832100168 832100168 832100168 832100168 832100168 
832100168 832100168 832100168 832100168 832100168 832100168 832100168 832100168 832100168 832100168 832100168 832100168 832100168 832100168 832100168 832100168 832100168 832100168 832100168 832100168 832100168 832100168 832100168 832100168 832100168 832100168 832100168 832100168 832100168 832100168 
832100168 832100168 832100168 832100168 832100168 832100168 832100168 832100168 832100168 832100168 832100168 832100168 832100168 832100168 832100168 832100168 832100168 832100168 832100168 832100168 832100168 832100168 832100168 832100168 832100168 832100168 832100168 832100168 832100168 832100168 
832100168 832100168 832100168 832100168 832100168 832100168 832100168 832100168 832100168 832100168 832100168 832100168 832100168 832100168 832100168 832100168 832100168 832100168 832100168 832100168 832100168 832100168 832100168 832100168 832100168 832100168 832100168 832100168 832100168 832100168 
832100168 832100168 832100168 832100168 832100168 832100168 832100168 832100168 832100168 832100168 832100168 832100168 832100168 832100168 832100168 832100168 832100168 832100168 832100168 832100168 832100168 832100168 832100168 832100168 832100168 832100168 832100168 832100168 832100168 832100168 
832100168 832100168 832100168 832100168 832100168 832100168 832100168 832100168 832100168 832100168 832100168 832100168 832100168 832100168 832100168 832100168 832100168 832100168 832100168 832100168 832100168 832100168 832100168 832100168 832100168 832100168 832100168 832100168 832100168 832100168 
832100168 832100168 832100168 832100168 832100168 832100168 832100168 832100168 832100168 832100168 832100168 832100168 832100168 832100168 832100168 832100168 832100168 832100168 832100168 832100168 832100168 832100168 832100168 832100168 832100168 832100168 832100168 832100168 832100168 832100168 
832100168 832100168 832100168 832100168 832100168 832100168 832100168 832100168 832100168 832100168 832100168 832100168 832100168 832100168 832100168 832100168 832100168 832100168 832100168 832100168 832100168 832100168 832100168 832100168 832100168 832100168 832100168 832100168 832100168 832100168 
