832099092 832099088/n832100212 832100212 832100212 832100212 832100212 832100212 832100212 832100212 832100212 832100212 832100212 832100212 832100212 832100212 832100212 832100212 832100212 832100212 832100212 832100212 832100212 832100212 832100212 832100212 832100212 832100212 832100212 832100212 832100212 832100212 832100212 832100212 832100212 
832100212 832100212 832100212 832100212 832100212 832100212 832100212 832100212 832100212 832100212 832100212 832100212 832100212 832100212 832100212 832100212 832100212 832100212 832100212 832100212 832100212 832100212 832100212 832100212 832100212 832100212 832100212 832100212 832100212 832100212 832100212 832100212 832100212 
832100212 832100212 832100212 832100212 832100212 832100212 832100212 832100212 832100212 832100212 832100212 832100212 832100212 832100212 832100212 832100212 832100212 832100212 832100212 832100212 832100212 832100212 832100212 832100212 832100212 832100212 832100212 832100212 832100212 832100212 832100212 832100212 832100212 
832100212 832100212 832100212 832100212 832100212 832100212 832100212 832100212 832100212 832100212 832100212 832100212 832100212 832100212 832100212 832100212 832100212 832100212 832100212 832100212 832100212 832100212 832100212 832100212 832100212 832100212 832100212 832100212 832100212 832100212 832100212 832100212 832100212 
832100212 832100212 832100212 832100212 832100212 832100212 832100212 832100212 832100212 832100212 832100212 832100212 832100212 832100212 832100212 832100212 832100212 832100212 832100212 832100212 832100212 832100212 832100212 832100212 832100212 832100212 832100212 832100212 832100212 832100212 832100212 832100212 832100212 
832100212 832100212 832100212 832100212 832100212 832100212 832100212 832100212 832100212 832100212 832100212 832100212 832100212 832100212 832100212 832100212 832100212 832100212 832100212 832100212 832100212 832100212 832100212 832100212 832100212 832100212 832100212 832100212 832100212 832100212 832100212 832100212 832100212 
832100212 832100212 832100212 832100212 832100212 832100212 832100212 832100212 832100212 832100212 832100212 832100212 832100212 832100212 832100212 832100212 832100212 832100212 832100212 832100212 832100212 832100212 832100212 832100212 832100212 832100212 832100212 832100212 832100212 832100212 832100212 832100212 832100212 
832100212 832100212 832100212 832100212 832100212 832100212 832100212 832100212 832100212 832100212 832100212 832100212 832100212 832100212 832100212 832100212 832100212 832100212 832100212 832100212 832100212 832100212 832100212 832100212 832100212 832100212 832100212 832100212 832100212 832100212 832100212 832100212 832100212 
832100212 832100212 832100212 832100212 832100212 832100212 832100212 832100212 832100212 832100212 832100212 832100212 832100212 832100212 832100212 832100212 832100212 832100212 832100212 832100212 832100212 832100212 832100212 832100212 832100212 832100212 832100212 832100212 832100212 832100212 832100212 832100212 832100212 
832100212 832100212 832100212 832100212 832100212 832100212 832100212 832100212 832100212 832100212 832100212 832100212 832100212 832100212 832100212 832100212 832100212 832100212 832100212 832100212 832100212 832100212 832100212 832100212 832100212 832100212 832100212 832100212 832100212 832100212 832100212 832100212 832100212 
832100212 832100212 832100212 832100212 832100212 832100212 832100212 832100212 832100212 832100212 832100212 832100212 832100212 832100212 832100212 832100212 832100212 832100212 832100212 832100212 832100212 832100212 832100212 832100212 832100212 832100212 832100212 832100212 832100212 832100212 832100212 832100212 832100212 
832100212 832100212 832100212 832100212 832100212 832100212 832100212 832100212 832100212 832100212 832100212 832100212 832100212 832100212 832100212 832100212 832100212 832100212 832100212 832100212 832100212 832100212 832100212 832100212 832100212 832100212 832100212 832100212 832100212 832100212 832100212 832100212 832100212 
832100212 832100212 832100212 832100212 832100212 832100212 832100212 832100212 832100212 832100212 832100212 832100212 832100212 832100212 832100212 832100212 832100212 832100212 832100212 832100212 832100212 832100212 832100212 832100212 832100212 832100212 832100212 832100212 832100212 832100212 832100212 832100212 832100212 
832100212 832100212 832100212 832100212 832100212 832100212 832100212 832100212 832100212 832100212 832100212 832100212 832100212 832100212 832100212 832100212 832100212 832100212 832100212 832100212 832100212 832100212 832100212 832100212 832100212 832100212 832100212 832100212 832100212 832100212 832100212 832100212 832100212 
832100212 832100212 832100212 832100212 832100212 832100212 832100212 832100212 832100212 832100212 832100212 832100212 832100212 832100212 832100212 832100212 832100212 832100212 832100212 832100212 832100212 832100212 832100212 832100212 832100212 832100212 832100212 832100212 832100212 832100212 832100212 832100212 832100212 
832100212 832100212 832100212 832100212 832100212 832100212 832100212 832100212 832100212 832100212 832100212 832100212 832100212 832100212 832100212 832100212 832100212 832100212 832100212 832100212 832100212 832100212 832100212 832100212 832100212 832100212 832100212 832100212 832100212 832100212 832100212 832100212 832100212 
832100212 832100212 832100212 832100212 832100212 832100212 832100212 832100212 832100212 832100212 832100212 832100212 832100212 832100212 832100212 832100212 832100212 832100212 832100212 832100212 832100212 832100212 832100212 832100212 832100212 832100212 832100212 832100212 832100212 832100212 832100212 832100212 832100212 
832100212 832100212 832100212 832100212 832100212 832100212 832100212 832100212 832100212 832100212 832100212 832100212 832100212 832100212 832100212 832100212 832100212 832100212 832100212 832100212 832100212 832100212 832100212 832100212 832100212 832100212 832100212 832100212 832100212 832100212 832100212 832100212 832100212 
832100212 832100212 832100212 832100212 832100212 832100212 832100212 832100212 832100212 832100212 832100212 832100212 832100212 832100212 832100212 832100212 832100212 832100212 832100212 832100212 832100212 832100212 832100212 832100212 832100212 832100212 832100212 832100212 832100212 832100212 832100212 832100212 832100212 
832100212 832100212 832100212 832100212 832100212 832100212 832100212 832100212 832100212 832100212 832100212 832100212 832100212 832100212 832100212 832100212 832100212 832100212 832100212 832100212 832100212 832100212 832100212 832100212 832100212 832100212 832100212 832100212 832100212 832100212 832100212 832100212 832100212 
832100212 832100212 832100212 832100212 832100212 832100212 832100212 832100212 832100212 832100212 832100212 832100212 832100212 832100212 832100212 832100212 832100212 832100212 832100212 832100212 832100212 832100212 832100212 832100212 832100212 832100212 832100212 832100212 832100212 832100212 832100212 832100212 832100212 
832100212 832100212 832100212 832100212 832100212 832100212 832100212 832100212 832100212 832100212 832100212 832100212 832100212 832100212 832100212 832100212 832100212 832100212 832100212 832100212 832100212 832100212 832100212 832100212 832100212 832100212 832100212 832100212 832100212 832100212 832100212 832100212 832100212 
832100212 832100212 832100212 832100212 832100212 832100212 832100212 832100212 832100212 832100212 832100212 832100212 832100212 832100212 832100212 832100212 832100212 832100212 832100212 832100212 832100212 832100212 832100212 832100212 832100212 832100212 832100212 832100212 832100212 832100212 832100212 832100212 832100212 
832100212 832100212 832100212 832100212 832100212 832100212 832100212 832100212 832100212 832100212 832100212 832100212 832100212 832100212 832100212 832100212 832100212 832100212 832100212 832100212 832100212 832100212 832100212 832100212 832100212 832100212 832100212 832100212 832100212 832100212 832100212 832100212 832100212 
832100212 832100212 832100212 832100212 832100212 832100212 832100212 832100212 832100212 832100212 832100212 832100212 832100212 832100212 832100212 832100212 832100212 832100212 832100212 832100212 832100212 832100212 832100212 832100212 832100212 832100212 832100212 832100212 832100212 832100212 832100212 832100212 832100212 
832100212 832100212 832100212 832100212 832100212 832100212 832100212 832100212 832100212 832100212 832100212 832100212 832100212 832100212 832100212 832100212 832100212 832100212 832100212 832100212 832100212 832100212 832100212 832100212 832100212 832100212 832100212 832100212 832100212 832100212 832100212 832100212 832100212 
832100212 832100212 832100212 832100212 832100212 832100212 832100212 832100212 832100212 832100212 832100212 832100212 832100212 832100212 832100212 832100212 832100212 832100212 832100212 832100212 832100212 832100212 832100212 832100212 832100212 832100212 832100212 832100212 832100212 832100212 832100212 832100212 832100212 
832100212 832100212 832100212 832100212 832100212 832100212 832100212 832100212 832100212 832100212 832100212 832100212 832100212 832100212 832100212 832100212 832100212 832100212 832100212 832100212 832100212 832100212 832100212 832100212 832100212 832100212 832100212 832100212 832100212 832100212 832100212 832100212 832100212 
832100212 832100212 832100212 832100212 832100212 832100212 832100212 832100212 832100212 832100212 832100212 832100212 832100212 832100212 832100212 832100212 832100212 832100212 832100212 832100212 832100212 832100212 832100212 832100212 832100212 832100212 832100212 832100212 832100212 832100212 832100212 832100212 832100212 
832100212 832100212 832100212 832100212 832100212 832100212 832100212 832100212 832100212 832100212 832100212 832100212 832100212 832100212 832100212 832100212 832100212 832100212 832100212 832100212 832100212 832100212 832100212 832100212 832100212 832100212 832100212 832100212 832100212 832100212 832100212 832100212 832100212 
832100212 832100212 832100212 832100212 832100212 832100212 832100212 832100212 832100212 832100212 832100212 832100212 832100212 832100212 832100212 832100212 832100212 832100212 832100212 832100212 832100212 832100212 832100212 832100212 832100212 832100212 832100212 832100212 832100212 832100212 832100212 832100212 832100212 
832100212 832100212 832100212 832100212 832100212 832100212 832100212 832100212 832100212 832100212 832100212 832100212 832100212 832100212 832100212 832100212 832100212 832100212 832100212 832100212 832100212 832100212 832100212 832100212 832100212 832100212 832100212 832100212 832100212 832100212 832100212 832100212 832100212 
832100212 832100212 832100212 832100212 832100212 832100212 832100212 832100212 832100212 832100212 832100212 832100212 832100212 832100212 832100212 832100212 832100212 832100212 832100212 832100212 832100212 832100212 832100212 832100212 832100212 832100212 832100212 832100212 832100212 832100212 832100212 832100212 832100212 
832100212 832100212 832100212 832100212 832100212 832100212 832100212 832100212 832100212 832100212 832100212 832100212 832100212 832100212 832100212 832100212 832100212 832100212 832100212 832100212 832100212 832100212 832100212 832100212 832100212 832100212 832100212 832100212 832100212 832100212 832100212 832100212 832100212 
832100212 832100212 832100212 832100212 832100212 832100212 832100212 832100212 832100212 832100212 832100212 832100212 832100212 832100212 832100212 832100212 832100212 832100212 832100212 832100212 832100212 832100212 832100212 832100212 832100212 832100212 832100212 832100212 832100212 832100212 832100212 832100212 832100212 
832100212 832100212 832100212 832100212 832100212 832100212 832100212 832100212 832100212 832100212 832100212 832100212 832100212 832100212 832100212 832100212 832100212 832100212 832100212 832100212 832100212 832100212 832100212 832100212 832100212 832100212 832100212 832100212 832100212 832100212 832100212 832100212 832100212 
832100212 832100212 832100212 832100212 832100212 832100212 832100212 832100212 832100212 832100212 832100212 832100212 832100212 832100212 832100212 832100212 832100212 832100212 832100212 832100212 832100212 832100212 832100212 832100212 832100212 832100212 832100212 832100212 832100212 832100212 832100212 832100212 832100212 
832100212 832100212 832100212 832100212 832100212 832100212 832100212 832100212 832100212 832100212 832100212 832100212 832100212 832100212 832100212 832100212 832100212 832100212 832100212 832100212 832100212 832100212 832100212 832100212 832100212 832100212 832100212 832100212 832100212 832100212 832100212 832100212 832100212 
832100212 832100212 832100212 832100212 832100212 832100212 832100212 832100212 832100212 832100212 832100212 832100212 832100212 832100212 832100212 832100212 832100212 832100212 832100212 832100212 832100212 832100212 832100212 832100212 832100212 832100212 832100212 832100212 832100212 832100212 832100212 832100212 832100212 
832100212 832100212 832100212 832100212 832100212 832100212 832100212 832100212 832100212 832100212 832100212 832100212 832100212 832100212 832100212 832100212 832100212 832100212 832100212 832100212 832100212 832100212 832100212 832100212 832100212 832100212 832100212 832100212 832100212 832100212 832100212 832100212 832100212 
832100212 832100212 832100212 832100212 832100212 832100212 832100212 832100212 832100212 832100212 832100212 832100212 832100212 832100212 832100212 832100212 832100212 832100212 832100212 832100212 832100212 832100212 832100212 832100212 832100212 832100212 832100212 832100212 832100212 832100212 832100212 832100212 832100212 
