832099092 832099088/n832100476 832100476 832100476 832100476 832100476 832100476 832100476 832100476 832100476 832100476 832100476 832100476 832100476 832100476 832100476 832100476 832100476 832100476 832100476 832100476 832100476 832100476 832100476 832100476 832100476 832100476 832100476 832100476 832100476 832100476 832100476 
832100476 832100476 832100476 832100476 832100476 832100476 832100476 832100476 832100476 832100476 832100476 832100476 832100476 832100476 832100476 832100476 832100476 832100476 832100476 832100476 832100476 832100476 832100476 832100476 832100476 832100476 832100476 832100476 832100476 832100476 832100476 
832100476 832100476 832100476 832100476 832100476 832100476 832100476 832100476 832100476 832100476 832100476 832100476 832100476 832100476 832100476 832100476 832100476 832100476 832100476 832100476 832100476 832100476 832100476 832100476 832100476 832100476 832100476 832100476 832100476 832100476 832100476 
832100476 832100476 832100476 832100476 832100476 832100476 832100476 832100476 832100476 832100476 832100476 832100476 832100476 832100476 832100476 832100476 832100476 832100476 832100476 832100476 832100476 832100476 832100476 832100476 832100476 832100476 832100476 832100476 832100476 832100476 832100476 
832100476 832100476 832100476 832100476 832100476 832100476 832100476 832100476 832100476 832100476 832100476 832100476 832100476 832100476 832100476 832100476 832100476 832100476 832100476 832100476 832100476 832100476 832100476 832100476 832100476 832100476 832100476 832100476 832100476 832100476 832100476 
832100476 832100476 832100476 832100476 832100476 832100476 832100476 832100476 832100476 832100476 832100476 832100476 832100476 832100476 832100476 832100476 832100476 832100476 832100476 832100476 832100476 832100476 832100476 832100476 832100476 832100476 832100476 832100476 832100476 832100476 832100476 
832100476 832100476 832100476 832100476 832100476 832100476 832100476 832100476 832100476 832100476 832100476 832100476 832100476 832100476 832100476 832100476 832100476 832100476 832100476 832100476 832100476 832100476 832100476 832100476 832100476 832100476 832100476 832100476 832100476 832100476 832100476 
832100476 832100476 832100476 832100476 832100476 832100476 832100476 832100476 832100476 832100476 832100476 832100476 832100476 832100476 832100476 832100476 832100476 832100476 832100476 832100476 832100476 832100476 832100476 832100476 832100476 832100476 832100476 832100476 832100476 832100476 832100476 
832100476 832100476 832100476 832100476 832100476 832100476 832100476 832100476 832100476 832100476 832100476 832100476 832100476 832100476 832100476 832100476 832100476 832100476 832100476 832100476 832100476 832100476 832100476 832100476 832100476 832100476 832100476 832100476 832100476 832100476 832100476 
832100476 832100476 832100476 832100476 832100476 832100476 832100476 832100476 832100476 832100476 832100476 832100476 832100476 832100476 832100476 832100476 832100476 832100476 832100476 832100476 832100476 832100476 832100476 832100476 832100476 832100476 832100476 832100476 832100476 832100476 832100476 
832100476 832100476 832100476 832100476 832100476 832100476 832100476 832100476 832100476 832100476 832100476 832100476 832100476 832100476 832100476 832100476 832100476 832100476 832100476 832100476 832100476 832100476 832100476 832100476 832100476 832100476 832100476 832100476 832100476 832100476 832100476 
832100476 832100476 832100476 832100476 832100476 832100476 832100476 832100476 832100476 832100476 832100476 832100476 832100476 832100476 832100476 832100476 832100476 832100476 832100476 832100476 832100476 832100476 832100476 832100476 832100476 832100476 832100476 832100476 832100476 832100476 832100476 
832100476 832100476 832100476 832100476 832100476 832100476 832100476 832100476 832100476 832100476 832100476 832100476 832100476 832100476 832100476 832100476 832100476 832100476 832100476 832100476 832100476 832100476 832100476 832100476 832100476 832100476 832100476 832100476 832100476 832100476 832100476 
832100476 832100476 832100476 832100476 832100476 832100476 832100476 832100476 832100476 832100476 832100476 832100476 832100476 832100476 832100476 832100476 832100476 832100476 832100476 832100476 832100476 832100476 832100476 832100476 832100476 832100476 832100476 832100476 832100476 832100476 832100476 
832100476 832100476 832100476 832100476 832100476 832100476 832100476 832100476 832100476 832100476 832100476 832100476 832100476 832100476 832100476 832100476 832100476 832100476 832100476 832100476 832100476 832100476 832100476 832100476 832100476 832100476 832100476 832100476 832100476 832100476 832100476 
832100476 832100476 832100476 832100476 832100476 832100476 832100476 832100476 832100476 832100476 832100476 832100476 832100476 832100476 832100476 832100476 832100476 832100476 832100476 832100476 832100476 832100476 832100476 832100476 832100476 832100476 832100476 832100476 832100476 832100476 832100476 
832100476 832100476 832100476 832100476 832100476 832100476 832100476 832100476 832100476 832100476 832100476 832100476 832100476 832100476 832100476 832100476 832100476 832100476 832100476 832100476 832100476 832100476 832100476 832100476 832100476 832100476 832100476 832100476 832100476 832100476 832100476 
832100476 832100476 832100476 832100476 832100476 832100476 832100476 832100476 832100476 832100476 832100476 832100476 832100476 832100476 832100476 832100476 832100476 832100476 832100476 832100476 832100476 832100476 832100476 832100476 832100476 832100476 832100476 832100476 832100476 832100476 832100476 
832100476 832100476 832100476 832100476 832100476 832100476 832100476 832100476 832100476 832100476 832100476 832100476 832100476 832100476 832100476 832100476 832100476 832100476 832100476 832100476 832100476 832100476 832100476 832100476 832100476 832100476 832100476 832100476 832100476 832100476 832100476 
832100476 832100476 832100476 832100476 832100476 832100476 832100476 832100476 832100476 832100476 832100476 832100476 832100476 832100476 832100476 832100476 832100476 832100476 832100476 832100476 832100476 832100476 832100476 832100476 832100476 832100476 832100476 832100476 832100476 832100476 832100476 
832100476 832100476 832100476 832100476 832100476 832100476 832100476 832100476 832100476 832100476 832100476 832100476 832100476 832100476 832100476 832100476 832100476 832100476 832100476 832100476 832100476 832100476 832100476 832100476 832100476 832100476 832100476 832100476 832100476 832100476 832100476 
832100476 832100476 832100476 832100476 832100476 832100476 832100476 832100476 832100476 832100476 832100476 832100476 832100476 832100476 832100476 832100476 832100476 832100476 832100476 832100476 832100476 832100476 832100476 832100476 832100476 832100476 832100476 832100476 832100476 832100476 832100476 
832100476 832100476 832100476 832100476 832100476 832100476 832100476 832100476 832100476 832100476 832100476 832100476 832100476 832100476 832100476 832100476 832100476 832100476 832100476 832100476 832100476 832100476 832100476 832100476 832100476 832100476 832100476 832100476 832100476 832100476 832100476 
832100476 832100476 832100476 832100476 832100476 832100476 832100476 832100476 832100476 832100476 832100476 832100476 832100476 832100476 832100476 832100476 832100476 832100476 832100476 832100476 832100476 832100476 832100476 832100476 832100476 832100476 832100476 832100476 832100476 832100476 832100476 
832100476 832100476 832100476 832100476 832100476 832100476 832100476 832100476 832100476 832100476 832100476 832100476 832100476 832100476 832100476 832100476 832100476 832100476 832100476 832100476 832100476 832100476 832100476 832100476 832100476 832100476 832100476 832100476 832100476 832100476 832100476 
832100476 832100476 832100476 832100476 832100476 832100476 832100476 832100476 832100476 832100476 832100476 832100476 832100476 832100476 832100476 832100476 832100476 832100476 832100476 832100476 832100476 832100476 832100476 832100476 832100476 832100476 832100476 832100476 832100476 832100476 832100476 
832100476 832100476 832100476 832100476 832100476 832100476 832100476 832100476 832100476 832100476 832100476 832100476 832100476 832100476 832100476 832100476 832100476 832100476 832100476 832100476 832100476 832100476 832100476 832100476 832100476 832100476 832100476 832100476 832100476 832100476 832100476 
832100476 832100476 832100476 832100476 832100476 832100476 832100476 832100476 832100476 832100476 832100476 832100476 832100476 832100476 832100476 832100476 832100476 832100476 832100476 832100476 832100476 832100476 832100476 832100476 832100476 832100476 832100476 832100476 832100476 832100476 832100476 
832100476 832100476 832100476 832100476 832100476 832100476 832100476 832100476 832100476 832100476 832100476 832100476 832100476 832100476 832100476 832100476 832100476 832100476 832100476 832100476 832100476 832100476 832100476 832100476 832100476 832100476 832100476 832100476 832100476 832100476 832100476 
832100476 832100476 832100476 832100476 832100476 832100476 832100476 832100476 832100476 832100476 832100476 832100476 832100476 832100476 832100476 832100476 832100476 832100476 832100476 832100476 832100476 832100476 832100476 832100476 832100476 832100476 832100476 832100476 832100476 832100476 832100476 
832100476 832100476 832100476 832100476 832100476 832100476 832100476 832100476 832100476 832100476 832100476 832100476 832100476 832100476 832100476 832100476 832100476 832100476 832100476 832100476 832100476 832100476 832100476 832100476 832100476 832100476 832100476 832100476 832100476 832100476 832100476 
832100476 832100476 832100476 832100476 832100476 832100476 832100476 832100476 832100476 832100476 832100476 832100476 832100476 832100476 832100476 832100476 832100476 832100476 832100476 832100476 832100476 832100476 832100476 832100476 832100476 832100476 832100476 832100476 832100476 832100476 832100476 
832100476 832100476 832100476 832100476 832100476 832100476 832100476 832100476 832100476 832100476 832100476 832100476 832100476 832100476 832100476 832100476 832100476 832100476 832100476 832100476 832100476 832100476 832100476 832100476 832100476 832100476 832100476 832100476 832100476 832100476 832100476 
832100476 832100476 832100476 832100476 832100476 832100476 832100476 832100476 832100476 832100476 832100476 832100476 832100476 832100476 832100476 832100476 832100476 832100476 832100476 832100476 832100476 832100476 832100476 832100476 832100476 832100476 832100476 832100476 832100476 832100476 832100476 
832100476 832100476 832100476 832100476 832100476 832100476 832100476 832100476 832100476 832100476 832100476 832100476 832100476 832100476 832100476 832100476 832100476 832100476 832100476 832100476 832100476 832100476 832100476 832100476 832100476 832100476 832100476 832100476 832100476 832100476 832100476 
832100476 832100476 832100476 832100476 832100476 832100476 832100476 832100476 832100476 832100476 832100476 832100476 832100476 832100476 832100476 832100476 832100476 832100476 832100476 832100476 832100476 832100476 832100476 832100476 832100476 832100476 832100476 832100476 832100476 832100476 832100476 
832100476 832100476 832100476 832100476 832100476 832100476 832100476 832100476 832100476 832100476 832100476 832100476 832100476 832100476 832100476 832100476 832100476 832100476 832100476 832100476 832100476 832100476 832100476 832100476 832100476 832100476 832100476 832100476 832100476 832100476 832100476 
832100476 832100476 832100476 832100476 832100476 832100476 832100476 832100476 832100476 832100476 832100476 832100476 832100476 832100476 832100476 832100476 832100476 832100476 832100476 832100476 832100476 832100476 832100476 832100476 832100476 832100476 832100476 832100476 832100476 832100476 832100476 
832100476 832100476 832100476 832100476 832100476 832100476 832100476 832100476 832100476 832100476 832100476 832100476 832100476 832100476 832100476 832100476 832100476 832100476 832100476 832100476 832100476 832100476 832100476 832100476 832100476 832100476 832100476 832100476 832100476 832100476 832100476 
832100476 832100476 832100476 832100476 832100476 832100476 832100476 832100476 832100476 832100476 832100476 832100476 832100476 832100476 832100476 832100476 832100476 832100476 832100476 832100476 832100476 832100476 832100476 832100476 832100476 832100476 832100476 832100476 832100476 832100476 832100476 
832100476 832100476 832100476 832100476 832100476 832100476 832100476 832100476 832100476 832100476 832100476 832100476 832100476 832100476 832100476 832100476 832100476 832100476 832100476 832100476 832100476 832100476 832100476 832100476 832100476 832100476 832100476 832100476 832100476 832100476 832100476 
832100476 832100476 832100476 832100476 832100476 832100476 832100476 832100476 832100476 832100476 832100476 832100476 832100476 832100476 832100476 832100476 832100476 832100476 832100476 832100476 832100476 832100476 832100476 832100476 832100476 832100476 832100476 832100476 832100476 832100476 832100476 
832100476 832100476 832100476 832100476 832100476 832100476 832100476 832100476 832100476 832100476 832100476 832100476 832100476 832100476 832100476 832100476 832100476 832100476 832100476 832100476 832100476 832100476 832100476 832100476 832100476 832100476 832100476 832100476 832100476 832100476 832100476 
832100476 832100476 832100476 832100476 832100476 832100476 832100476 832100476 832100476 832100476 832100476 832100476 832100476 832100476 832100476 832100476 832100476 832100476 832100476 832100476 832100476 832100476 832100476 832100476 832100476 832100476 832100476 832100476 832100476 832100476 832100476 
832100476 832100476 832100476 832100476 832100476 832100476 832100476 832100476 832100476 832100476 832100476 832100476 832100476 832100476 832100476 832100476 832100476 832100476 832100476 832100476 832100476 832100476 832100476 832100476 832100476 832100476 832100476 832100476 832100476 832100476 832100476 
832100476 832100476 832100476 832100476 832100476 832100476 832100476 832100476 832100476 832100476 832100476 832100476 832100476 832100476 832100476 832100476 832100476 832100476 832100476 832100476 832100476 832100476 832100476 832100476 832100476 832100476 832100476 832100476 832100476 832100476 832100476 
832100476 832100476 832100476 832100476 832100476 832100476 832100476 832100476 832100476 832100476 832100476 832100476 832100476 832100476 832100476 832100476 832100476 832100476 832100476 832100476 832100476 832100476 832100476 832100476 832100476 832100476 832100476 832100476 832100476 832100476 832100476 
832100476 832100476 832100476 832100476 832100476 832100476 832100476 832100476 832100476 832100476 832100476 832100476 832100476 832100476 832100476 832100476 832100476 832100476 832100476 832100476 832100476 832100476 832100476 832100476 832100476 832100476 832100476 832100476 832100476 832100476 832100476 
832100476 832100476 832100476 832100476 832100476 832100476 832100476 832100476 832100476 832100476 832100476 832100476 832100476 832100476 832100476 832100476 832100476 832100476 832100476 832100476 832100476 832100476 832100476 832100476 832100476 832100476 832100476 832100476 832100476 832100476 832100476 
832100476 832100476 832100476 832100476 832100476 832100476 832100476 832100476 832100476 832100476 832100476 832100476 832100476 832100476 832100476 832100476 832100476 832100476 832100476 832100476 832100476 832100476 832100476 832100476 832100476 832100476 832100476 832100476 832100476 832100476 832100476 
832100476 832100476 832100476 832100476 832100476 832100476 832100476 832100476 832100476 832100476 832100476 832100476 832100476 832100476 832100476 832100476 832100476 832100476 832100476 832100476 832100476 832100476 832100476 832100476 832100476 832100476 832100476 832100476 832100476 832100476 832100476 
832100476 832100476 832100476 832100476 832100476 832100476 832100476 832100476 832100476 832100476 832100476 832100476 832100476 832100476 832100476 832100476 832100476 832100476 832100476 832100476 832100476 832100476 832100476 832100476 832100476 832100476 832100476 832100476 832100476 832100476 832100476 
832100476 832100476 832100476 832100476 832100476 832100476 832100476 832100476 832100476 832100476 832100476 832100476 832100476 832100476 832100476 832100476 832100476 832100476 832100476 832100476 832100476 832100476 832100476 832100476 832100476 832100476 832100476 832100476 832100476 832100476 832100476 
832100476 832100476 832100476 832100476 832100476 832100476 832100476 832100476 832100476 832100476 832100476 832100476 832100476 832100476 832100476 832100476 832100476 832100476 832100476 832100476 832100476 832100476 832100476 832100476 832100476 832100476 832100476 832100476 832100476 832100476 832100476 
832100476 832100476 832100476 832100476 832100476 832100476 832100476 832100476 832100476 832100476 832100476 832100476 832100476 832100476 832100476 832100476 832100476 832100476 832100476 832100476 832100476 832100476 832100476 832100476 832100476 832100476 832100476 832100476 832100476 832100476 832100476 
832100476 832100476 832100476 832100476 832100476 832100476 832100476 832100476 832100476 832100476 832100476 832100476 832100476 832100476 832100476 832100476 832100476 832100476 832100476 832100476 832100476 832100476 832100476 832100476 832100476 832100476 832100476 832100476 832100476 832100476 832100476 
832100476 832100476 832100476 832100476 832100476 832100476 832100476 832100476 832100476 832100476 832100476 832100476 832100476 832100476 832100476 832100476 832100476 832100476 832100476 832100476 832100476 832100476 832100476 832100476 832100476 832100476 832100476 832100476 832100476 832100476 832100476 
832100476 832100476 832100476 832100476 832100476 832100476 832100476 832100476 832100476 832100476 832100476 832100476 832100476 832100476 832100476 832100476 832100476 832100476 832100476 832100476 832100476 832100476 832100476 832100476 832100476 832100476 832100476 832100476 832100476 832100476 832100476 
