832099092 832099088/n832100316 832100316 832100316 832100316 832100316 832100316 832100316 832100316 832100316 832100316 832100316 832100316 832100316 832100316 832100316 832100316 832100316 832100316 832100316 832100316 832100316 832100316 832100316 
832100316 832100316 832100316 832100316 832100316 832100316 832100316 832100316 832100316 832100316 832100316 832100316 832100316 832100316 832100316 832100316 832100316 832100316 832100316 832100316 832100316 832100316 832100316 
832100316 832100316 832100316 832100316 832100316 832100316 832100316 832100316 832100316 832100316 832100316 832100316 832100316 832100316 832100316 832100316 832100316 832100316 832100316 832100316 832100316 832100316 832100316 
832100316 832100316 832100316 832100316 832100316 832100316 832100316 832100316 832100316 832100316 832100316 832100316 832100316 832100316 832100316 832100316 832100316 832100316 832100316 832100316 832100316 832100316 832100316 
832100316 832100316 832100316 832100316 832100316 832100316 832100316 832100316 832100316 832100316 832100316 832100316 832100316 832100316 832100316 832100316 832100316 832100316 832100316 832100316 832100316 832100316 832100316 
832100316 832100316 832100316 832100316 832100316 832100316 832100316 832100316 832100316 832100316 832100316 832100316 832100316 832100316 832100316 832100316 832100316 832100316 832100316 832100316 832100316 832100316 832100316 
832100316 832100316 832100316 832100316 832100316 832100316 832100316 832100316 832100316 832100316 832100316 832100316 832100316 832100316 832100316 832100316 832100316 832100316 832100316 832100316 832100316 832100316 832100316 
832100316 832100316 832100316 832100316 832100316 832100316 832100316 832100316 832100316 832100316 832100316 832100316 832100316 832100316 832100316 832100316 832100316 832100316 832100316 832100316 832100316 832100316 832100316 
832100316 832100316 832100316 832100316 832100316 832100316 832100316 832100316 832100316 832100316 832100316 832100316 832100316 832100316 832100316 832100316 832100316 832100316 832100316 832100316 832100316 832100316 832100316 
832100316 832100316 832100316 832100316 832100316 832100316 832100316 832100316 832100316 832100316 832100316 832100316 832100316 832100316 832100316 832100316 832100316 832100316 832100316 832100316 832100316 832100316 832100316 
832100316 832100316 832100316 832100316 832100316 832100316 832100316 832100316 832100316 832100316 832100316 832100316 832100316 832100316 832100316 832100316 832100316 832100316 832100316 832100316 832100316 832100316 832100316 
832100316 832100316 832100316 832100316 832100316 832100316 832100316 832100316 832100316 832100316 832100316 832100316 832100316 832100316 832100316 832100316 832100316 832100316 832100316 832100316 832100316 832100316 832100316 
832100316 832100316 832100316 832100316 832100316 832100316 832100316 832100316 832100316 832100316 832100316 832100316 832100316 832100316 832100316 832100316 832100316 832100316 832100316 832100316 832100316 832100316 832100316 
832100316 832100316 832100316 832100316 832100316 832100316 832100316 832100316 832100316 832100316 832100316 832100316 832100316 832100316 832100316 832100316 832100316 832100316 832100316 832100316 832100316 832100316 832100316 
832100316 832100316 832100316 832100316 832100316 832100316 832100316 832100316 832100316 832100316 832100316 832100316 832100316 832100316 832100316 832100316 832100316 832100316 832100316 832100316 832100316 832100316 832100316 
832100316 832100316 832100316 832100316 832100316 832100316 832100316 832100316 832100316 832100316 832100316 832100316 832100316 832100316 832100316 832100316 832100316 832100316 832100316 832100316 832100316 832100316 832100316 
832100316 832100316 832100316 832100316 832100316 832100316 832100316 832100316 832100316 832100316 832100316 832100316 832100316 832100316 832100316 832100316 832100316 832100316 832100316 832100316 832100316 832100316 832100316 
832100316 832100316 832100316 832100316 832100316 832100316 832100316 832100316 832100316 832100316 832100316 832100316 832100316 832100316 832100316 832100316 832100316 832100316 832100316 832100316 832100316 832100316 832100316 
832100316 832100316 832100316 832100316 832100316 832100316 832100316 832100316 832100316 832100316 832100316 832100316 832100316 832100316 832100316 832100316 832100316 832100316 832100316 832100316 832100316 832100316 832100316 
832100316 832100316 832100316 832100316 832100316 832100316 832100316 832100316 832100316 832100316 832100316 832100316 832100316 832100316 832100316 832100316 832100316 832100316 832100316 832100316 832100316 832100316 832100316 
832100316 832100316 832100316 832100316 832100316 832100316 832100316 832100316 832100316 832100316 832100316 832100316 832100316 832100316 832100316 832100316 832100316 832100316 832100316 832100316 832100316 832100316 832100316 
832100316 832100316 832100316 832100316 832100316 832100316 832100316 832100316 832100316 832100316 832100316 832100316 832100316 832100316 832100316 832100316 832100316 832100316 832100316 832100316 832100316 832100316 832100316 
832100316 832100316 832100316 832100316 832100316 832100316 832100316 832100316 832100316 832100316 832100316 832100316 832100316 832100316 832100316 832100316 832100316 832100316 832100316 832100316 832100316 832100316 832100316 
832100316 832100316 832100316 832100316 832100316 832100316 832100316 832100316 832100316 832100316 832100316 832100316 832100316 832100316 832100316 832100316 832100316 832100316 832100316 832100316 832100316 832100316 832100316 
832100316 832100316 832100316 832100316 832100316 832100316 832100316 832100316 832100316 832100316 832100316 832100316 832100316 832100316 832100316 832100316 832100316 832100316 832100316 832100316 832100316 832100316 832100316 
832100316 832100316 832100316 832100316 832100316 832100316 832100316 832100316 832100316 832100316 832100316 832100316 832100316 832100316 832100316 832100316 832100316 832100316 832100316 832100316 832100316 832100316 832100316 
832100316 832100316 832100316 832100316 832100316 832100316 832100316 832100316 832100316 832100316 832100316 832100316 832100316 832100316 832100316 832100316 832100316 832100316 832100316 832100316 832100316 832100316 832100316 
832100316 832100316 832100316 832100316 832100316 832100316 832100316 832100316 832100316 832100316 832100316 832100316 832100316 832100316 832100316 832100316 832100316 832100316 832100316 832100316 832100316 832100316 832100316 
832100316 832100316 832100316 832100316 832100316 832100316 832100316 832100316 832100316 832100316 832100316 832100316 832100316 832100316 832100316 832100316 832100316 832100316 832100316 832100316 832100316 832100316 832100316 
832100316 832100316 832100316 832100316 832100316 832100316 832100316 832100316 832100316 832100316 832100316 832100316 832100316 832100316 832100316 832100316 832100316 832100316 832100316 832100316 832100316 832100316 832100316 
832100316 832100316 832100316 832100316 832100316 832100316 832100316 832100316 832100316 832100316 832100316 832100316 832100316 832100316 832100316 832100316 832100316 832100316 832100316 832100316 832100316 832100316 832100316 
832100316 832100316 832100316 832100316 832100316 832100316 832100316 832100316 832100316 832100316 832100316 832100316 832100316 832100316 832100316 832100316 832100316 832100316 832100316 832100316 832100316 832100316 832100316 
832100316 832100316 832100316 832100316 832100316 832100316 832100316 832100316 832100316 832100316 832100316 832100316 832100316 832100316 832100316 832100316 832100316 832100316 832100316 832100316 832100316 832100316 832100316 
832100316 832100316 832100316 832100316 832100316 832100316 832100316 832100316 832100316 832100316 832100316 832100316 832100316 832100316 832100316 832100316 832100316 832100316 832100316 832100316 832100316 832100316 832100316 
832100316 832100316 832100316 832100316 832100316 832100316 832100316 832100316 832100316 832100316 832100316 832100316 832100316 832100316 832100316 832100316 832100316 832100316 832100316 832100316 832100316 832100316 832100316 
832100316 832100316 832100316 832100316 832100316 832100316 832100316 832100316 832100316 832100316 832100316 832100316 832100316 832100316 832100316 832100316 832100316 832100316 832100316 832100316 832100316 832100316 832100316 
832100316 832100316 832100316 832100316 832100316 832100316 832100316 832100316 832100316 832100316 832100316 832100316 832100316 832100316 832100316 832100316 832100316 832100316 832100316 832100316 832100316 832100316 832100316 
832100316 832100316 832100316 832100316 832100316 832100316 832100316 832100316 832100316 832100316 832100316 832100316 832100316 832100316 832100316 832100316 832100316 832100316 832100316 832100316 832100316 832100316 832100316 
832100316 832100316 832100316 832100316 832100316 832100316 832100316 832100316 832100316 832100316 832100316 832100316 832100316 832100316 832100316 832100316 832100316 832100316 832100316 832100316 832100316 832100316 832100316 
832100316 832100316 832100316 832100316 832100316 832100316 832100316 832100316 832100316 832100316 832100316 832100316 832100316 832100316 832100316 832100316 832100316 832100316 832100316 832100316 832100316 832100316 832100316 
832100316 832100316 832100316 832100316 832100316 832100316 832100316 832100316 832100316 832100316 832100316 832100316 832100316 832100316 832100316 832100316 832100316 832100316 832100316 832100316 832100316 832100316 832100316 
832100316 832100316 832100316 832100316 832100316 832100316 832100316 832100316 832100316 832100316 832100316 832100316 832100316 832100316 832100316 832100316 832100316 832100316 832100316 832100316 832100316 832100316 832100316 
832100316 832100316 832100316 832100316 832100316 832100316 832100316 832100316 832100316 832100316 832100316 832100316 832100316 832100316 832100316 832100316 832100316 832100316 832100316 832100316 832100316 832100316 832100316 
832100316 832100316 832100316 832100316 832100316 832100316 832100316 832100316 832100316 832100316 832100316 832100316 832100316 832100316 832100316 832100316 832100316 832100316 832100316 832100316 832100316 832100316 832100316 
832100316 832100316 832100316 832100316 832100316 832100316 832100316 832100316 832100316 832100316 832100316 832100316 832100316 832100316 832100316 832100316 832100316 832100316 832100316 832100316 832100316 832100316 832100316 
832100316 832100316 832100316 832100316 832100316 832100316 832100316 832100316 832100316 832100316 832100316 832100316 832100316 832100316 832100316 832100316 832100316 832100316 832100316 832100316 832100316 832100316 832100316 
832100316 832100316 832100316 832100316 832100316 832100316 832100316 832100316 832100316 832100316 832100316 832100316 832100316 832100316 832100316 832100316 832100316 832100316 832100316 832100316 832100316 832100316 832100316 
832100316 832100316 832100316 832100316 832100316 832100316 832100316 832100316 832100316 832100316 832100316 832100316 832100316 832100316 832100316 832100316 832100316 832100316 832100316 832100316 832100316 832100316 832100316 
832100316 832100316 832100316 832100316 832100316 832100316 832100316 832100316 832100316 832100316 832100316 832100316 832100316 832100316 832100316 832100316 832100316 832100316 832100316 832100316 832100316 832100316 832100316 
832100316 832100316 832100316 832100316 832100316 832100316 832100316 832100316 832100316 832100316 832100316 832100316 832100316 832100316 832100316 832100316 832100316 832100316 832100316 832100316 832100316 832100316 832100316 
