832099092 832099088/n832100116 832100116 832100116 832100116 832100116 832100116 832100116 832100116 832100116 832100116 832100116 832100116 832100116 832100116 832100116 832100116 832100116 832100116 832100116 832100116 832100116 832100116 832100116 832100116 832100116 832100116 832100116 832100116 832100116 
832100116 832100116 832100116 832100116 832100116 832100116 832100116 832100116 832100116 832100116 832100116 832100116 832100116 832100116 832100116 832100116 832100116 832100116 832100116 832100116 832100116 832100116 832100116 832100116 832100116 832100116 832100116 832100116 832100116 
832100116 832100116 832100116 832100116 832100116 832100116 832100116 832100116 832100116 832100116 832100116 832100116 832100116 832100116 832100116 832100116 832100116 832100116 832100116 832100116 832100116 832100116 832100116 832100116 832100116 832100116 832100116 832100116 832100116 
832100116 832100116 832100116 832100116 832100116 832100116 832100116 832100116 832100116 832100116 832100116 832100116 832100116 832100116 832100116 832100116 832100116 832100116 832100116 832100116 832100116 832100116 832100116 832100116 832100116 832100116 832100116 832100116 832100116 
832100116 832100116 832100116 832100116 832100116 832100116 832100116 832100116 832100116 832100116 832100116 832100116 832100116 832100116 832100116 832100116 832100116 832100116 832100116 832100116 832100116 832100116 832100116 832100116 832100116 832100116 832100116 832100116 832100116 
832100116 832100116 832100116 832100116 832100116 832100116 832100116 832100116 832100116 832100116 832100116 832100116 832100116 832100116 832100116 832100116 832100116 832100116 832100116 832100116 832100116 832100116 832100116 832100116 832100116 832100116 832100116 832100116 832100116 
832100116 832100116 832100116 832100116 832100116 832100116 832100116 832100116 832100116 832100116 832100116 832100116 832100116 832100116 832100116 832100116 832100116 832100116 832100116 832100116 832100116 832100116 832100116 832100116 832100116 832100116 832100116 832100116 832100116 
832100116 832100116 832100116 832100116 832100116 832100116 832100116 832100116 832100116 832100116 832100116 832100116 832100116 832100116 832100116 832100116 832100116 832100116 832100116 832100116 832100116 832100116 832100116 832100116 832100116 832100116 832100116 832100116 832100116 
832100116 832100116 832100116 832100116 832100116 832100116 832100116 832100116 832100116 832100116 832100116 832100116 832100116 832100116 832100116 832100116 832100116 832100116 832100116 832100116 832100116 832100116 832100116 832100116 832100116 832100116 832100116 832100116 832100116 
832100116 832100116 832100116 832100116 832100116 832100116 832100116 832100116 832100116 832100116 832100116 832100116 832100116 832100116 832100116 832100116 832100116 832100116 832100116 832100116 832100116 832100116 832100116 832100116 832100116 832100116 832100116 832100116 832100116 
832100116 832100116 832100116 832100116 832100116 832100116 832100116 832100116 832100116 832100116 832100116 832100116 832100116 832100116 832100116 832100116 832100116 832100116 832100116 832100116 832100116 832100116 832100116 832100116 832100116 832100116 832100116 832100116 832100116 
832100116 832100116 832100116 832100116 832100116 832100116 832100116 832100116 832100116 832100116 832100116 832100116 832100116 832100116 832100116 832100116 832100116 832100116 832100116 832100116 832100116 832100116 832100116 832100116 832100116 832100116 832100116 832100116 832100116 
832100116 832100116 832100116 832100116 832100116 832100116 832100116 832100116 832100116 832100116 832100116 832100116 832100116 832100116 832100116 832100116 832100116 832100116 832100116 832100116 832100116 832100116 832100116 832100116 832100116 832100116 832100116 832100116 832100116 
832100116 832100116 832100116 832100116 832100116 832100116 832100116 832100116 832100116 832100116 832100116 832100116 832100116 832100116 832100116 832100116 832100116 832100116 832100116 832100116 832100116 832100116 832100116 832100116 832100116 832100116 832100116 832100116 832100116 
832100116 832100116 832100116 832100116 832100116 832100116 832100116 832100116 832100116 832100116 832100116 832100116 832100116 832100116 832100116 832100116 832100116 832100116 832100116 832100116 832100116 832100116 832100116 832100116 832100116 832100116 832100116 832100116 832100116 
832100116 832100116 832100116 832100116 832100116 832100116 832100116 832100116 832100116 832100116 832100116 832100116 832100116 832100116 832100116 832100116 832100116 832100116 832100116 832100116 832100116 832100116 832100116 832100116 832100116 832100116 832100116 832100116 832100116 
832100116 832100116 832100116 832100116 832100116 832100116 832100116 832100116 832100116 832100116 832100116 832100116 832100116 832100116 832100116 832100116 832100116 832100116 832100116 832100116 832100116 832100116 832100116 832100116 832100116 832100116 832100116 832100116 832100116 
832100116 832100116 832100116 832100116 832100116 832100116 832100116 832100116 832100116 832100116 832100116 832100116 832100116 832100116 832100116 832100116 832100116 832100116 832100116 832100116 832100116 832100116 832100116 832100116 832100116 832100116 832100116 832100116 832100116 
832100116 832100116 832100116 832100116 832100116 832100116 832100116 832100116 832100116 832100116 832100116 832100116 832100116 832100116 832100116 832100116 832100116 832100116 832100116 832100116 832100116 832100116 832100116 832100116 832100116 832100116 832100116 832100116 832100116 
832100116 832100116 832100116 832100116 832100116 832100116 832100116 832100116 832100116 832100116 832100116 832100116 832100116 832100116 832100116 832100116 832100116 832100116 832100116 832100116 832100116 832100116 832100116 832100116 832100116 832100116 832100116 832100116 832100116 
832100116 832100116 832100116 832100116 832100116 832100116 832100116 832100116 832100116 832100116 832100116 832100116 832100116 832100116 832100116 832100116 832100116 832100116 832100116 832100116 832100116 832100116 832100116 832100116 832100116 832100116 832100116 832100116 832100116 
832100116 832100116 832100116 832100116 832100116 832100116 832100116 832100116 832100116 832100116 832100116 832100116 832100116 832100116 832100116 832100116 832100116 832100116 832100116 832100116 832100116 832100116 832100116 832100116 832100116 832100116 832100116 832100116 832100116 
832100116 832100116 832100116 832100116 832100116 832100116 832100116 832100116 832100116 832100116 832100116 832100116 832100116 832100116 832100116 832100116 832100116 832100116 832100116 832100116 832100116 832100116 832100116 832100116 832100116 832100116 832100116 832100116 832100116 
832100116 832100116 832100116 832100116 832100116 832100116 832100116 832100116 832100116 832100116 832100116 832100116 832100116 832100116 832100116 832100116 832100116 832100116 832100116 832100116 832100116 832100116 832100116 832100116 832100116 832100116 832100116 832100116 832100116 
832100116 832100116 832100116 832100116 832100116 832100116 832100116 832100116 832100116 832100116 832100116 832100116 832100116 832100116 832100116 832100116 832100116 832100116 832100116 832100116 832100116 832100116 832100116 832100116 832100116 832100116 832100116 832100116 832100116 
832100116 832100116 832100116 832100116 832100116 832100116 832100116 832100116 832100116 832100116 832100116 832100116 832100116 832100116 832100116 832100116 832100116 832100116 832100116 832100116 832100116 832100116 832100116 832100116 832100116 832100116 832100116 832100116 832100116 
832100116 832100116 832100116 832100116 832100116 832100116 832100116 832100116 832100116 832100116 832100116 832100116 832100116 832100116 832100116 832100116 832100116 832100116 832100116 832100116 832100116 832100116 832100116 832100116 832100116 832100116 832100116 832100116 832100116 
832100116 832100116 832100116 832100116 832100116 832100116 832100116 832100116 832100116 832100116 832100116 832100116 832100116 832100116 832100116 832100116 832100116 832100116 832100116 832100116 832100116 832100116 832100116 832100116 832100116 832100116 832100116 832100116 832100116 
832100116 832100116 832100116 832100116 832100116 832100116 832100116 832100116 832100116 832100116 832100116 832100116 832100116 832100116 832100116 832100116 832100116 832100116 832100116 832100116 832100116 832100116 832100116 832100116 832100116 832100116 832100116 832100116 832100116 
832100116 832100116 832100116 832100116 832100116 832100116 832100116 832100116 832100116 832100116 832100116 832100116 832100116 832100116 832100116 832100116 832100116 832100116 832100116 832100116 832100116 832100116 832100116 832100116 832100116 832100116 832100116 832100116 832100116 
832100116 832100116 832100116 832100116 832100116 832100116 832100116 832100116 832100116 832100116 832100116 832100116 832100116 832100116 832100116 832100116 832100116 832100116 832100116 832100116 832100116 832100116 832100116 832100116 832100116 832100116 832100116 832100116 832100116 
832100116 832100116 832100116 832100116 832100116 832100116 832100116 832100116 832100116 832100116 832100116 832100116 832100116 832100116 832100116 832100116 832100116 832100116 832100116 832100116 832100116 832100116 832100116 832100116 832100116 832100116 832100116 832100116 832100116 
832100116 832100116 832100116 832100116 832100116 832100116 832100116 832100116 832100116 832100116 832100116 832100116 832100116 832100116 832100116 832100116 832100116 832100116 832100116 832100116 832100116 832100116 832100116 832100116 832100116 832100116 832100116 832100116 832100116 
832100116 832100116 832100116 832100116 832100116 832100116 832100116 832100116 832100116 832100116 832100116 832100116 832100116 832100116 832100116 832100116 832100116 832100116 832100116 832100116 832100116 832100116 832100116 832100116 832100116 832100116 832100116 832100116 832100116 
832100116 832100116 832100116 832100116 832100116 832100116 832100116 832100116 832100116 832100116 832100116 832100116 832100116 832100116 832100116 832100116 832100116 832100116 832100116 832100116 832100116 832100116 832100116 832100116 832100116 832100116 832100116 832100116 832100116 
832100116 832100116 832100116 832100116 832100116 832100116 832100116 832100116 832100116 832100116 832100116 832100116 832100116 832100116 832100116 832100116 832100116 832100116 832100116 832100116 832100116 832100116 832100116 832100116 832100116 832100116 832100116 832100116 832100116 
