832099092 832099088/n832100064 832100064 832100064 832100064 832100064 832100064 832100064 832100064 832100064 832100064 832100064 832100064 832100064 832100064 832100064 832100064 
832100064 832100064 832100064 832100064 832100064 832100064 832100064 832100064 832100064 832100064 832100064 832100064 832100064 832100064 832100064 832100064 
832100064 832100064 832100064 832100064 832100064 832100064 832100064 832100064 832100064 832100064 832100064 832100064 832100064 832100064 832100064 832100064 
832100064 832100064 832100064 832100064 832100064 832100064 832100064 832100064 832100064 832100064 832100064 832100064 832100064 832100064 832100064 832100064 
832100064 832100064 832100064 832100064 832100064 832100064 832100064 832100064 832100064 832100064 832100064 832100064 832100064 832100064 832100064 832100064 
832100064 832100064 832100064 832100064 832100064 832100064 832100064 832100064 832100064 832100064 832100064 832100064 832100064 832100064 832100064 832100064 
832100064 832100064 832100064 832100064 832100064 832100064 832100064 832100064 832100064 832100064 832100064 832100064 832100064 832100064 832100064 832100064 
832100064 832100064 832100064 832100064 832100064 832100064 832100064 832100064 832100064 832100064 832100064 832100064 832100064 832100064 832100064 832100064 
832100064 832100064 832100064 832100064 832100064 832100064 832100064 832100064 832100064 832100064 832100064 832100064 832100064 832100064 832100064 832100064 
832100064 832100064 832100064 832100064 832100064 832100064 832100064 832100064 832100064 832100064 832100064 832100064 832100064 832100064 832100064 832100064 
832100064 832100064 832100064 832100064 832100064 832100064 832100064 832100064 832100064 832100064 832100064 832100064 832100064 832100064 832100064 832100064 
832100064 832100064 832100064 832100064 832100064 832100064 832100064 832100064 832100064 832100064 832100064 832100064 832100064 832100064 832100064 832100064 
832100064 832100064 832100064 832100064 832100064 832100064 832100064 832100064 832100064 832100064 832100064 832100064 832100064 832100064 832100064 832100064 
832100064 832100064 832100064 832100064 832100064 832100064 832100064 832100064 832100064 832100064 832100064 832100064 832100064 832100064 832100064 832100064 
832100064 832100064 832100064 832100064 832100064 832100064 832100064 832100064 832100064 832100064 832100064 832100064 832100064 832100064 832100064 832100064 
832100064 832100064 832100064 832100064 832100064 832100064 832100064 832100064 832100064 832100064 832100064 832100064 832100064 832100064 832100064 832100064 
832100064 832100064 832100064 832100064 832100064 832100064 832100064 832100064 832100064 832100064 832100064 832100064 832100064 832100064 832100064 832100064 
832100064 832100064 832100064 832100064 832100064 832100064 832100064 832100064 832100064 832100064 832100064 832100064 832100064 832100064 832100064 832100064 
832100064 832100064 832100064 832100064 832100064 832100064 832100064 832100064 832100064 832100064 832100064 832100064 832100064 832100064 832100064 832100064 
832100064 832100064 832100064 832100064 832100064 832100064 832100064 832100064 832100064 832100064 832100064 832100064 832100064 832100064 832100064 832100064 
832100064 832100064 832100064 832100064 832100064 832100064 832100064 832100064 832100064 832100064 832100064 832100064 832100064 832100064 832100064 832100064 
832100064 832100064 832100064 832100064 832100064 832100064 832100064 832100064 832100064 832100064 832100064 832100064 832100064 832100064 832100064 832100064 
832100064 832100064 832100064 832100064 832100064 832100064 832100064 832100064 832100064 832100064 832100064 832100064 832100064 832100064 832100064 832100064 
832100064 832100064 832100064 832100064 832100064 832100064 832100064 832100064 832100064 832100064 832100064 832100064 832100064 832100064 832100064 832100064 
832100064 832100064 832100064 832100064 832100064 832100064 832100064 832100064 832100064 832100064 832100064 832100064 832100064 832100064 832100064 832100064 
832100064 832100064 832100064 832100064 832100064 832100064 832100064 832100064 832100064 832100064 832100064 832100064 832100064 832100064 832100064 832100064 
832100064 832100064 832100064 832100064 832100064 832100064 832100064 832100064 832100064 832100064 832100064 832100064 832100064 832100064 832100064 832100064 
832100064 832100064 832100064 832100064 832100064 832100064 832100064 832100064 832100064 832100064 832100064 832100064 832100064 832100064 832100064 832100064 
832100064 832100064 832100064 832100064 832100064 832100064 832100064 832100064 832100064 832100064 832100064 832100064 832100064 832100064 832100064 832100064 
832100064 832100064 832100064 832100064 832100064 832100064 832100064 832100064 832100064 832100064 832100064 832100064 832100064 832100064 832100064 832100064 
832100064 832100064 832100064 832100064 832100064 832100064 832100064 832100064 832100064 832100064 832100064 832100064 832100064 832100064 832100064 832100064 
832100064 832100064 832100064 832100064 832100064 832100064 832100064 832100064 832100064 832100064 832100064 832100064 832100064 832100064 832100064 832100064 
832100064 832100064 832100064 832100064 832100064 832100064 832100064 832100064 832100064 832100064 832100064 832100064 832100064 832100064 832100064 832100064 
832100064 832100064 832100064 832100064 832100064 832100064 832100064 832100064 832100064 832100064 832100064 832100064 832100064 832100064 832100064 832100064 
832100064 832100064 832100064 832100064 832100064 832100064 832100064 832100064 832100064 832100064 832100064 832100064 832100064 832100064 832100064 832100064 
832100064 832100064 832100064 832100064 832100064 832100064 832100064 832100064 832100064 832100064 832100064 832100064 832100064 832100064 832100064 832100064 
