832099092 832099088/n832099776 832099776 832099776 832099776 832099776 832099776 832099776 832099776 
832099776 832099776 832099776 832099776 832099776 832099776 832099776 832099776 
832099776 832099776 832099776 832099776 832099776 832099776 832099776 832099776 
832099776 832099776 832099776 832099776 832099776 832099776 832099776 832099776 
832099776 832099776 832099776 832099776 832099776 832099776 832099776 832099776 
832099776 832099776 832099776 832099776 832099776 832099776 832099776 832099776 
832099776 832099776 832099776 832099776 832099776 832099776 832099776 832099776 
832099776 832099776 832099776 832099776 832099776 832099776 832099776 832099776 
832099776 832099776 832099776 832099776 832099776 832099776 832099776 832099776 
832099776 832099776 832099776 832099776 832099776 832099776 832099776 832099776 
832099776 832099776 832099776 832099776 832099776 832099776 832099776 832099776 
832099776 832099776 832099776 832099776 832099776 832099776 832099776 832099776 
832099776 832099776 832099776 832099776 832099776 832099776 832099776 832099776 
832099776 832099776 832099776 832099776 832099776 832099776 832099776 832099776 
832099776 832099776 832099776 832099776 832099776 832099776 832099776 832099776 
832099776 832099776 832099776 832099776 832099776 832099776 832099776 832099776 
832099776 832099776 832099776 832099776 832099776 832099776 832099776 832099776 
832099776 832099776 832099776 832099776 832099776 832099776 832099776 832099776 
832099776 832099776 832099776 832099776 832099776 832099776 832099776 832099776 
832099776 832099776 832099776 832099776 832099776 832099776 832099776 832099776 
