832099092 832099088/n832099904 832099904 832099904 832099904 832099904 832099904 832099904 832099904 832099904 832099904 832099904 832099904 
832099904 832099904 832099904 832099904 832099904 832099904 832099904 832099904 832099904 832099904 832099904 832099904 
832099904 832099904 832099904 832099904 832099904 832099904 832099904 832099904 832099904 832099904 832099904 832099904 
832099904 832099904 832099904 832099904 832099904 832099904 832099904 832099904 832099904 832099904 832099904 832099904 
832099904 832099904 832099904 832099904 832099904 832099904 832099904 832099904 832099904 832099904 832099904 832099904 
832099904 832099904 832099904 832099904 832099904 832099904 832099904 832099904 832099904 832099904 832099904 832099904 
832099904 832099904 832099904 832099904 832099904 832099904 832099904 832099904 832099904 832099904 832099904 832099904 
832099904 832099904 832099904 832099904 832099904 832099904 832099904 832099904 832099904 832099904 832099904 832099904 
832099904 832099904 832099904 832099904 832099904 832099904 832099904 832099904 832099904 832099904 832099904 832099904 
832099904 832099904 832099904 832099904 832099904 832099904 832099904 832099904 832099904 832099904 832099904 832099904 
832099904 832099904 832099904 832099904 832099904 832099904 832099904 832099904 832099904 832099904 832099904 832099904 
832099904 832099904 832099904 832099904 832099904 832099904 832099904 832099904 832099904 832099904 832099904 832099904 
832099904 832099904 832099904 832099904 832099904 832099904 832099904 832099904 832099904 832099904 832099904 832099904 
832099904 832099904 832099904 832099904 832099904 832099904 832099904 832099904 832099904 832099904 832099904 832099904 
832099904 832099904 832099904 832099904 832099904 832099904 832099904 832099904 832099904 832099904 832099904 832099904 
832099904 832099904 832099904 832099904 832099904 832099904 832099904 832099904 832099904 832099904 832099904 832099904 
832099904 832099904 832099904 832099904 832099904 832099904 832099904 832099904 832099904 832099904 832099904 832099904 
832099904 832099904 832099904 832099904 832099904 832099904 832099904 832099904 832099904 832099904 832099904 832099904 
832099904 832099904 832099904 832099904 832099904 832099904 832099904 832099904 832099904 832099904 832099904 832099904 
832099904 832099904 832099904 832099904 832099904 832099904 832099904 832099904 832099904 832099904 832099904 832099904 
832099904 832099904 832099904 832099904 832099904 832099904 832099904 832099904 832099904 832099904 832099904 832099904 
832099904 832099904 832099904 832099904 832099904 832099904 832099904 832099904 832099904 832099904 832099904 832099904 
832099904 832099904 832099904 832099904 832099904 832099904 832099904 832099904 832099904 832099904 832099904 832099904 
832099904 832099904 832099904 832099904 832099904 832099904 832099904 832099904 832099904 832099904 832099904 832099904 
832099904 832099904 832099904 832099904 832099904 832099904 832099904 832099904 832099904 832099904 832099904 832099904 
832099904 832099904 832099904 832099904 832099904 832099904 832099904 832099904 832099904 832099904 832099904 832099904 
832099904 832099904 832099904 832099904 832099904 832099904 832099904 832099904 832099904 832099904 832099904 832099904 
