832099092 832099088/n832100016 832100016 832100016 832100016 832100016 832100016 832100016 832100016 832100016 832100016 832100016 832100016 
832100016 832100016 832100016 832100016 832100016 832100016 832100016 832100016 832100016 832100016 832100016 832100016 
832100016 832100016 832100016 832100016 832100016 832100016 832100016 832100016 832100016 832100016 832100016 832100016 
832100016 832100016 832100016 832100016 832100016 832100016 832100016 832100016 832100016 832100016 832100016 832100016 
832100016 832100016 832100016 832100016 832100016 832100016 832100016 832100016 832100016 832100016 832100016 832100016 
832100016 832100016 832100016 832100016 832100016 832100016 832100016 832100016 832100016 832100016 832100016 832100016 
832100016 832100016 832100016 832100016 832100016 832100016 832100016 832100016 832100016 832100016 832100016 832100016 
832100016 832100016 832100016 832100016 832100016 832100016 832100016 832100016 832100016 832100016 832100016 832100016 
832100016 832100016 832100016 832100016 832100016 832100016 832100016 832100016 832100016 832100016 832100016 832100016 
832100016 832100016 832100016 832100016 832100016 832100016 832100016 832100016 832100016 832100016 832100016 832100016 
832100016 832100016 832100016 832100016 832100016 832100016 832100016 832100016 832100016 832100016 832100016 832100016 
832100016 832100016 832100016 832100016 832100016 832100016 832100016 832100016 832100016 832100016 832100016 832100016 
832100016 832100016 832100016 832100016 832100016 832100016 832100016 832100016 832100016 832100016 832100016 832100016 
832100016 832100016 832100016 832100016 832100016 832100016 832100016 832100016 832100016 832100016 832100016 832100016 
832100016 832100016 832100016 832100016 832100016 832100016 832100016 832100016 832100016 832100016 832100016 832100016 
832100016 832100016 832100016 832100016 832100016 832100016 832100016 832100016 832100016 832100016 832100016 832100016 
832100016 832100016 832100016 832100016 832100016 832100016 832100016 832100016 832100016 832100016 832100016 832100016 
832100016 832100016 832100016 832100016 832100016 832100016 832100016 832100016 832100016 832100016 832100016 832100016 
832100016 832100016 832100016 832100016 832100016 832100016 832100016 832100016 832100016 832100016 832100016 832100016 
832100016 832100016 832100016 832100016 832100016 832100016 832100016 832100016 832100016 832100016 832100016 832100016 
832100016 832100016 832100016 832100016 832100016 832100016 832100016 832100016 832100016 832100016 832100016 832100016 
832100016 832100016 832100016 832100016 832100016 832100016 832100016 832100016 832100016 832100016 832100016 832100016 
832100016 832100016 832100016 832100016 832100016 832100016 832100016 832100016 832100016 832100016 832100016 832100016 
832100016 832100016 832100016 832100016 832100016 832100016 832100016 832100016 832100016 832100016 832100016 832100016 
832100016 832100016 832100016 832100016 832100016 832100016 832100016 832100016 832100016 832100016 832100016 832100016 
832100016 832100016 832100016 832100016 832100016 832100016 832100016 832100016 832100016 832100016 832100016 832100016 
832100016 832100016 832100016 832100016 832100016 832100016 832100016 832100016 832100016 832100016 832100016 832100016 
832100016 832100016 832100016 832100016 832100016 832100016 832100016 832100016 832100016 832100016 832100016 832100016 
832100016 832100016 832100016 832100016 832100016 832100016 832100016 832100016 832100016 832100016 832100016 832100016 
832100016 832100016 832100016 832100016 832100016 832100016 832100016 832100016 832100016 832100016 832100016 832100016 
832100016 832100016 832100016 832100016 832100016 832100016 832100016 832100016 832100016 832100016 832100016 832100016 
832100016 832100016 832100016 832100016 832100016 832100016 832100016 832100016 832100016 832100016 832100016 832100016 
832100016 832100016 832100016 832100016 832100016 832100016 832100016 832100016 832100016 832100016 832100016 832100016 
832100016 832100016 832100016 832100016 832100016 832100016 832100016 832100016 832100016 832100016 832100016 832100016 
