832099092 832099088/n832100220 832100220 832100220 832100220 832100220 832100220 832100220 832100220 832100220 832100220 832100220 832100220 832100220 832100220 832100220 832100220 832100220 832100220 832100220 832100220 832100220 832100220 832100220 832100220 832100220 832100220 832100220 
832100220 832100220 832100220 832100220 832100220 832100220 832100220 832100220 832100220 832100220 832100220 832100220 832100220 832100220 832100220 832100220 832100220 832100220 832100220 832100220 832100220 832100220 832100220 832100220 832100220 832100220 832100220 
832100220 832100220 832100220 832100220 832100220 832100220 832100220 832100220 832100220 832100220 832100220 832100220 832100220 832100220 832100220 832100220 832100220 832100220 832100220 832100220 832100220 832100220 832100220 832100220 832100220 832100220 832100220 
832100220 832100220 832100220 832100220 832100220 832100220 832100220 832100220 832100220 832100220 832100220 832100220 832100220 832100220 832100220 832100220 832100220 832100220 832100220 832100220 832100220 832100220 832100220 832100220 832100220 832100220 832100220 
832100220 832100220 832100220 832100220 832100220 832100220 832100220 832100220 832100220 832100220 832100220 832100220 832100220 832100220 832100220 832100220 832100220 832100220 832100220 832100220 832100220 832100220 832100220 832100220 832100220 832100220 832100220 
832100220 832100220 832100220 832100220 832100220 832100220 832100220 832100220 832100220 832100220 832100220 832100220 832100220 832100220 832100220 832100220 832100220 832100220 832100220 832100220 832100220 832100220 832100220 832100220 832100220 832100220 832100220 
832100220 832100220 832100220 832100220 832100220 832100220 832100220 832100220 832100220 832100220 832100220 832100220 832100220 832100220 832100220 832100220 832100220 832100220 832100220 832100220 832100220 832100220 832100220 832100220 832100220 832100220 832100220 
832100220 832100220 832100220 832100220 832100220 832100220 832100220 832100220 832100220 832100220 832100220 832100220 832100220 832100220 832100220 832100220 832100220 832100220 832100220 832100220 832100220 832100220 832100220 832100220 832100220 832100220 832100220 
832100220 832100220 832100220 832100220 832100220 832100220 832100220 832100220 832100220 832100220 832100220 832100220 832100220 832100220 832100220 832100220 832100220 832100220 832100220 832100220 832100220 832100220 832100220 832100220 832100220 832100220 832100220 
832100220 832100220 832100220 832100220 832100220 832100220 832100220 832100220 832100220 832100220 832100220 832100220 832100220 832100220 832100220 832100220 832100220 832100220 832100220 832100220 832100220 832100220 832100220 832100220 832100220 832100220 832100220 
832100220 832100220 832100220 832100220 832100220 832100220 832100220 832100220 832100220 832100220 832100220 832100220 832100220 832100220 832100220 832100220 832100220 832100220 832100220 832100220 832100220 832100220 832100220 832100220 832100220 832100220 832100220 
832100220 832100220 832100220 832100220 832100220 832100220 832100220 832100220 832100220 832100220 832100220 832100220 832100220 832100220 832100220 832100220 832100220 832100220 832100220 832100220 832100220 832100220 832100220 832100220 832100220 832100220 832100220 
832100220 832100220 832100220 832100220 832100220 832100220 832100220 832100220 832100220 832100220 832100220 832100220 832100220 832100220 832100220 832100220 832100220 832100220 832100220 832100220 832100220 832100220 832100220 832100220 832100220 832100220 832100220 
832100220 832100220 832100220 832100220 832100220 832100220 832100220 832100220 832100220 832100220 832100220 832100220 832100220 832100220 832100220 832100220 832100220 832100220 832100220 832100220 832100220 832100220 832100220 832100220 832100220 832100220 832100220 
832100220 832100220 832100220 832100220 832100220 832100220 832100220 832100220 832100220 832100220 832100220 832100220 832100220 832100220 832100220 832100220 832100220 832100220 832100220 832100220 832100220 832100220 832100220 832100220 832100220 832100220 832100220 
832100220 832100220 832100220 832100220 832100220 832100220 832100220 832100220 832100220 832100220 832100220 832100220 832100220 832100220 832100220 832100220 832100220 832100220 832100220 832100220 832100220 832100220 832100220 832100220 832100220 832100220 832100220 
832100220 832100220 832100220 832100220 832100220 832100220 832100220 832100220 832100220 832100220 832100220 832100220 832100220 832100220 832100220 832100220 832100220 832100220 832100220 832100220 832100220 832100220 832100220 832100220 832100220 832100220 832100220 
832100220 832100220 832100220 832100220 832100220 832100220 832100220 832100220 832100220 832100220 832100220 832100220 832100220 832100220 832100220 832100220 832100220 832100220 832100220 832100220 832100220 832100220 832100220 832100220 832100220 832100220 832100220 
832100220 832100220 832100220 832100220 832100220 832100220 832100220 832100220 832100220 832100220 832100220 832100220 832100220 832100220 832100220 832100220 832100220 832100220 832100220 832100220 832100220 832100220 832100220 832100220 832100220 832100220 832100220 
832100220 832100220 832100220 832100220 832100220 832100220 832100220 832100220 832100220 832100220 832100220 832100220 832100220 832100220 832100220 832100220 832100220 832100220 832100220 832100220 832100220 832100220 832100220 832100220 832100220 832100220 832100220 
832100220 832100220 832100220 832100220 832100220 832100220 832100220 832100220 832100220 832100220 832100220 832100220 832100220 832100220 832100220 832100220 832100220 832100220 832100220 832100220 832100220 832100220 832100220 832100220 832100220 832100220 832100220 
832100220 832100220 832100220 832100220 832100220 832100220 832100220 832100220 832100220 832100220 832100220 832100220 832100220 832100220 832100220 832100220 832100220 832100220 832100220 832100220 832100220 832100220 832100220 832100220 832100220 832100220 832100220 
832100220 832100220 832100220 832100220 832100220 832100220 832100220 832100220 832100220 832100220 832100220 832100220 832100220 832100220 832100220 832100220 832100220 832100220 832100220 832100220 832100220 832100220 832100220 832100220 832100220 832100220 832100220 
832100220 832100220 832100220 832100220 832100220 832100220 832100220 832100220 832100220 832100220 832100220 832100220 832100220 832100220 832100220 832100220 832100220 832100220 832100220 832100220 832100220 832100220 832100220 832100220 832100220 832100220 832100220 
832100220 832100220 832100220 832100220 832100220 832100220 832100220 832100220 832100220 832100220 832100220 832100220 832100220 832100220 832100220 832100220 832100220 832100220 832100220 832100220 832100220 832100220 832100220 832100220 832100220 832100220 832100220 
832100220 832100220 832100220 832100220 832100220 832100220 832100220 832100220 832100220 832100220 832100220 832100220 832100220 832100220 832100220 832100220 832100220 832100220 832100220 832100220 832100220 832100220 832100220 832100220 832100220 832100220 832100220 
832100220 832100220 832100220 832100220 832100220 832100220 832100220 832100220 832100220 832100220 832100220 832100220 832100220 832100220 832100220 832100220 832100220 832100220 832100220 832100220 832100220 832100220 832100220 832100220 832100220 832100220 832100220 
832100220 832100220 832100220 832100220 832100220 832100220 832100220 832100220 832100220 832100220 832100220 832100220 832100220 832100220 832100220 832100220 832100220 832100220 832100220 832100220 832100220 832100220 832100220 832100220 832100220 832100220 832100220 
832100220 832100220 832100220 832100220 832100220 832100220 832100220 832100220 832100220 832100220 832100220 832100220 832100220 832100220 832100220 832100220 832100220 832100220 832100220 832100220 832100220 832100220 832100220 832100220 832100220 832100220 832100220 
832100220 832100220 832100220 832100220 832100220 832100220 832100220 832100220 832100220 832100220 832100220 832100220 832100220 832100220 832100220 832100220 832100220 832100220 832100220 832100220 832100220 832100220 832100220 832100220 832100220 832100220 832100220 
832100220 832100220 832100220 832100220 832100220 832100220 832100220 832100220 832100220 832100220 832100220 832100220 832100220 832100220 832100220 832100220 832100220 832100220 832100220 832100220 832100220 832100220 832100220 832100220 832100220 832100220 832100220 
832100220 832100220 832100220 832100220 832100220 832100220 832100220 832100220 832100220 832100220 832100220 832100220 832100220 832100220 832100220 832100220 832100220 832100220 832100220 832100220 832100220 832100220 832100220 832100220 832100220 832100220 832100220 
832100220 832100220 832100220 832100220 832100220 832100220 832100220 832100220 832100220 832100220 832100220 832100220 832100220 832100220 832100220 832100220 832100220 832100220 832100220 832100220 832100220 832100220 832100220 832100220 832100220 832100220 832100220 
832100220 832100220 832100220 832100220 832100220 832100220 832100220 832100220 832100220 832100220 832100220 832100220 832100220 832100220 832100220 832100220 832100220 832100220 832100220 832100220 832100220 832100220 832100220 832100220 832100220 832100220 832100220 
832100220 832100220 832100220 832100220 832100220 832100220 832100220 832100220 832100220 832100220 832100220 832100220 832100220 832100220 832100220 832100220 832100220 832100220 832100220 832100220 832100220 832100220 832100220 832100220 832100220 832100220 832100220 
832100220 832100220 832100220 832100220 832100220 832100220 832100220 832100220 832100220 832100220 832100220 832100220 832100220 832100220 832100220 832100220 832100220 832100220 832100220 832100220 832100220 832100220 832100220 832100220 832100220 832100220 832100220 
832100220 832100220 832100220 832100220 832100220 832100220 832100220 832100220 832100220 832100220 832100220 832100220 832100220 832100220 832100220 832100220 832100220 832100220 832100220 832100220 832100220 832100220 832100220 832100220 832100220 832100220 832100220 
832100220 832100220 832100220 832100220 832100220 832100220 832100220 832100220 832100220 832100220 832100220 832100220 832100220 832100220 832100220 832100220 832100220 832100220 832100220 832100220 832100220 832100220 832100220 832100220 832100220 832100220 832100220 
832100220 832100220 832100220 832100220 832100220 832100220 832100220 832100220 832100220 832100220 832100220 832100220 832100220 832100220 832100220 832100220 832100220 832100220 832100220 832100220 832100220 832100220 832100220 832100220 832100220 832100220 832100220 
832100220 832100220 832100220 832100220 832100220 832100220 832100220 832100220 832100220 832100220 832100220 832100220 832100220 832100220 832100220 832100220 832100220 832100220 832100220 832100220 832100220 832100220 832100220 832100220 832100220 832100220 832100220 
832100220 832100220 832100220 832100220 832100220 832100220 832100220 832100220 832100220 832100220 832100220 832100220 832100220 832100220 832100220 832100220 832100220 832100220 832100220 832100220 832100220 832100220 832100220 832100220 832100220 832100220 832100220 
832100220 832100220 832100220 832100220 832100220 832100220 832100220 832100220 832100220 832100220 832100220 832100220 832100220 832100220 832100220 832100220 832100220 832100220 832100220 832100220 832100220 832100220 832100220 832100220 832100220 832100220 832100220 
832100220 832100220 832100220 832100220 832100220 832100220 832100220 832100220 832100220 832100220 832100220 832100220 832100220 832100220 832100220 832100220 832100220 832100220 832100220 832100220 832100220 832100220 832100220 832100220 832100220 832100220 832100220 
