832099092 832099088/n832100160 832100160 832100160 832100160 832100160 832100160 832100160 832100160 832100160 832100160 832100160 832100160 832100160 832100160 832100160 832100160 832100160 832100160 832100160 832100160 832100160 832100160 832100160 832100160 832100160 832100160 832100160 832100160 
832100160 832100160 832100160 832100160 832100160 832100160 832100160 832100160 832100160 832100160 832100160 832100160 832100160 832100160 832100160 832100160 832100160 832100160 832100160 832100160 832100160 832100160 832100160 832100160 832100160 832100160 832100160 832100160 
832100160 832100160 832100160 832100160 832100160 832100160 832100160 832100160 832100160 832100160 832100160 832100160 832100160 832100160 832100160 832100160 832100160 832100160 832100160 832100160 832100160 832100160 832100160 832100160 832100160 832100160 832100160 832100160 
832100160 832100160 832100160 832100160 832100160 832100160 832100160 832100160 832100160 832100160 832100160 832100160 832100160 832100160 832100160 832100160 832100160 832100160 832100160 832100160 832100160 832100160 832100160 832100160 832100160 832100160 832100160 832100160 
832100160 832100160 832100160 832100160 832100160 832100160 832100160 832100160 832100160 832100160 832100160 832100160 832100160 832100160 832100160 832100160 832100160 832100160 832100160 832100160 832100160 832100160 832100160 832100160 832100160 832100160 832100160 832100160 
832100160 832100160 832100160 832100160 832100160 832100160 832100160 832100160 832100160 832100160 832100160 832100160 832100160 832100160 832100160 832100160 832100160 832100160 832100160 832100160 832100160 832100160 832100160 832100160 832100160 832100160 832100160 832100160 
832100160 832100160 832100160 832100160 832100160 832100160 832100160 832100160 832100160 832100160 832100160 832100160 832100160 832100160 832100160 832100160 832100160 832100160 832100160 832100160 832100160 832100160 832100160 832100160 832100160 832100160 832100160 832100160 
832100160 832100160 832100160 832100160 832100160 832100160 832100160 832100160 832100160 832100160 832100160 832100160 832100160 832100160 832100160 832100160 832100160 832100160 832100160 832100160 832100160 832100160 832100160 832100160 832100160 832100160 832100160 832100160 
832100160 832100160 832100160 832100160 832100160 832100160 832100160 832100160 832100160 832100160 832100160 832100160 832100160 832100160 832100160 832100160 832100160 832100160 832100160 832100160 832100160 832100160 832100160 832100160 832100160 832100160 832100160 832100160 
832100160 832100160 832100160 832100160 832100160 832100160 832100160 832100160 832100160 832100160 832100160 832100160 832100160 832100160 832100160 832100160 832100160 832100160 832100160 832100160 832100160 832100160 832100160 832100160 832100160 832100160 832100160 832100160 
832100160 832100160 832100160 832100160 832100160 832100160 832100160 832100160 832100160 832100160 832100160 832100160 832100160 832100160 832100160 832100160 832100160 832100160 832100160 832100160 832100160 832100160 832100160 832100160 832100160 832100160 832100160 832100160 
832100160 832100160 832100160 832100160 832100160 832100160 832100160 832100160 832100160 832100160 832100160 832100160 832100160 832100160 832100160 832100160 832100160 832100160 832100160 832100160 832100160 832100160 832100160 832100160 832100160 832100160 832100160 832100160 
832100160 832100160 832100160 832100160 832100160 832100160 832100160 832100160 832100160 832100160 832100160 832100160 832100160 832100160 832100160 832100160 832100160 832100160 832100160 832100160 832100160 832100160 832100160 832100160 832100160 832100160 832100160 832100160 
832100160 832100160 832100160 832100160 832100160 832100160 832100160 832100160 832100160 832100160 832100160 832100160 832100160 832100160 832100160 832100160 832100160 832100160 832100160 832100160 832100160 832100160 832100160 832100160 832100160 832100160 832100160 832100160 
832100160 832100160 832100160 832100160 832100160 832100160 832100160 832100160 832100160 832100160 832100160 832100160 832100160 832100160 832100160 832100160 832100160 832100160 832100160 832100160 832100160 832100160 832100160 832100160 832100160 832100160 832100160 832100160 
832100160 832100160 832100160 832100160 832100160 832100160 832100160 832100160 832100160 832100160 832100160 832100160 832100160 832100160 832100160 832100160 832100160 832100160 832100160 832100160 832100160 832100160 832100160 832100160 832100160 832100160 832100160 832100160 
832100160 832100160 832100160 832100160 832100160 832100160 832100160 832100160 832100160 832100160 832100160 832100160 832100160 832100160 832100160 832100160 832100160 832100160 832100160 832100160 832100160 832100160 832100160 832100160 832100160 832100160 832100160 832100160 
832100160 832100160 832100160 832100160 832100160 832100160 832100160 832100160 832100160 832100160 832100160 832100160 832100160 832100160 832100160 832100160 832100160 832100160 832100160 832100160 832100160 832100160 832100160 832100160 832100160 832100160 832100160 832100160 
832100160 832100160 832100160 832100160 832100160 832100160 832100160 832100160 832100160 832100160 832100160 832100160 832100160 832100160 832100160 832100160 832100160 832100160 832100160 832100160 832100160 832100160 832100160 832100160 832100160 832100160 832100160 832100160 
832100160 832100160 832100160 832100160 832100160 832100160 832100160 832100160 832100160 832100160 832100160 832100160 832100160 832100160 832100160 832100160 832100160 832100160 832100160 832100160 832100160 832100160 832100160 832100160 832100160 832100160 832100160 832100160 
832100160 832100160 832100160 832100160 832100160 832100160 832100160 832100160 832100160 832100160 832100160 832100160 832100160 832100160 832100160 832100160 832100160 832100160 832100160 832100160 832100160 832100160 832100160 832100160 832100160 832100160 832100160 832100160 
832100160 832100160 832100160 832100160 832100160 832100160 832100160 832100160 832100160 832100160 832100160 832100160 832100160 832100160 832100160 832100160 832100160 832100160 832100160 832100160 832100160 832100160 832100160 832100160 832100160 832100160 832100160 832100160 
832100160 832100160 832100160 832100160 832100160 832100160 832100160 832100160 832100160 832100160 832100160 832100160 832100160 832100160 832100160 832100160 832100160 832100160 832100160 832100160 832100160 832100160 832100160 832100160 832100160 832100160 832100160 832100160 
832100160 832100160 832100160 832100160 832100160 832100160 832100160 832100160 832100160 832100160 832100160 832100160 832100160 832100160 832100160 832100160 832100160 832100160 832100160 832100160 832100160 832100160 832100160 832100160 832100160 832100160 832100160 832100160 
832100160 832100160 832100160 832100160 832100160 832100160 832100160 832100160 832100160 832100160 832100160 832100160 832100160 832100160 832100160 832100160 832100160 832100160 832100160 832100160 832100160 832100160 832100160 832100160 832100160 832100160 832100160 832100160 
832100160 832100160 832100160 832100160 832100160 832100160 832100160 832100160 832100160 832100160 832100160 832100160 832100160 832100160 832100160 832100160 832100160 832100160 832100160 832100160 832100160 832100160 832100160 832100160 832100160 832100160 832100160 832100160 
832100160 832100160 832100160 832100160 832100160 832100160 832100160 832100160 832100160 832100160 832100160 832100160 832100160 832100160 832100160 832100160 832100160 832100160 832100160 832100160 832100160 832100160 832100160 832100160 832100160 832100160 832100160 832100160 
832100160 832100160 832100160 832100160 832100160 832100160 832100160 832100160 832100160 832100160 832100160 832100160 832100160 832100160 832100160 832100160 832100160 832100160 832100160 832100160 832100160 832100160 832100160 832100160 832100160 832100160 832100160 832100160 
832100160 832100160 832100160 832100160 832100160 832100160 832100160 832100160 832100160 832100160 832100160 832100160 832100160 832100160 832100160 832100160 832100160 832100160 832100160 832100160 832100160 832100160 832100160 832100160 832100160 832100160 832100160 832100160 
832100160 832100160 832100160 832100160 832100160 832100160 832100160 832100160 832100160 832100160 832100160 832100160 832100160 832100160 832100160 832100160 832100160 832100160 832100160 832100160 832100160 832100160 832100160 832100160 832100160 832100160 832100160 832100160 
832100160 832100160 832100160 832100160 832100160 832100160 832100160 832100160 832100160 832100160 832100160 832100160 832100160 832100160 832100160 832100160 832100160 832100160 832100160 832100160 832100160 832100160 832100160 832100160 832100160 832100160 832100160 832100160 
832100160 832100160 832100160 832100160 832100160 832100160 832100160 832100160 832100160 832100160 832100160 832100160 832100160 832100160 832100160 832100160 832100160 832100160 832100160 832100160 832100160 832100160 832100160 832100160 832100160 832100160 832100160 832100160 
832100160 832100160 832100160 832100160 832100160 832100160 832100160 832100160 832100160 832100160 832100160 832100160 832100160 832100160 832100160 832100160 832100160 832100160 832100160 832100160 832100160 832100160 832100160 832100160 832100160 832100160 832100160 832100160 
832100160 832100160 832100160 832100160 832100160 832100160 832100160 832100160 832100160 832100160 832100160 832100160 832100160 832100160 832100160 832100160 832100160 832100160 832100160 832100160 832100160 832100160 832100160 832100160 832100160 832100160 832100160 832100160 
832100160 832100160 832100160 832100160 832100160 832100160 832100160 832100160 832100160 832100160 832100160 832100160 832100160 832100160 832100160 832100160 832100160 832100160 832100160 832100160 832100160 832100160 832100160 832100160 832100160 832100160 832100160 832100160 
832100160 832100160 832100160 832100160 832100160 832100160 832100160 832100160 832100160 832100160 832100160 832100160 832100160 832100160 832100160 832100160 832100160 832100160 832100160 832100160 832100160 832100160 832100160 832100160 832100160 832100160 832100160 832100160 
832100160 832100160 832100160 832100160 832100160 832100160 832100160 832100160 832100160 832100160 832100160 832100160 832100160 832100160 832100160 832100160 832100160 832100160 832100160 832100160 832100160 832100160 832100160 832100160 832100160 832100160 832100160 832100160 
832100160 832100160 832100160 832100160 832100160 832100160 832100160 832100160 832100160 832100160 832100160 832100160 832100160 832100160 832100160 832100160 832100160 832100160 832100160 832100160 832100160 832100160 832100160 832100160 832100160 832100160 832100160 832100160 
832100160 832100160 832100160 832100160 832100160 832100160 832100160 832100160 832100160 832100160 832100160 832100160 832100160 832100160 832100160 832100160 832100160 832100160 832100160 832100160 832100160 832100160 832100160 832100160 832100160 832100160 832100160 832100160 
