832099092 832099088/n832100112 832100112 832100112 832100112 832100112 832100112 832100112 832100112 832100112 832100112 832100112 832100112 832100112 832100112 832100112 832100112 832100112 832100112 832100112 832100112 
832100112 832100112 832100112 832100112 832100112 832100112 832100112 832100112 832100112 832100112 832100112 832100112 832100112 832100112 832100112 832100112 832100112 832100112 832100112 832100112 
832100112 832100112 832100112 832100112 832100112 832100112 832100112 832100112 832100112 832100112 832100112 832100112 832100112 832100112 832100112 832100112 832100112 832100112 832100112 832100112 
832100112 832100112 832100112 832100112 832100112 832100112 832100112 832100112 832100112 832100112 832100112 832100112 832100112 832100112 832100112 832100112 832100112 832100112 832100112 832100112 
832100112 832100112 832100112 832100112 832100112 832100112 832100112 832100112 832100112 832100112 832100112 832100112 832100112 832100112 832100112 832100112 832100112 832100112 832100112 832100112 
832100112 832100112 832100112 832100112 832100112 832100112 832100112 832100112 832100112 832100112 832100112 832100112 832100112 832100112 832100112 832100112 832100112 832100112 832100112 832100112 
832100112 832100112 832100112 832100112 832100112 832100112 832100112 832100112 832100112 832100112 832100112 832100112 832100112 832100112 832100112 832100112 832100112 832100112 832100112 832100112 
832100112 832100112 832100112 832100112 832100112 832100112 832100112 832100112 832100112 832100112 832100112 832100112 832100112 832100112 832100112 832100112 832100112 832100112 832100112 832100112 
832100112 832100112 832100112 832100112 832100112 832100112 832100112 832100112 832100112 832100112 832100112 832100112 832100112 832100112 832100112 832100112 832100112 832100112 832100112 832100112 
832100112 832100112 832100112 832100112 832100112 832100112 832100112 832100112 832100112 832100112 832100112 832100112 832100112 832100112 832100112 832100112 832100112 832100112 832100112 832100112 
832100112 832100112 832100112 832100112 832100112 832100112 832100112 832100112 832100112 832100112 832100112 832100112 832100112 832100112 832100112 832100112 832100112 832100112 832100112 832100112 
832100112 832100112 832100112 832100112 832100112 832100112 832100112 832100112 832100112 832100112 832100112 832100112 832100112 832100112 832100112 832100112 832100112 832100112 832100112 832100112 
832100112 832100112 832100112 832100112 832100112 832100112 832100112 832100112 832100112 832100112 832100112 832100112 832100112 832100112 832100112 832100112 832100112 832100112 832100112 832100112 
832100112 832100112 832100112 832100112 832100112 832100112 832100112 832100112 832100112 832100112 832100112 832100112 832100112 832100112 832100112 832100112 832100112 832100112 832100112 832100112 
832100112 832100112 832100112 832100112 832100112 832100112 832100112 832100112 832100112 832100112 832100112 832100112 832100112 832100112 832100112 832100112 832100112 832100112 832100112 832100112 
832100112 832100112 832100112 832100112 832100112 832100112 832100112 832100112 832100112 832100112 832100112 832100112 832100112 832100112 832100112 832100112 832100112 832100112 832100112 832100112 
832100112 832100112 832100112 832100112 832100112 832100112 832100112 832100112 832100112 832100112 832100112 832100112 832100112 832100112 832100112 832100112 832100112 832100112 832100112 832100112 
832100112 832100112 832100112 832100112 832100112 832100112 832100112 832100112 832100112 832100112 832100112 832100112 832100112 832100112 832100112 832100112 832100112 832100112 832100112 832100112 
832100112 832100112 832100112 832100112 832100112 832100112 832100112 832100112 832100112 832100112 832100112 832100112 832100112 832100112 832100112 832100112 832100112 832100112 832100112 832100112 
832100112 832100112 832100112 832100112 832100112 832100112 832100112 832100112 832100112 832100112 832100112 832100112 832100112 832100112 832100112 832100112 832100112 832100112 832100112 832100112 
832100112 832100112 832100112 832100112 832100112 832100112 832100112 832100112 832100112 832100112 832100112 832100112 832100112 832100112 832100112 832100112 832100112 832100112 832100112 832100112 
832100112 832100112 832100112 832100112 832100112 832100112 832100112 832100112 832100112 832100112 832100112 832100112 832100112 832100112 832100112 832100112 832100112 832100112 832100112 832100112 
832100112 832100112 832100112 832100112 832100112 832100112 832100112 832100112 832100112 832100112 832100112 832100112 832100112 832100112 832100112 832100112 832100112 832100112 832100112 832100112 
832100112 832100112 832100112 832100112 832100112 832100112 832100112 832100112 832100112 832100112 832100112 832100112 832100112 832100112 832100112 832100112 832100112 832100112 832100112 832100112 
832100112 832100112 832100112 832100112 832100112 832100112 832100112 832100112 832100112 832100112 832100112 832100112 832100112 832100112 832100112 832100112 832100112 832100112 832100112 832100112 
832100112 832100112 832100112 832100112 832100112 832100112 832100112 832100112 832100112 832100112 832100112 832100112 832100112 832100112 832100112 832100112 832100112 832100112 832100112 832100112 
832100112 832100112 832100112 832100112 832100112 832100112 832100112 832100112 832100112 832100112 832100112 832100112 832100112 832100112 832100112 832100112 832100112 832100112 832100112 832100112 
832100112 832100112 832100112 832100112 832100112 832100112 832100112 832100112 832100112 832100112 832100112 832100112 832100112 832100112 832100112 832100112 832100112 832100112 832100112 832100112 
832100112 832100112 832100112 832100112 832100112 832100112 832100112 832100112 832100112 832100112 832100112 832100112 832100112 832100112 832100112 832100112 832100112 832100112 832100112 832100112 
832100112 832100112 832100112 832100112 832100112 832100112 832100112 832100112 832100112 832100112 832100112 832100112 832100112 832100112 832100112 832100112 832100112 832100112 832100112 832100112 
832100112 832100112 832100112 832100112 832100112 832100112 832100112 832100112 832100112 832100112 832100112 832100112 832100112 832100112 832100112 832100112 832100112 832100112 832100112 832100112 
832100112 832100112 832100112 832100112 832100112 832100112 832100112 832100112 832100112 832100112 832100112 832100112 832100112 832100112 832100112 832100112 832100112 832100112 832100112 832100112 
832100112 832100112 832100112 832100112 832100112 832100112 832100112 832100112 832100112 832100112 832100112 832100112 832100112 832100112 832100112 832100112 832100112 832100112 832100112 832100112 
832100112 832100112 832100112 832100112 832100112 832100112 832100112 832100112 832100112 832100112 832100112 832100112 832100112 832100112 832100112 832100112 832100112 832100112 832100112 832100112 
832100112 832100112 832100112 832100112 832100112 832100112 832100112 832100112 832100112 832100112 832100112 832100112 832100112 832100112 832100112 832100112 832100112 832100112 832100112 832100112 
832100112 832100112 832100112 832100112 832100112 832100112 832100112 832100112 832100112 832100112 832100112 832100112 832100112 832100112 832100112 832100112 832100112 832100112 832100112 832100112 
832100112 832100112 832100112 832100112 832100112 832100112 832100112 832100112 832100112 832100112 832100112 832100112 832100112 832100112 832100112 832100112 832100112 832100112 832100112 832100112 
832100112 832100112 832100112 832100112 832100112 832100112 832100112 832100112 832100112 832100112 832100112 832100112 832100112 832100112 832100112 832100112 832100112 832100112 832100112 832100112 
