832099092 832099088/n832100336 832100336 832100336 832100336 832100336 832100336 832100336 832100336 832100336 832100336 832100336 832100336 832100336 832100336 832100336 832100336 832100336 832100336 832100336 832100336 832100336 832100336 832100336 832100336 832100336 832100336 832100336 832100336 
832100336 832100336 832100336 832100336 832100336 832100336 832100336 832100336 832100336 832100336 832100336 832100336 832100336 832100336 832100336 832100336 832100336 832100336 832100336 832100336 832100336 832100336 832100336 832100336 832100336 832100336 832100336 832100336 
832100336 832100336 832100336 832100336 832100336 832100336 832100336 832100336 832100336 832100336 832100336 832100336 832100336 832100336 832100336 832100336 832100336 832100336 832100336 832100336 832100336 832100336 832100336 832100336 832100336 832100336 832100336 832100336 
832100336 832100336 832100336 832100336 832100336 832100336 832100336 832100336 832100336 832100336 832100336 832100336 832100336 832100336 832100336 832100336 832100336 832100336 832100336 832100336 832100336 832100336 832100336 832100336 832100336 832100336 832100336 832100336 
832100336 832100336 832100336 832100336 832100336 832100336 832100336 832100336 832100336 832100336 832100336 832100336 832100336 832100336 832100336 832100336 832100336 832100336 832100336 832100336 832100336 832100336 832100336 832100336 832100336 832100336 832100336 832100336 
832100336 832100336 832100336 832100336 832100336 832100336 832100336 832100336 832100336 832100336 832100336 832100336 832100336 832100336 832100336 832100336 832100336 832100336 832100336 832100336 832100336 832100336 832100336 832100336 832100336 832100336 832100336 832100336 
832100336 832100336 832100336 832100336 832100336 832100336 832100336 832100336 832100336 832100336 832100336 832100336 832100336 832100336 832100336 832100336 832100336 832100336 832100336 832100336 832100336 832100336 832100336 832100336 832100336 832100336 832100336 832100336 
832100336 832100336 832100336 832100336 832100336 832100336 832100336 832100336 832100336 832100336 832100336 832100336 832100336 832100336 832100336 832100336 832100336 832100336 832100336 832100336 832100336 832100336 832100336 832100336 832100336 832100336 832100336 832100336 
832100336 832100336 832100336 832100336 832100336 832100336 832100336 832100336 832100336 832100336 832100336 832100336 832100336 832100336 832100336 832100336 832100336 832100336 832100336 832100336 832100336 832100336 832100336 832100336 832100336 832100336 832100336 832100336 
832100336 832100336 832100336 832100336 832100336 832100336 832100336 832100336 832100336 832100336 832100336 832100336 832100336 832100336 832100336 832100336 832100336 832100336 832100336 832100336 832100336 832100336 832100336 832100336 832100336 832100336 832100336 832100336 
832100336 832100336 832100336 832100336 832100336 832100336 832100336 832100336 832100336 832100336 832100336 832100336 832100336 832100336 832100336 832100336 832100336 832100336 832100336 832100336 832100336 832100336 832100336 832100336 832100336 832100336 832100336 832100336 
832100336 832100336 832100336 832100336 832100336 832100336 832100336 832100336 832100336 832100336 832100336 832100336 832100336 832100336 832100336 832100336 832100336 832100336 832100336 832100336 832100336 832100336 832100336 832100336 832100336 832100336 832100336 832100336 
832100336 832100336 832100336 832100336 832100336 832100336 832100336 832100336 832100336 832100336 832100336 832100336 832100336 832100336 832100336 832100336 832100336 832100336 832100336 832100336 832100336 832100336 832100336 832100336 832100336 832100336 832100336 832100336 
832100336 832100336 832100336 832100336 832100336 832100336 832100336 832100336 832100336 832100336 832100336 832100336 832100336 832100336 832100336 832100336 832100336 832100336 832100336 832100336 832100336 832100336 832100336 832100336 832100336 832100336 832100336 832100336 
832100336 832100336 832100336 832100336 832100336 832100336 832100336 832100336 832100336 832100336 832100336 832100336 832100336 832100336 832100336 832100336 832100336 832100336 832100336 832100336 832100336 832100336 832100336 832100336 832100336 832100336 832100336 832100336 
832100336 832100336 832100336 832100336 832100336 832100336 832100336 832100336 832100336 832100336 832100336 832100336 832100336 832100336 832100336 832100336 832100336 832100336 832100336 832100336 832100336 832100336 832100336 832100336 832100336 832100336 832100336 832100336 
832100336 832100336 832100336 832100336 832100336 832100336 832100336 832100336 832100336 832100336 832100336 832100336 832100336 832100336 832100336 832100336 832100336 832100336 832100336 832100336 832100336 832100336 832100336 832100336 832100336 832100336 832100336 832100336 
832100336 832100336 832100336 832100336 832100336 832100336 832100336 832100336 832100336 832100336 832100336 832100336 832100336 832100336 832100336 832100336 832100336 832100336 832100336 832100336 832100336 832100336 832100336 832100336 832100336 832100336 832100336 832100336 
832100336 832100336 832100336 832100336 832100336 832100336 832100336 832100336 832100336 832100336 832100336 832100336 832100336 832100336 832100336 832100336 832100336 832100336 832100336 832100336 832100336 832100336 832100336 832100336 832100336 832100336 832100336 832100336 
832100336 832100336 832100336 832100336 832100336 832100336 832100336 832100336 832100336 832100336 832100336 832100336 832100336 832100336 832100336 832100336 832100336 832100336 832100336 832100336 832100336 832100336 832100336 832100336 832100336 832100336 832100336 832100336 
832100336 832100336 832100336 832100336 832100336 832100336 832100336 832100336 832100336 832100336 832100336 832100336 832100336 832100336 832100336 832100336 832100336 832100336 832100336 832100336 832100336 832100336 832100336 832100336 832100336 832100336 832100336 832100336 
832100336 832100336 832100336 832100336 832100336 832100336 832100336 832100336 832100336 832100336 832100336 832100336 832100336 832100336 832100336 832100336 832100336 832100336 832100336 832100336 832100336 832100336 832100336 832100336 832100336 832100336 832100336 832100336 
832100336 832100336 832100336 832100336 832100336 832100336 832100336 832100336 832100336 832100336 832100336 832100336 832100336 832100336 832100336 832100336 832100336 832100336 832100336 832100336 832100336 832100336 832100336 832100336 832100336 832100336 832100336 832100336 
832100336 832100336 832100336 832100336 832100336 832100336 832100336 832100336 832100336 832100336 832100336 832100336 832100336 832100336 832100336 832100336 832100336 832100336 832100336 832100336 832100336 832100336 832100336 832100336 832100336 832100336 832100336 832100336 
832100336 832100336 832100336 832100336 832100336 832100336 832100336 832100336 832100336 832100336 832100336 832100336 832100336 832100336 832100336 832100336 832100336 832100336 832100336 832100336 832100336 832100336 832100336 832100336 832100336 832100336 832100336 832100336 
832100336 832100336 832100336 832100336 832100336 832100336 832100336 832100336 832100336 832100336 832100336 832100336 832100336 832100336 832100336 832100336 832100336 832100336 832100336 832100336 832100336 832100336 832100336 832100336 832100336 832100336 832100336 832100336 
832100336 832100336 832100336 832100336 832100336 832100336 832100336 832100336 832100336 832100336 832100336 832100336 832100336 832100336 832100336 832100336 832100336 832100336 832100336 832100336 832100336 832100336 832100336 832100336 832100336 832100336 832100336 832100336 
832100336 832100336 832100336 832100336 832100336 832100336 832100336 832100336 832100336 832100336 832100336 832100336 832100336 832100336 832100336 832100336 832100336 832100336 832100336 832100336 832100336 832100336 832100336 832100336 832100336 832100336 832100336 832100336 
832100336 832100336 832100336 832100336 832100336 832100336 832100336 832100336 832100336 832100336 832100336 832100336 832100336 832100336 832100336 832100336 832100336 832100336 832100336 832100336 832100336 832100336 832100336 832100336 832100336 832100336 832100336 832100336 
832100336 832100336 832100336 832100336 832100336 832100336 832100336 832100336 832100336 832100336 832100336 832100336 832100336 832100336 832100336 832100336 832100336 832100336 832100336 832100336 832100336 832100336 832100336 832100336 832100336 832100336 832100336 832100336 
832100336 832100336 832100336 832100336 832100336 832100336 832100336 832100336 832100336 832100336 832100336 832100336 832100336 832100336 832100336 832100336 832100336 832100336 832100336 832100336 832100336 832100336 832100336 832100336 832100336 832100336 832100336 832100336 
832100336 832100336 832100336 832100336 832100336 832100336 832100336 832100336 832100336 832100336 832100336 832100336 832100336 832100336 832100336 832100336 832100336 832100336 832100336 832100336 832100336 832100336 832100336 832100336 832100336 832100336 832100336 832100336 
832100336 832100336 832100336 832100336 832100336 832100336 832100336 832100336 832100336 832100336 832100336 832100336 832100336 832100336 832100336 832100336 832100336 832100336 832100336 832100336 832100336 832100336 832100336 832100336 832100336 832100336 832100336 832100336 
832100336 832100336 832100336 832100336 832100336 832100336 832100336 832100336 832100336 832100336 832100336 832100336 832100336 832100336 832100336 832100336 832100336 832100336 832100336 832100336 832100336 832100336 832100336 832100336 832100336 832100336 832100336 832100336 
832100336 832100336 832100336 832100336 832100336 832100336 832100336 832100336 832100336 832100336 832100336 832100336 832100336 832100336 832100336 832100336 832100336 832100336 832100336 832100336 832100336 832100336 832100336 832100336 832100336 832100336 832100336 832100336 
832100336 832100336 832100336 832100336 832100336 832100336 832100336 832100336 832100336 832100336 832100336 832100336 832100336 832100336 832100336 832100336 832100336 832100336 832100336 832100336 832100336 832100336 832100336 832100336 832100336 832100336 832100336 832100336 
832100336 832100336 832100336 832100336 832100336 832100336 832100336 832100336 832100336 832100336 832100336 832100336 832100336 832100336 832100336 832100336 832100336 832100336 832100336 832100336 832100336 832100336 832100336 832100336 832100336 832100336 832100336 832100336 
832100336 832100336 832100336 832100336 832100336 832100336 832100336 832100336 832100336 832100336 832100336 832100336 832100336 832100336 832100336 832100336 832100336 832100336 832100336 832100336 832100336 832100336 832100336 832100336 832100336 832100336 832100336 832100336 
832100336 832100336 832100336 832100336 832100336 832100336 832100336 832100336 832100336 832100336 832100336 832100336 832100336 832100336 832100336 832100336 832100336 832100336 832100336 832100336 832100336 832100336 832100336 832100336 832100336 832100336 832100336 832100336 
832100336 832100336 832100336 832100336 832100336 832100336 832100336 832100336 832100336 832100336 832100336 832100336 832100336 832100336 832100336 832100336 832100336 832100336 832100336 832100336 832100336 832100336 832100336 832100336 832100336 832100336 832100336 832100336 
832100336 832100336 832100336 832100336 832100336 832100336 832100336 832100336 832100336 832100336 832100336 832100336 832100336 832100336 832100336 832100336 832100336 832100336 832100336 832100336 832100336 832100336 832100336 832100336 832100336 832100336 832100336 832100336 
832100336 832100336 832100336 832100336 832100336 832100336 832100336 832100336 832100336 832100336 832100336 832100336 832100336 832100336 832100336 832100336 832100336 832100336 832100336 832100336 832100336 832100336 832100336 832100336 832100336 832100336 832100336 832100336 
832100336 832100336 832100336 832100336 832100336 832100336 832100336 832100336 832100336 832100336 832100336 832100336 832100336 832100336 832100336 832100336 832100336 832100336 832100336 832100336 832100336 832100336 832100336 832100336 832100336 832100336 832100336 832100336 
832100336 832100336 832100336 832100336 832100336 832100336 832100336 832100336 832100336 832100336 832100336 832100336 832100336 832100336 832100336 832100336 832100336 832100336 832100336 832100336 832100336 832100336 832100336 832100336 832100336 832100336 832100336 832100336 
832100336 832100336 832100336 832100336 832100336 832100336 832100336 832100336 832100336 832100336 832100336 832100336 832100336 832100336 832100336 832100336 832100336 832100336 832100336 832100336 832100336 832100336 832100336 832100336 832100336 832100336 832100336 832100336 
832100336 832100336 832100336 832100336 832100336 832100336 832100336 832100336 832100336 832100336 832100336 832100336 832100336 832100336 832100336 832100336 832100336 832100336 832100336 832100336 832100336 832100336 832100336 832100336 832100336 832100336 832100336 832100336 
832100336 832100336 832100336 832100336 832100336 832100336 832100336 832100336 832100336 832100336 832100336 832100336 832100336 832100336 832100336 832100336 832100336 832100336 832100336 832100336 832100336 832100336 832100336 832100336 832100336 832100336 832100336 832100336 
832100336 832100336 832100336 832100336 832100336 832100336 832100336 832100336 832100336 832100336 832100336 832100336 832100336 832100336 832100336 832100336 832100336 832100336 832100336 832100336 832100336 832100336 832100336 832100336 832100336 832100336 832100336 832100336 
832100336 832100336 832100336 832100336 832100336 832100336 832100336 832100336 832100336 832100336 832100336 832100336 832100336 832100336 832100336 832100336 832100336 832100336 832100336 832100336 832100336 832100336 832100336 832100336 832100336 832100336 832100336 832100336 
832100336 832100336 832100336 832100336 832100336 832100336 832100336 832100336 832100336 832100336 832100336 832100336 832100336 832100336 832100336 832100336 832100336 832100336 832100336 832100336 832100336 832100336 832100336 832100336 832100336 832100336 832100336 832100336 
