832099092 832099088/n832099952 832099952 832099952 832099952 832099952 832099952 832099952 832099952 832099952 832099952 832099952 832099952 832099952 832099952 832099952 832099952 832099952 832099952 832099952 832099952 832099952 832099952 832099952 832099952 
832099952 832099952 832099952 832099952 832099952 832099952 832099952 832099952 832099952 832099952 832099952 832099952 832099952 832099952 832099952 832099952 832099952 832099952 832099952 832099952 832099952 832099952 832099952 832099952 
832099952 832099952 832099952 832099952 832099952 832099952 832099952 832099952 832099952 832099952 832099952 832099952 832099952 832099952 832099952 832099952 832099952 832099952 832099952 832099952 832099952 832099952 832099952 832099952 
832099952 832099952 832099952 832099952 832099952 832099952 832099952 832099952 832099952 832099952 832099952 832099952 832099952 832099952 832099952 832099952 832099952 832099952 832099952 832099952 832099952 832099952 832099952 832099952 
832099952 832099952 832099952 832099952 832099952 832099952 832099952 832099952 832099952 832099952 832099952 832099952 832099952 832099952 832099952 832099952 832099952 832099952 832099952 832099952 832099952 832099952 832099952 832099952 
832099952 832099952 832099952 832099952 832099952 832099952 832099952 832099952 832099952 832099952 832099952 832099952 832099952 832099952 832099952 832099952 832099952 832099952 832099952 832099952 832099952 832099952 832099952 832099952 
832099952 832099952 832099952 832099952 832099952 832099952 832099952 832099952 832099952 832099952 832099952 832099952 832099952 832099952 832099952 832099952 832099952 832099952 832099952 832099952 832099952 832099952 832099952 832099952 
832099952 832099952 832099952 832099952 832099952 832099952 832099952 832099952 832099952 832099952 832099952 832099952 832099952 832099952 832099952 832099952 832099952 832099952 832099952 832099952 832099952 832099952 832099952 832099952 
832099952 832099952 832099952 832099952 832099952 832099952 832099952 832099952 832099952 832099952 832099952 832099952 832099952 832099952 832099952 832099952 832099952 832099952 832099952 832099952 832099952 832099952 832099952 832099952 
832099952 832099952 832099952 832099952 832099952 832099952 832099952 832099952 832099952 832099952 832099952 832099952 832099952 832099952 832099952 832099952 832099952 832099952 832099952 832099952 832099952 832099952 832099952 832099952 
832099952 832099952 832099952 832099952 832099952 832099952 832099952 832099952 832099952 832099952 832099952 832099952 832099952 832099952 832099952 832099952 832099952 832099952 832099952 832099952 832099952 832099952 832099952 832099952 
832099952 832099952 832099952 832099952 832099952 832099952 832099952 832099952 832099952 832099952 832099952 832099952 832099952 832099952 832099952 832099952 832099952 832099952 832099952 832099952 832099952 832099952 832099952 832099952 
832099952 832099952 832099952 832099952 832099952 832099952 832099952 832099952 832099952 832099952 832099952 832099952 832099952 832099952 832099952 832099952 832099952 832099952 832099952 832099952 832099952 832099952 832099952 832099952 
832099952 832099952 832099952 832099952 832099952 832099952 832099952 832099952 832099952 832099952 832099952 832099952 832099952 832099952 832099952 832099952 832099952 832099952 832099952 832099952 832099952 832099952 832099952 832099952 
832099952 832099952 832099952 832099952 832099952 832099952 832099952 832099952 832099952 832099952 832099952 832099952 832099952 832099952 832099952 832099952 832099952 832099952 832099952 832099952 832099952 832099952 832099952 832099952 
832099952 832099952 832099952 832099952 832099952 832099952 832099952 832099952 832099952 832099952 832099952 832099952 832099952 832099952 832099952 832099952 832099952 832099952 832099952 832099952 832099952 832099952 832099952 832099952 
832099952 832099952 832099952 832099952 832099952 832099952 832099952 832099952 832099952 832099952 832099952 832099952 832099952 832099952 832099952 832099952 832099952 832099952 832099952 832099952 832099952 832099952 832099952 832099952 
832099952 832099952 832099952 832099952 832099952 832099952 832099952 832099952 832099952 832099952 832099952 832099952 832099952 832099952 832099952 832099952 832099952 832099952 832099952 832099952 832099952 832099952 832099952 832099952 
832099952 832099952 832099952 832099952 832099952 832099952 832099952 832099952 832099952 832099952 832099952 832099952 832099952 832099952 832099952 832099952 832099952 832099952 832099952 832099952 832099952 832099952 832099952 832099952 
832099952 832099952 832099952 832099952 832099952 832099952 832099952 832099952 832099952 832099952 832099952 832099952 832099952 832099952 832099952 832099952 832099952 832099952 832099952 832099952 832099952 832099952 832099952 832099952 
832099952 832099952 832099952 832099952 832099952 832099952 832099952 832099952 832099952 832099952 832099952 832099952 832099952 832099952 832099952 832099952 832099952 832099952 832099952 832099952 832099952 832099952 832099952 832099952 
832099952 832099952 832099952 832099952 832099952 832099952 832099952 832099952 832099952 832099952 832099952 832099952 832099952 832099952 832099952 832099952 832099952 832099952 832099952 832099952 832099952 832099952 832099952 832099952 
832099952 832099952 832099952 832099952 832099952 832099952 832099952 832099952 832099952 832099952 832099952 832099952 832099952 832099952 832099952 832099952 832099952 832099952 832099952 832099952 832099952 832099952 832099952 832099952 
832099952 832099952 832099952 832099952 832099952 832099952 832099952 832099952 832099952 832099952 832099952 832099952 832099952 832099952 832099952 832099952 832099952 832099952 832099952 832099952 832099952 832099952 832099952 832099952 
832099952 832099952 832099952 832099952 832099952 832099952 832099952 832099952 832099952 832099952 832099952 832099952 832099952 832099952 832099952 832099952 832099952 832099952 832099952 832099952 832099952 832099952 832099952 832099952 
832099952 832099952 832099952 832099952 832099952 832099952 832099952 832099952 832099952 832099952 832099952 832099952 832099952 832099952 832099952 832099952 832099952 832099952 832099952 832099952 832099952 832099952 832099952 832099952 
832099952 832099952 832099952 832099952 832099952 832099952 832099952 832099952 832099952 832099952 832099952 832099952 832099952 832099952 832099952 832099952 832099952 832099952 832099952 832099952 832099952 832099952 832099952 832099952 
