832099092 832099088/n832099924 832099924 832099924 832099924 832099924 832099924 832099924 832099924 832099924 
832099924 832099924 832099924 832099924 832099924 832099924 832099924 832099924 832099924 
832099924 832099924 832099924 832099924 832099924 832099924 832099924 832099924 832099924 
832099924 832099924 832099924 832099924 832099924 832099924 832099924 832099924 832099924 
832099924 832099924 832099924 832099924 832099924 832099924 832099924 832099924 832099924 
832099924 832099924 832099924 832099924 832099924 832099924 832099924 832099924 832099924 
832099924 832099924 832099924 832099924 832099924 832099924 832099924 832099924 832099924 
832099924 832099924 832099924 832099924 832099924 832099924 832099924 832099924 832099924 
832099924 832099924 832099924 832099924 832099924 832099924 832099924 832099924 832099924 
832099924 832099924 832099924 832099924 832099924 832099924 832099924 832099924 832099924 
832099924 832099924 832099924 832099924 832099924 832099924 832099924 832099924 832099924 
832099924 832099924 832099924 832099924 832099924 832099924 832099924 832099924 832099924 
832099924 832099924 832099924 832099924 832099924 832099924 832099924 832099924 832099924 
832099924 832099924 832099924 832099924 832099924 832099924 832099924 832099924 832099924 
832099924 832099924 832099924 832099924 832099924 832099924 832099924 832099924 832099924 
832099924 832099924 832099924 832099924 832099924 832099924 832099924 832099924 832099924 
832099924 832099924 832099924 832099924 832099924 832099924 832099924 832099924 832099924 
832099924 832099924 832099924 832099924 832099924 832099924 832099924 832099924 832099924 
832099924 832099924 832099924 832099924 832099924 832099924 832099924 832099924 832099924 
832099924 832099924 832099924 832099924 832099924 832099924 832099924 832099924 832099924 
832099924 832099924 832099924 832099924 832099924 832099924 832099924 832099924 832099924 
832099924 832099924 832099924 832099924 832099924 832099924 832099924 832099924 832099924 
832099924 832099924 832099924 832099924 832099924 832099924 832099924 832099924 832099924 
832099924 832099924 832099924 832099924 832099924 832099924 832099924 832099924 832099924 
832099924 832099924 832099924 832099924 832099924 832099924 832099924 832099924 832099924 
832099924 832099924 832099924 832099924 832099924 832099924 832099924 832099924 832099924 
832099924 832099924 832099924 832099924 832099924 832099924 832099924 832099924 832099924 
832099924 832099924 832099924 832099924 832099924 832099924 832099924 832099924 832099924 
832099924 832099924 832099924 832099924 832099924 832099924 832099924 832099924 832099924 
