832099092 832099088/n832100184 832100184 832100184 832100184 832100184 832100184 832100184 832100184 832100184 832100184 832100184 832100184 832100184 832100184 832100184 832100184 832100184 832100184 832100184 832100184 832100184 832100184 
832100184 832100184 832100184 832100184 832100184 832100184 832100184 832100184 832100184 832100184 832100184 832100184 832100184 832100184 832100184 832100184 832100184 832100184 832100184 832100184 832100184 832100184 
832100184 832100184 832100184 832100184 832100184 832100184 832100184 832100184 832100184 832100184 832100184 832100184 832100184 832100184 832100184 832100184 832100184 832100184 832100184 832100184 832100184 832100184 
832100184 832100184 832100184 832100184 832100184 832100184 832100184 832100184 832100184 832100184 832100184 832100184 832100184 832100184 832100184 832100184 832100184 832100184 832100184 832100184 832100184 832100184 
832100184 832100184 832100184 832100184 832100184 832100184 832100184 832100184 832100184 832100184 832100184 832100184 832100184 832100184 832100184 832100184 832100184 832100184 832100184 832100184 832100184 832100184 
832100184 832100184 832100184 832100184 832100184 832100184 832100184 832100184 832100184 832100184 832100184 832100184 832100184 832100184 832100184 832100184 832100184 832100184 832100184 832100184 832100184 832100184 
832100184 832100184 832100184 832100184 832100184 832100184 832100184 832100184 832100184 832100184 832100184 832100184 832100184 832100184 832100184 832100184 832100184 832100184 832100184 832100184 832100184 832100184 
832100184 832100184 832100184 832100184 832100184 832100184 832100184 832100184 832100184 832100184 832100184 832100184 832100184 832100184 832100184 832100184 832100184 832100184 832100184 832100184 832100184 832100184 
832100184 832100184 832100184 832100184 832100184 832100184 832100184 832100184 832100184 832100184 832100184 832100184 832100184 832100184 832100184 832100184 832100184 832100184 832100184 832100184 832100184 832100184 
832100184 832100184 832100184 832100184 832100184 832100184 832100184 832100184 832100184 832100184 832100184 832100184 832100184 832100184 832100184 832100184 832100184 832100184 832100184 832100184 832100184 832100184 
832100184 832100184 832100184 832100184 832100184 832100184 832100184 832100184 832100184 832100184 832100184 832100184 832100184 832100184 832100184 832100184 832100184 832100184 832100184 832100184 832100184 832100184 
832100184 832100184 832100184 832100184 832100184 832100184 832100184 832100184 832100184 832100184 832100184 832100184 832100184 832100184 832100184 832100184 832100184 832100184 832100184 832100184 832100184 832100184 
832100184 832100184 832100184 832100184 832100184 832100184 832100184 832100184 832100184 832100184 832100184 832100184 832100184 832100184 832100184 832100184 832100184 832100184 832100184 832100184 832100184 832100184 
832100184 832100184 832100184 832100184 832100184 832100184 832100184 832100184 832100184 832100184 832100184 832100184 832100184 832100184 832100184 832100184 832100184 832100184 832100184 832100184 832100184 832100184 
832100184 832100184 832100184 832100184 832100184 832100184 832100184 832100184 832100184 832100184 832100184 832100184 832100184 832100184 832100184 832100184 832100184 832100184 832100184 832100184 832100184 832100184 
832100184 832100184 832100184 832100184 832100184 832100184 832100184 832100184 832100184 832100184 832100184 832100184 832100184 832100184 832100184 832100184 832100184 832100184 832100184 832100184 832100184 832100184 
832100184 832100184 832100184 832100184 832100184 832100184 832100184 832100184 832100184 832100184 832100184 832100184 832100184 832100184 832100184 832100184 832100184 832100184 832100184 832100184 832100184 832100184 
832100184 832100184 832100184 832100184 832100184 832100184 832100184 832100184 832100184 832100184 832100184 832100184 832100184 832100184 832100184 832100184 832100184 832100184 832100184 832100184 832100184 832100184 
832100184 832100184 832100184 832100184 832100184 832100184 832100184 832100184 832100184 832100184 832100184 832100184 832100184 832100184 832100184 832100184 832100184 832100184 832100184 832100184 832100184 832100184 
832100184 832100184 832100184 832100184 832100184 832100184 832100184 832100184 832100184 832100184 832100184 832100184 832100184 832100184 832100184 832100184 832100184 832100184 832100184 832100184 832100184 832100184 
832100184 832100184 832100184 832100184 832100184 832100184 832100184 832100184 832100184 832100184 832100184 832100184 832100184 832100184 832100184 832100184 832100184 832100184 832100184 832100184 832100184 832100184 
832100184 832100184 832100184 832100184 832100184 832100184 832100184 832100184 832100184 832100184 832100184 832100184 832100184 832100184 832100184 832100184 832100184 832100184 832100184 832100184 832100184 832100184 
832100184 832100184 832100184 832100184 832100184 832100184 832100184 832100184 832100184 832100184 832100184 832100184 832100184 832100184 832100184 832100184 832100184 832100184 832100184 832100184 832100184 832100184 
832100184 832100184 832100184 832100184 832100184 832100184 832100184 832100184 832100184 832100184 832100184 832100184 832100184 832100184 832100184 832100184 832100184 832100184 832100184 832100184 832100184 832100184 
832100184 832100184 832100184 832100184 832100184 832100184 832100184 832100184 832100184 832100184 832100184 832100184 832100184 832100184 832100184 832100184 832100184 832100184 832100184 832100184 832100184 832100184 
832100184 832100184 832100184 832100184 832100184 832100184 832100184 832100184 832100184 832100184 832100184 832100184 832100184 832100184 832100184 832100184 832100184 832100184 832100184 832100184 832100184 832100184 
832100184 832100184 832100184 832100184 832100184 832100184 832100184 832100184 832100184 832100184 832100184 832100184 832100184 832100184 832100184 832100184 832100184 832100184 832100184 832100184 832100184 832100184 
832100184 832100184 832100184 832100184 832100184 832100184 832100184 832100184 832100184 832100184 832100184 832100184 832100184 832100184 832100184 832100184 832100184 832100184 832100184 832100184 832100184 832100184 
832100184 832100184 832100184 832100184 832100184 832100184 832100184 832100184 832100184 832100184 832100184 832100184 832100184 832100184 832100184 832100184 832100184 832100184 832100184 832100184 832100184 832100184 
832100184 832100184 832100184 832100184 832100184 832100184 832100184 832100184 832100184 832100184 832100184 832100184 832100184 832100184 832100184 832100184 832100184 832100184 832100184 832100184 832100184 832100184 
832100184 832100184 832100184 832100184 832100184 832100184 832100184 832100184 832100184 832100184 832100184 832100184 832100184 832100184 832100184 832100184 832100184 832100184 832100184 832100184 832100184 832100184 
832100184 832100184 832100184 832100184 832100184 832100184 832100184 832100184 832100184 832100184 832100184 832100184 832100184 832100184 832100184 832100184 832100184 832100184 832100184 832100184 832100184 832100184 
832100184 832100184 832100184 832100184 832100184 832100184 832100184 832100184 832100184 832100184 832100184 832100184 832100184 832100184 832100184 832100184 832100184 832100184 832100184 832100184 832100184 832100184 
832100184 832100184 832100184 832100184 832100184 832100184 832100184 832100184 832100184 832100184 832100184 832100184 832100184 832100184 832100184 832100184 832100184 832100184 832100184 832100184 832100184 832100184 
832100184 832100184 832100184 832100184 832100184 832100184 832100184 832100184 832100184 832100184 832100184 832100184 832100184 832100184 832100184 832100184 832100184 832100184 832100184 832100184 832100184 832100184 
832100184 832100184 832100184 832100184 832100184 832100184 832100184 832100184 832100184 832100184 832100184 832100184 832100184 832100184 832100184 832100184 832100184 832100184 832100184 832100184 832100184 832100184 
832100184 832100184 832100184 832100184 832100184 832100184 832100184 832100184 832100184 832100184 832100184 832100184 832100184 832100184 832100184 832100184 832100184 832100184 832100184 832100184 832100184 832100184 
832100184 832100184 832100184 832100184 832100184 832100184 832100184 832100184 832100184 832100184 832100184 832100184 832100184 832100184 832100184 832100184 832100184 832100184 832100184 832100184 832100184 832100184 
832100184 832100184 832100184 832100184 832100184 832100184 832100184 832100184 832100184 832100184 832100184 832100184 832100184 832100184 832100184 832100184 832100184 832100184 832100184 832100184 832100184 832100184 
832100184 832100184 832100184 832100184 832100184 832100184 832100184 832100184 832100184 832100184 832100184 832100184 832100184 832100184 832100184 832100184 832100184 832100184 832100184 832100184 832100184 832100184 
832100184 832100184 832100184 832100184 832100184 832100184 832100184 832100184 832100184 832100184 832100184 832100184 832100184 832100184 832100184 832100184 832100184 832100184 832100184 832100184 832100184 832100184 
832100184 832100184 832100184 832100184 832100184 832100184 832100184 832100184 832100184 832100184 832100184 832100184 832100184 832100184 832100184 832100184 832100184 832100184 832100184 832100184 832100184 832100184 
