832099092 832099088/n832100036 832100036 832100036 832100036 832100036 832100036 832100036 832100036 832100036 832100036 832100036 832100036 832100036 832100036 832100036 832100036 832100036 832100036 832100036 832100036 832100036 832100036 832100036 832100036 832100036 
832100036 832100036 832100036 832100036 832100036 832100036 832100036 832100036 832100036 832100036 832100036 832100036 832100036 832100036 832100036 832100036 832100036 832100036 832100036 832100036 832100036 832100036 832100036 832100036 832100036 
832100036 832100036 832100036 832100036 832100036 832100036 832100036 832100036 832100036 832100036 832100036 832100036 832100036 832100036 832100036 832100036 832100036 832100036 832100036 832100036 832100036 832100036 832100036 832100036 832100036 
832100036 832100036 832100036 832100036 832100036 832100036 832100036 832100036 832100036 832100036 832100036 832100036 832100036 832100036 832100036 832100036 832100036 832100036 832100036 832100036 832100036 832100036 832100036 832100036 832100036 
832100036 832100036 832100036 832100036 832100036 832100036 832100036 832100036 832100036 832100036 832100036 832100036 832100036 832100036 832100036 832100036 832100036 832100036 832100036 832100036 832100036 832100036 832100036 832100036 832100036 
832100036 832100036 832100036 832100036 832100036 832100036 832100036 832100036 832100036 832100036 832100036 832100036 832100036 832100036 832100036 832100036 832100036 832100036 832100036 832100036 832100036 832100036 832100036 832100036 832100036 
832100036 832100036 832100036 832100036 832100036 832100036 832100036 832100036 832100036 832100036 832100036 832100036 832100036 832100036 832100036 832100036 832100036 832100036 832100036 832100036 832100036 832100036 832100036 832100036 832100036 
832100036 832100036 832100036 832100036 832100036 832100036 832100036 832100036 832100036 832100036 832100036 832100036 832100036 832100036 832100036 832100036 832100036 832100036 832100036 832100036 832100036 832100036 832100036 832100036 832100036 
832100036 832100036 832100036 832100036 832100036 832100036 832100036 832100036 832100036 832100036 832100036 832100036 832100036 832100036 832100036 832100036 832100036 832100036 832100036 832100036 832100036 832100036 832100036 832100036 832100036 
832100036 832100036 832100036 832100036 832100036 832100036 832100036 832100036 832100036 832100036 832100036 832100036 832100036 832100036 832100036 832100036 832100036 832100036 832100036 832100036 832100036 832100036 832100036 832100036 832100036 
832100036 832100036 832100036 832100036 832100036 832100036 832100036 832100036 832100036 832100036 832100036 832100036 832100036 832100036 832100036 832100036 832100036 832100036 832100036 832100036 832100036 832100036 832100036 832100036 832100036 
832100036 832100036 832100036 832100036 832100036 832100036 832100036 832100036 832100036 832100036 832100036 832100036 832100036 832100036 832100036 832100036 832100036 832100036 832100036 832100036 832100036 832100036 832100036 832100036 832100036 
832100036 832100036 832100036 832100036 832100036 832100036 832100036 832100036 832100036 832100036 832100036 832100036 832100036 832100036 832100036 832100036 832100036 832100036 832100036 832100036 832100036 832100036 832100036 832100036 832100036 
832100036 832100036 832100036 832100036 832100036 832100036 832100036 832100036 832100036 832100036 832100036 832100036 832100036 832100036 832100036 832100036 832100036 832100036 832100036 832100036 832100036 832100036 832100036 832100036 832100036 
832100036 832100036 832100036 832100036 832100036 832100036 832100036 832100036 832100036 832100036 832100036 832100036 832100036 832100036 832100036 832100036 832100036 832100036 832100036 832100036 832100036 832100036 832100036 832100036 832100036 
832100036 832100036 832100036 832100036 832100036 832100036 832100036 832100036 832100036 832100036 832100036 832100036 832100036 832100036 832100036 832100036 832100036 832100036 832100036 832100036 832100036 832100036 832100036 832100036 832100036 
832100036 832100036 832100036 832100036 832100036 832100036 832100036 832100036 832100036 832100036 832100036 832100036 832100036 832100036 832100036 832100036 832100036 832100036 832100036 832100036 832100036 832100036 832100036 832100036 832100036 
832100036 832100036 832100036 832100036 832100036 832100036 832100036 832100036 832100036 832100036 832100036 832100036 832100036 832100036 832100036 832100036 832100036 832100036 832100036 832100036 832100036 832100036 832100036 832100036 832100036 
832100036 832100036 832100036 832100036 832100036 832100036 832100036 832100036 832100036 832100036 832100036 832100036 832100036 832100036 832100036 832100036 832100036 832100036 832100036 832100036 832100036 832100036 832100036 832100036 832100036 
832100036 832100036 832100036 832100036 832100036 832100036 832100036 832100036 832100036 832100036 832100036 832100036 832100036 832100036 832100036 832100036 832100036 832100036 832100036 832100036 832100036 832100036 832100036 832100036 832100036 
832100036 832100036 832100036 832100036 832100036 832100036 832100036 832100036 832100036 832100036 832100036 832100036 832100036 832100036 832100036 832100036 832100036 832100036 832100036 832100036 832100036 832100036 832100036 832100036 832100036 
832100036 832100036 832100036 832100036 832100036 832100036 832100036 832100036 832100036 832100036 832100036 832100036 832100036 832100036 832100036 832100036 832100036 832100036 832100036 832100036 832100036 832100036 832100036 832100036 832100036 
832100036 832100036 832100036 832100036 832100036 832100036 832100036 832100036 832100036 832100036 832100036 832100036 832100036 832100036 832100036 832100036 832100036 832100036 832100036 832100036 832100036 832100036 832100036 832100036 832100036 
832100036 832100036 832100036 832100036 832100036 832100036 832100036 832100036 832100036 832100036 832100036 832100036 832100036 832100036 832100036 832100036 832100036 832100036 832100036 832100036 832100036 832100036 832100036 832100036 832100036 
832100036 832100036 832100036 832100036 832100036 832100036 832100036 832100036 832100036 832100036 832100036 832100036 832100036 832100036 832100036 832100036 832100036 832100036 832100036 832100036 832100036 832100036 832100036 832100036 832100036 
832100036 832100036 832100036 832100036 832100036 832100036 832100036 832100036 832100036 832100036 832100036 832100036 832100036 832100036 832100036 832100036 832100036 832100036 832100036 832100036 832100036 832100036 832100036 832100036 832100036 
832100036 832100036 832100036 832100036 832100036 832100036 832100036 832100036 832100036 832100036 832100036 832100036 832100036 832100036 832100036 832100036 832100036 832100036 832100036 832100036 832100036 832100036 832100036 832100036 832100036 
832100036 832100036 832100036 832100036 832100036 832100036 832100036 832100036 832100036 832100036 832100036 832100036 832100036 832100036 832100036 832100036 832100036 832100036 832100036 832100036 832100036 832100036 832100036 832100036 832100036 
832100036 832100036 832100036 832100036 832100036 832100036 832100036 832100036 832100036 832100036 832100036 832100036 832100036 832100036 832100036 832100036 832100036 832100036 832100036 832100036 832100036 832100036 832100036 832100036 832100036 
832100036 832100036 832100036 832100036 832100036 832100036 832100036 832100036 832100036 832100036 832100036 832100036 832100036 832100036 832100036 832100036 832100036 832100036 832100036 832100036 832100036 832100036 832100036 832100036 832100036 
832100036 832100036 832100036 832100036 832100036 832100036 832100036 832100036 832100036 832100036 832100036 832100036 832100036 832100036 832100036 832100036 832100036 832100036 832100036 832100036 832100036 832100036 832100036 832100036 832100036 
832100036 832100036 832100036 832100036 832100036 832100036 832100036 832100036 832100036 832100036 832100036 832100036 832100036 832100036 832100036 832100036 832100036 832100036 832100036 832100036 832100036 832100036 832100036 832100036 832100036 
