832099092 832099088/n832100140 832100140 832100140 
832100140 832100140 832100140 
832100140 832100140 832100140 
832100140 832100140 832100140 
832100140 832100140 832100140 
832100140 832100140 832100140 
832100140 832100140 832100140 
832100140 832100140 832100140 
832100140 832100140 832100140 
832100140 832100140 832100140 
832100140 832100140 832100140 
832100140 832100140 832100140 
832100140 832100140 832100140 
832100140 832100140 832100140 
832100140 832100140 832100140 
832100140 832100140 832100140 
832100140 832100140 832100140 
832100140 832100140 832100140 
832100140 832100140 832100140 
832100140 832100140 832100140 
832100140 832100140 832100140 
832100140 832100140 832100140 
832100140 832100140 832100140 
832100140 832100140 832100140 
832100140 832100140 832100140 
832100140 832100140 832100140 
832100140 832100140 832100140 
832100140 832100140 832100140 
832100140 832100140 832100140 
832100140 832100140 832100140 
832100140 832100140 832100140 
832100140 832100140 832100140 
832100140 832100140 832100140 
832100140 832100140 832100140 
832100140 832100140 832100140 
832100140 832100140 832100140 
832100140 832100140 832100140 
832100140 832100140 832100140 
832100140 832100140 832100140 
832100140 832100140 832100140 
832100140 832100140 832100140 
832100140 832100140 832100140 
832100140 832100140 832100140 
832100140 832100140 832100140 
