832099092 832099088/n832100052 832100052 832100052 832100052 832100052 832100052 832100052 832100052 832100052 832100052 832100052 832100052 832100052 832100052 832100052 832100052 832100052 832100052 832100052 832100052 832100052 
832100052 832100052 832100052 832100052 832100052 832100052 832100052 832100052 832100052 832100052 832100052 832100052 832100052 832100052 832100052 832100052 832100052 832100052 832100052 832100052 832100052 
832100052 832100052 832100052 832100052 832100052 832100052 832100052 832100052 832100052 832100052 832100052 832100052 832100052 832100052 832100052 832100052 832100052 832100052 832100052 832100052 832100052 
832100052 832100052 832100052 832100052 832100052 832100052 832100052 832100052 832100052 832100052 832100052 832100052 832100052 832100052 832100052 832100052 832100052 832100052 832100052 832100052 832100052 
832100052 832100052 832100052 832100052 832100052 832100052 832100052 832100052 832100052 832100052 832100052 832100052 832100052 832100052 832100052 832100052 832100052 832100052 832100052 832100052 832100052 
832100052 832100052 832100052 832100052 832100052 832100052 832100052 832100052 832100052 832100052 832100052 832100052 832100052 832100052 832100052 832100052 832100052 832100052 832100052 832100052 832100052 
832100052 832100052 832100052 832100052 832100052 832100052 832100052 832100052 832100052 832100052 832100052 832100052 832100052 832100052 832100052 832100052 832100052 832100052 832100052 832100052 832100052 
832100052 832100052 832100052 832100052 832100052 832100052 832100052 832100052 832100052 832100052 832100052 832100052 832100052 832100052 832100052 832100052 832100052 832100052 832100052 832100052 832100052 
832100052 832100052 832100052 832100052 832100052 832100052 832100052 832100052 832100052 832100052 832100052 832100052 832100052 832100052 832100052 832100052 832100052 832100052 832100052 832100052 832100052 
832100052 832100052 832100052 832100052 832100052 832100052 832100052 832100052 832100052 832100052 832100052 832100052 832100052 832100052 832100052 832100052 832100052 832100052 832100052 832100052 832100052 
832100052 832100052 832100052 832100052 832100052 832100052 832100052 832100052 832100052 832100052 832100052 832100052 832100052 832100052 832100052 832100052 832100052 832100052 832100052 832100052 832100052 
832100052 832100052 832100052 832100052 832100052 832100052 832100052 832100052 832100052 832100052 832100052 832100052 832100052 832100052 832100052 832100052 832100052 832100052 832100052 832100052 832100052 
832100052 832100052 832100052 832100052 832100052 832100052 832100052 832100052 832100052 832100052 832100052 832100052 832100052 832100052 832100052 832100052 832100052 832100052 832100052 832100052 832100052 
832100052 832100052 832100052 832100052 832100052 832100052 832100052 832100052 832100052 832100052 832100052 832100052 832100052 832100052 832100052 832100052 832100052 832100052 832100052 832100052 832100052 
832100052 832100052 832100052 832100052 832100052 832100052 832100052 832100052 832100052 832100052 832100052 832100052 832100052 832100052 832100052 832100052 832100052 832100052 832100052 832100052 832100052 
832100052 832100052 832100052 832100052 832100052 832100052 832100052 832100052 832100052 832100052 832100052 832100052 832100052 832100052 832100052 832100052 832100052 832100052 832100052 832100052 832100052 
832100052 832100052 832100052 832100052 832100052 832100052 832100052 832100052 832100052 832100052 832100052 832100052 832100052 832100052 832100052 832100052 832100052 832100052 832100052 832100052 832100052 
832100052 832100052 832100052 832100052 832100052 832100052 832100052 832100052 832100052 832100052 832100052 832100052 832100052 832100052 832100052 832100052 832100052 832100052 832100052 832100052 832100052 
832100052 832100052 832100052 832100052 832100052 832100052 832100052 832100052 832100052 832100052 832100052 832100052 832100052 832100052 832100052 832100052 832100052 832100052 832100052 832100052 832100052 
832100052 832100052 832100052 832100052 832100052 832100052 832100052 832100052 832100052 832100052 832100052 832100052 832100052 832100052 832100052 832100052 832100052 832100052 832100052 832100052 832100052 
832100052 832100052 832100052 832100052 832100052 832100052 832100052 832100052 832100052 832100052 832100052 832100052 832100052 832100052 832100052 832100052 832100052 832100052 832100052 832100052 832100052 
832100052 832100052 832100052 832100052 832100052 832100052 832100052 832100052 832100052 832100052 832100052 832100052 832100052 832100052 832100052 832100052 832100052 832100052 832100052 832100052 832100052 
832100052 832100052 832100052 832100052 832100052 832100052 832100052 832100052 832100052 832100052 832100052 832100052 832100052 832100052 832100052 832100052 832100052 832100052 832100052 832100052 832100052 
832100052 832100052 832100052 832100052 832100052 832100052 832100052 832100052 832100052 832100052 832100052 832100052 832100052 832100052 832100052 832100052 832100052 832100052 832100052 832100052 832100052 
832100052 832100052 832100052 832100052 832100052 832100052 832100052 832100052 832100052 832100052 832100052 832100052 832100052 832100052 832100052 832100052 832100052 832100052 832100052 832100052 832100052 
832100052 832100052 832100052 832100052 832100052 832100052 832100052 832100052 832100052 832100052 832100052 832100052 832100052 832100052 832100052 832100052 832100052 832100052 832100052 832100052 832100052 
832100052 832100052 832100052 832100052 832100052 832100052 832100052 832100052 832100052 832100052 832100052 832100052 832100052 832100052 832100052 832100052 832100052 832100052 832100052 832100052 832100052 
832100052 832100052 832100052 832100052 832100052 832100052 832100052 832100052 832100052 832100052 832100052 832100052 832100052 832100052 832100052 832100052 832100052 832100052 832100052 832100052 832100052 
832100052 832100052 832100052 832100052 832100052 832100052 832100052 832100052 832100052 832100052 832100052 832100052 832100052 832100052 832100052 832100052 832100052 832100052 832100052 832100052 832100052 
832100052 832100052 832100052 832100052 832100052 832100052 832100052 832100052 832100052 832100052 832100052 832100052 832100052 832100052 832100052 832100052 832100052 832100052 832100052 832100052 832100052 
832100052 832100052 832100052 832100052 832100052 832100052 832100052 832100052 832100052 832100052 832100052 832100052 832100052 832100052 832100052 832100052 832100052 832100052 832100052 832100052 832100052 
832100052 832100052 832100052 832100052 832100052 832100052 832100052 832100052 832100052 832100052 832100052 832100052 832100052 832100052 832100052 832100052 832100052 832100052 832100052 832100052 832100052 
832100052 832100052 832100052 832100052 832100052 832100052 832100052 832100052 832100052 832100052 832100052 832100052 832100052 832100052 832100052 832100052 832100052 832100052 832100052 832100052 832100052 
832100052 832100052 832100052 832100052 832100052 832100052 832100052 832100052 832100052 832100052 832100052 832100052 832100052 832100052 832100052 832100052 832100052 832100052 832100052 832100052 832100052 
