832099092 832099088/n832099896 832099896 832099896 832099896 832099896 832099896 832099896 832099896 832099896 832099896 832099896 832099896 832099896 832099896 832099896 832099896 832099896 832099896 
832099896 832099896 832099896 832099896 832099896 832099896 832099896 832099896 832099896 832099896 832099896 832099896 832099896 832099896 832099896 832099896 832099896 832099896 
832099896 832099896 832099896 832099896 832099896 832099896 832099896 832099896 832099896 832099896 832099896 832099896 832099896 832099896 832099896 832099896 832099896 832099896 
832099896 832099896 832099896 832099896 832099896 832099896 832099896 832099896 832099896 832099896 832099896 832099896 832099896 832099896 832099896 832099896 832099896 832099896 
832099896 832099896 832099896 832099896 832099896 832099896 832099896 832099896 832099896 832099896 832099896 832099896 832099896 832099896 832099896 832099896 832099896 832099896 
832099896 832099896 832099896 832099896 832099896 832099896 832099896 832099896 832099896 832099896 832099896 832099896 832099896 832099896 832099896 832099896 832099896 832099896 
832099896 832099896 832099896 832099896 832099896 832099896 832099896 832099896 832099896 832099896 832099896 832099896 832099896 832099896 832099896 832099896 832099896 832099896 
832099896 832099896 832099896 832099896 832099896 832099896 832099896 832099896 832099896 832099896 832099896 832099896 832099896 832099896 832099896 832099896 832099896 832099896 
832099896 832099896 832099896 832099896 832099896 832099896 832099896 832099896 832099896 832099896 832099896 832099896 832099896 832099896 832099896 832099896 832099896 832099896 
832099896 832099896 832099896 832099896 832099896 832099896 832099896 832099896 832099896 832099896 832099896 832099896 832099896 832099896 832099896 832099896 832099896 832099896 
832099896 832099896 832099896 832099896 832099896 832099896 832099896 832099896 832099896 832099896 832099896 832099896 832099896 832099896 832099896 832099896 832099896 832099896 
832099896 832099896 832099896 832099896 832099896 832099896 832099896 832099896 832099896 832099896 832099896 832099896 832099896 832099896 832099896 832099896 832099896 832099896 
832099896 832099896 832099896 832099896 832099896 832099896 832099896 832099896 832099896 832099896 832099896 832099896 832099896 832099896 832099896 832099896 832099896 832099896 
832099896 832099896 832099896 832099896 832099896 832099896 832099896 832099896 832099896 832099896 832099896 832099896 832099896 832099896 832099896 832099896 832099896 832099896 
832099896 832099896 832099896 832099896 832099896 832099896 832099896 832099896 832099896 832099896 832099896 832099896 832099896 832099896 832099896 832099896 832099896 832099896 
832099896 832099896 832099896 832099896 832099896 832099896 832099896 832099896 832099896 832099896 832099896 832099896 832099896 832099896 832099896 832099896 832099896 832099896 
832099896 832099896 832099896 832099896 832099896 832099896 832099896 832099896 832099896 832099896 832099896 832099896 832099896 832099896 832099896 832099896 832099896 832099896 
832099896 832099896 832099896 832099896 832099896 832099896 832099896 832099896 832099896 832099896 832099896 832099896 832099896 832099896 832099896 832099896 832099896 832099896 
832099896 832099896 832099896 832099896 832099896 832099896 832099896 832099896 832099896 832099896 832099896 832099896 832099896 832099896 832099896 832099896 832099896 832099896 
832099896 832099896 832099896 832099896 832099896 832099896 832099896 832099896 832099896 832099896 832099896 832099896 832099896 832099896 832099896 832099896 832099896 832099896 
832099896 832099896 832099896 832099896 832099896 832099896 832099896 832099896 832099896 832099896 832099896 832099896 832099896 832099896 832099896 832099896 832099896 832099896 
832099896 832099896 832099896 832099896 832099896 832099896 832099896 832099896 832099896 832099896 832099896 832099896 832099896 832099896 832099896 832099896 832099896 832099896 
832099896 832099896 832099896 832099896 832099896 832099896 832099896 832099896 832099896 832099896 832099896 832099896 832099896 832099896 832099896 832099896 832099896 832099896 
832099896 832099896 832099896 832099896 832099896 832099896 832099896 832099896 832099896 832099896 832099896 832099896 832099896 832099896 832099896 832099896 832099896 832099896 
832099896 832099896 832099896 832099896 832099896 832099896 832099896 832099896 832099896 832099896 832099896 832099896 832099896 832099896 832099896 832099896 832099896 832099896 
