832099092 832099088/n832099944 832099944 832099944 832099944 832099944 832099944 832099944 832099944 832099944 832099944 
832099944 832099944 832099944 832099944 832099944 832099944 832099944 832099944 832099944 832099944 
832099944 832099944 832099944 832099944 832099944 832099944 832099944 832099944 832099944 832099944 
832099944 832099944 832099944 832099944 832099944 832099944 832099944 832099944 832099944 832099944 
832099944 832099944 832099944 832099944 832099944 832099944 832099944 832099944 832099944 832099944 
832099944 832099944 832099944 832099944 832099944 832099944 832099944 832099944 832099944 832099944 
832099944 832099944 832099944 832099944 832099944 832099944 832099944 832099944 832099944 832099944 
832099944 832099944 832099944 832099944 832099944 832099944 832099944 832099944 832099944 832099944 
832099944 832099944 832099944 832099944 832099944 832099944 832099944 832099944 832099944 832099944 
832099944 832099944 832099944 832099944 832099944 832099944 832099944 832099944 832099944 832099944 
832099944 832099944 832099944 832099944 832099944 832099944 832099944 832099944 832099944 832099944 
832099944 832099944 832099944 832099944 832099944 832099944 832099944 832099944 832099944 832099944 
832099944 832099944 832099944 832099944 832099944 832099944 832099944 832099944 832099944 832099944 
832099944 832099944 832099944 832099944 832099944 832099944 832099944 832099944 832099944 832099944 
832099944 832099944 832099944 832099944 832099944 832099944 832099944 832099944 832099944 832099944 
832099944 832099944 832099944 832099944 832099944 832099944 832099944 832099944 832099944 832099944 
832099944 832099944 832099944 832099944 832099944 832099944 832099944 832099944 832099944 832099944 
832099944 832099944 832099944 832099944 832099944 832099944 832099944 832099944 832099944 832099944 
832099944 832099944 832099944 832099944 832099944 832099944 832099944 832099944 832099944 832099944 
832099944 832099944 832099944 832099944 832099944 832099944 832099944 832099944 832099944 832099944 
832099944 832099944 832099944 832099944 832099944 832099944 832099944 832099944 832099944 832099944 
832099944 832099944 832099944 832099944 832099944 832099944 832099944 832099944 832099944 832099944 
832099944 832099944 832099944 832099944 832099944 832099944 832099944 832099944 832099944 832099944 
832099944 832099944 832099944 832099944 832099944 832099944 832099944 832099944 832099944 832099944 
832099944 832099944 832099944 832099944 832099944 832099944 832099944 832099944 832099944 832099944 
832099944 832099944 832099944 832099944 832099944 832099944 832099944 832099944 832099944 832099944 
832099944 832099944 832099944 832099944 832099944 832099944 832099944 832099944 832099944 832099944 
832099944 832099944 832099944 832099944 832099944 832099944 832099944 832099944 832099944 832099944 
832099944 832099944 832099944 832099944 832099944 832099944 832099944 832099944 832099944 832099944 
832099944 832099944 832099944 832099944 832099944 832099944 832099944 832099944 832099944 832099944 
