832099092 832099088/n832100260 832100260 832100260 832100260 832100260 832100260 832100260 832100260 832100260 832100260 832100260 832100260 832100260 832100260 832100260 832100260 832100260 832100260 832100260 832100260 832100260 832100260 832100260 832100260 832100260 832100260 832100260 832100260 832100260 832100260 832100260 832100260 832100260 832100260 832100260 832100260 832100260 832100260 832100260 832100260 832100260 
832100260 832100260 832100260 832100260 832100260 832100260 832100260 832100260 832100260 832100260 832100260 832100260 832100260 832100260 832100260 832100260 832100260 832100260 832100260 832100260 832100260 832100260 832100260 832100260 832100260 832100260 832100260 832100260 832100260 832100260 832100260 832100260 832100260 832100260 832100260 832100260 832100260 832100260 832100260 832100260 832100260 
832100260 832100260 832100260 832100260 832100260 832100260 832100260 832100260 832100260 832100260 832100260 832100260 832100260 832100260 832100260 832100260 832100260 832100260 832100260 832100260 832100260 832100260 832100260 832100260 832100260 832100260 832100260 832100260 832100260 832100260 832100260 832100260 832100260 832100260 832100260 832100260 832100260 832100260 832100260 832100260 832100260 
832100260 832100260 832100260 832100260 832100260 832100260 832100260 832100260 832100260 832100260 832100260 832100260 832100260 832100260 832100260 832100260 832100260 832100260 832100260 832100260 832100260 832100260 832100260 832100260 832100260 832100260 832100260 832100260 832100260 832100260 832100260 832100260 832100260 832100260 832100260 832100260 832100260 832100260 832100260 832100260 832100260 
832100260 832100260 832100260 832100260 832100260 832100260 832100260 832100260 832100260 832100260 832100260 832100260 832100260 832100260 832100260 832100260 832100260 832100260 832100260 832100260 832100260 832100260 832100260 832100260 832100260 832100260 832100260 832100260 832100260 832100260 832100260 832100260 832100260 832100260 832100260 832100260 832100260 832100260 832100260 832100260 832100260 
832100260 832100260 832100260 832100260 832100260 832100260 832100260 832100260 832100260 832100260 832100260 832100260 832100260 832100260 832100260 832100260 832100260 832100260 832100260 832100260 832100260 832100260 832100260 832100260 832100260 832100260 832100260 832100260 832100260 832100260 832100260 832100260 832100260 832100260 832100260 832100260 832100260 832100260 832100260 832100260 832100260 
832100260 832100260 832100260 832100260 832100260 832100260 832100260 832100260 832100260 832100260 832100260 832100260 832100260 832100260 832100260 832100260 832100260 832100260 832100260 832100260 832100260 832100260 832100260 832100260 832100260 832100260 832100260 832100260 832100260 832100260 832100260 832100260 832100260 832100260 832100260 832100260 832100260 832100260 832100260 832100260 832100260 
832100260 832100260 832100260 832100260 832100260 832100260 832100260 832100260 832100260 832100260 832100260 832100260 832100260 832100260 832100260 832100260 832100260 832100260 832100260 832100260 832100260 832100260 832100260 832100260 832100260 832100260 832100260 832100260 832100260 832100260 832100260 832100260 832100260 832100260 832100260 832100260 832100260 832100260 832100260 832100260 832100260 
832100260 832100260 832100260 832100260 832100260 832100260 832100260 832100260 832100260 832100260 832100260 832100260 832100260 832100260 832100260 832100260 832100260 832100260 832100260 832100260 832100260 832100260 832100260 832100260 832100260 832100260 832100260 832100260 832100260 832100260 832100260 832100260 832100260 832100260 832100260 832100260 832100260 832100260 832100260 832100260 832100260 
832100260 832100260 832100260 832100260 832100260 832100260 832100260 832100260 832100260 832100260 832100260 832100260 832100260 832100260 832100260 832100260 832100260 832100260 832100260 832100260 832100260 832100260 832100260 832100260 832100260 832100260 832100260 832100260 832100260 832100260 832100260 832100260 832100260 832100260 832100260 832100260 832100260 832100260 832100260 832100260 832100260 
832100260 832100260 832100260 832100260 832100260 832100260 832100260 832100260 832100260 832100260 832100260 832100260 832100260 832100260 832100260 832100260 832100260 832100260 832100260 832100260 832100260 832100260 832100260 832100260 832100260 832100260 832100260 832100260 832100260 832100260 832100260 832100260 832100260 832100260 832100260 832100260 832100260 832100260 832100260 832100260 832100260 
832100260 832100260 832100260 832100260 832100260 832100260 832100260 832100260 832100260 832100260 832100260 832100260 832100260 832100260 832100260 832100260 832100260 832100260 832100260 832100260 832100260 832100260 832100260 832100260 832100260 832100260 832100260 832100260 832100260 832100260 832100260 832100260 832100260 832100260 832100260 832100260 832100260 832100260 832100260 832100260 832100260 
832100260 832100260 832100260 832100260 832100260 832100260 832100260 832100260 832100260 832100260 832100260 832100260 832100260 832100260 832100260 832100260 832100260 832100260 832100260 832100260 832100260 832100260 832100260 832100260 832100260 832100260 832100260 832100260 832100260 832100260 832100260 832100260 832100260 832100260 832100260 832100260 832100260 832100260 832100260 832100260 832100260 
832100260 832100260 832100260 832100260 832100260 832100260 832100260 832100260 832100260 832100260 832100260 832100260 832100260 832100260 832100260 832100260 832100260 832100260 832100260 832100260 832100260 832100260 832100260 832100260 832100260 832100260 832100260 832100260 832100260 832100260 832100260 832100260 832100260 832100260 832100260 832100260 832100260 832100260 832100260 832100260 832100260 
832100260 832100260 832100260 832100260 832100260 832100260 832100260 832100260 832100260 832100260 832100260 832100260 832100260 832100260 832100260 832100260 832100260 832100260 832100260 832100260 832100260 832100260 832100260 832100260 832100260 832100260 832100260 832100260 832100260 832100260 832100260 832100260 832100260 832100260 832100260 832100260 832100260 832100260 832100260 832100260 832100260 
832100260 832100260 832100260 832100260 832100260 832100260 832100260 832100260 832100260 832100260 832100260 832100260 832100260 832100260 832100260 832100260 832100260 832100260 832100260 832100260 832100260 832100260 832100260 832100260 832100260 832100260 832100260 832100260 832100260 832100260 832100260 832100260 832100260 832100260 832100260 832100260 832100260 832100260 832100260 832100260 832100260 
832100260 832100260 832100260 832100260 832100260 832100260 832100260 832100260 832100260 832100260 832100260 832100260 832100260 832100260 832100260 832100260 832100260 832100260 832100260 832100260 832100260 832100260 832100260 832100260 832100260 832100260 832100260 832100260 832100260 832100260 832100260 832100260 832100260 832100260 832100260 832100260 832100260 832100260 832100260 832100260 832100260 
832100260 832100260 832100260 832100260 832100260 832100260 832100260 832100260 832100260 832100260 832100260 832100260 832100260 832100260 832100260 832100260 832100260 832100260 832100260 832100260 832100260 832100260 832100260 832100260 832100260 832100260 832100260 832100260 832100260 832100260 832100260 832100260 832100260 832100260 832100260 832100260 832100260 832100260 832100260 832100260 832100260 
832100260 832100260 832100260 832100260 832100260 832100260 832100260 832100260 832100260 832100260 832100260 832100260 832100260 832100260 832100260 832100260 832100260 832100260 832100260 832100260 832100260 832100260 832100260 832100260 832100260 832100260 832100260 832100260 832100260 832100260 832100260 832100260 832100260 832100260 832100260 832100260 832100260 832100260 832100260 832100260 832100260 
832100260 832100260 832100260 832100260 832100260 832100260 832100260 832100260 832100260 832100260 832100260 832100260 832100260 832100260 832100260 832100260 832100260 832100260 832100260 832100260 832100260 832100260 832100260 832100260 832100260 832100260 832100260 832100260 832100260 832100260 832100260 832100260 832100260 832100260 832100260 832100260 832100260 832100260 832100260 832100260 832100260 
832100260 832100260 832100260 832100260 832100260 832100260 832100260 832100260 832100260 832100260 832100260 832100260 832100260 832100260 832100260 832100260 832100260 832100260 832100260 832100260 832100260 832100260 832100260 832100260 832100260 832100260 832100260 832100260 832100260 832100260 832100260 832100260 832100260 832100260 832100260 832100260 832100260 832100260 832100260 832100260 832100260 
832100260 832100260 832100260 832100260 832100260 832100260 832100260 832100260 832100260 832100260 832100260 832100260 832100260 832100260 832100260 832100260 832100260 832100260 832100260 832100260 832100260 832100260 832100260 832100260 832100260 832100260 832100260 832100260 832100260 832100260 832100260 832100260 832100260 832100260 832100260 832100260 832100260 832100260 832100260 832100260 832100260 
832100260 832100260 832100260 832100260 832100260 832100260 832100260 832100260 832100260 832100260 832100260 832100260 832100260 832100260 832100260 832100260 832100260 832100260 832100260 832100260 832100260 832100260 832100260 832100260 832100260 832100260 832100260 832100260 832100260 832100260 832100260 832100260 832100260 832100260 832100260 832100260 832100260 832100260 832100260 832100260 832100260 
832100260 832100260 832100260 832100260 832100260 832100260 832100260 832100260 832100260 832100260 832100260 832100260 832100260 832100260 832100260 832100260 832100260 832100260 832100260 832100260 832100260 832100260 832100260 832100260 832100260 832100260 832100260 832100260 832100260 832100260 832100260 832100260 832100260 832100260 832100260 832100260 832100260 832100260 832100260 832100260 832100260 
832100260 832100260 832100260 832100260 832100260 832100260 832100260 832100260 832100260 832100260 832100260 832100260 832100260 832100260 832100260 832100260 832100260 832100260 832100260 832100260 832100260 832100260 832100260 832100260 832100260 832100260 832100260 832100260 832100260 832100260 832100260 832100260 832100260 832100260 832100260 832100260 832100260 832100260 832100260 832100260 832100260 
832100260 832100260 832100260 832100260 832100260 832100260 832100260 832100260 832100260 832100260 832100260 832100260 832100260 832100260 832100260 832100260 832100260 832100260 832100260 832100260 832100260 832100260 832100260 832100260 832100260 832100260 832100260 832100260 832100260 832100260 832100260 832100260 832100260 832100260 832100260 832100260 832100260 832100260 832100260 832100260 832100260 
832100260 832100260 832100260 832100260 832100260 832100260 832100260 832100260 832100260 832100260 832100260 832100260 832100260 832100260 832100260 832100260 832100260 832100260 832100260 832100260 832100260 832100260 832100260 832100260 832100260 832100260 832100260 832100260 832100260 832100260 832100260 832100260 832100260 832100260 832100260 832100260 832100260 832100260 832100260 832100260 832100260 
832100260 832100260 832100260 832100260 832100260 832100260 832100260 832100260 832100260 832100260 832100260 832100260 832100260 832100260 832100260 832100260 832100260 832100260 832100260 832100260 832100260 832100260 832100260 832100260 832100260 832100260 832100260 832100260 832100260 832100260 832100260 832100260 832100260 832100260 832100260 832100260 832100260 832100260 832100260 832100260 832100260 
832100260 832100260 832100260 832100260 832100260 832100260 832100260 832100260 832100260 832100260 832100260 832100260 832100260 832100260 832100260 832100260 832100260 832100260 832100260 832100260 832100260 832100260 832100260 832100260 832100260 832100260 832100260 832100260 832100260 832100260 832100260 832100260 832100260 832100260 832100260 832100260 832100260 832100260 832100260 832100260 832100260 
832100260 832100260 832100260 832100260 832100260 832100260 832100260 832100260 832100260 832100260 832100260 832100260 832100260 832100260 832100260 832100260 832100260 832100260 832100260 832100260 832100260 832100260 832100260 832100260 832100260 832100260 832100260 832100260 832100260 832100260 832100260 832100260 832100260 832100260 832100260 832100260 832100260 832100260 832100260 832100260 832100260 
832100260 832100260 832100260 832100260 832100260 832100260 832100260 832100260 832100260 832100260 832100260 832100260 832100260 832100260 832100260 832100260 832100260 832100260 832100260 832100260 832100260 832100260 832100260 832100260 832100260 832100260 832100260 832100260 832100260 832100260 832100260 832100260 832100260 832100260 832100260 832100260 832100260 832100260 832100260 832100260 832100260 
832100260 832100260 832100260 832100260 832100260 832100260 832100260 832100260 832100260 832100260 832100260 832100260 832100260 832100260 832100260 832100260 832100260 832100260 832100260 832100260 832100260 832100260 832100260 832100260 832100260 832100260 832100260 832100260 832100260 832100260 832100260 832100260 832100260 832100260 832100260 832100260 832100260 832100260 832100260 832100260 832100260 
832100260 832100260 832100260 832100260 832100260 832100260 832100260 832100260 832100260 832100260 832100260 832100260 832100260 832100260 832100260 832100260 832100260 832100260 832100260 832100260 832100260 832100260 832100260 832100260 832100260 832100260 832100260 832100260 832100260 832100260 832100260 832100260 832100260 832100260 832100260 832100260 832100260 832100260 832100260 832100260 832100260 
832100260 832100260 832100260 832100260 832100260 832100260 832100260 832100260 832100260 832100260 832100260 832100260 832100260 832100260 832100260 832100260 832100260 832100260 832100260 832100260 832100260 832100260 832100260 832100260 832100260 832100260 832100260 832100260 832100260 832100260 832100260 832100260 832100260 832100260 832100260 832100260 832100260 832100260 832100260 832100260 832100260 
832100260 832100260 832100260 832100260 832100260 832100260 832100260 832100260 832100260 832100260 832100260 832100260 832100260 832100260 832100260 832100260 832100260 832100260 832100260 832100260 832100260 832100260 832100260 832100260 832100260 832100260 832100260 832100260 832100260 832100260 832100260 832100260 832100260 832100260 832100260 832100260 832100260 832100260 832100260 832100260 832100260 
832100260 832100260 832100260 832100260 832100260 832100260 832100260 832100260 832100260 832100260 832100260 832100260 832100260 832100260 832100260 832100260 832100260 832100260 832100260 832100260 832100260 832100260 832100260 832100260 832100260 832100260 832100260 832100260 832100260 832100260 832100260 832100260 832100260 832100260 832100260 832100260 832100260 832100260 832100260 832100260 832100260 
832100260 832100260 832100260 832100260 832100260 832100260 832100260 832100260 832100260 832100260 832100260 832100260 832100260 832100260 832100260 832100260 832100260 832100260 832100260 832100260 832100260 832100260 832100260 832100260 832100260 832100260 832100260 832100260 832100260 832100260 832100260 832100260 832100260 832100260 832100260 832100260 832100260 832100260 832100260 832100260 832100260 
832100260 832100260 832100260 832100260 832100260 832100260 832100260 832100260 832100260 832100260 832100260 832100260 832100260 832100260 832100260 832100260 832100260 832100260 832100260 832100260 832100260 832100260 832100260 832100260 832100260 832100260 832100260 832100260 832100260 832100260 832100260 832100260 832100260 832100260 832100260 832100260 832100260 832100260 832100260 832100260 832100260 
832100260 832100260 832100260 832100260 832100260 832100260 832100260 832100260 832100260 832100260 832100260 832100260 832100260 832100260 832100260 832100260 832100260 832100260 832100260 832100260 832100260 832100260 832100260 832100260 832100260 832100260 832100260 832100260 832100260 832100260 832100260 832100260 832100260 832100260 832100260 832100260 832100260 832100260 832100260 832100260 832100260 
832100260 832100260 832100260 832100260 832100260 832100260 832100260 832100260 832100260 832100260 832100260 832100260 832100260 832100260 832100260 832100260 832100260 832100260 832100260 832100260 832100260 832100260 832100260 832100260 832100260 832100260 832100260 832100260 832100260 832100260 832100260 832100260 832100260 832100260 832100260 832100260 832100260 832100260 832100260 832100260 832100260 
832100260 832100260 832100260 832100260 832100260 832100260 832100260 832100260 832100260 832100260 832100260 832100260 832100260 832100260 832100260 832100260 832100260 832100260 832100260 832100260 832100260 832100260 832100260 832100260 832100260 832100260 832100260 832100260 832100260 832100260 832100260 832100260 832100260 832100260 832100260 832100260 832100260 832100260 832100260 832100260 832100260 
832100260 832100260 832100260 832100260 832100260 832100260 832100260 832100260 832100260 832100260 832100260 832100260 832100260 832100260 832100260 832100260 832100260 832100260 832100260 832100260 832100260 832100260 832100260 832100260 832100260 832100260 832100260 832100260 832100260 832100260 832100260 832100260 832100260 832100260 832100260 832100260 832100260 832100260 832100260 832100260 832100260 
