832099092 832099088/n832100000 832100000 832100000 832100000 832100000 832100000 832100000 832100000 832100000 832100000 832100000 832100000 832100000 832100000 832100000 832100000 832100000 832100000 832100000 832100000 832100000 832100000 832100000 832100000 
832100000 832100000 832100000 832100000 832100000 832100000 832100000 832100000 832100000 832100000 832100000 832100000 832100000 832100000 832100000 832100000 832100000 832100000 832100000 832100000 832100000 832100000 832100000 832100000 
832100000 832100000 832100000 832100000 832100000 832100000 832100000 832100000 832100000 832100000 832100000 832100000 832100000 832100000 832100000 832100000 832100000 832100000 832100000 832100000 832100000 832100000 832100000 832100000 
832100000 832100000 832100000 832100000 832100000 832100000 832100000 832100000 832100000 832100000 832100000 832100000 832100000 832100000 832100000 832100000 832100000 832100000 832100000 832100000 832100000 832100000 832100000 832100000 
832100000 832100000 832100000 832100000 832100000 832100000 832100000 832100000 832100000 832100000 832100000 832100000 832100000 832100000 832100000 832100000 832100000 832100000 832100000 832100000 832100000 832100000 832100000 832100000 
832100000 832100000 832100000 832100000 832100000 832100000 832100000 832100000 832100000 832100000 832100000 832100000 832100000 832100000 832100000 832100000 832100000 832100000 832100000 832100000 832100000 832100000 832100000 832100000 
832100000 832100000 832100000 832100000 832100000 832100000 832100000 832100000 832100000 832100000 832100000 832100000 832100000 832100000 832100000 832100000 832100000 832100000 832100000 832100000 832100000 832100000 832100000 832100000 
832100000 832100000 832100000 832100000 832100000 832100000 832100000 832100000 832100000 832100000 832100000 832100000 832100000 832100000 832100000 832100000 832100000 832100000 832100000 832100000 832100000 832100000 832100000 832100000 
832100000 832100000 832100000 832100000 832100000 832100000 832100000 832100000 832100000 832100000 832100000 832100000 832100000 832100000 832100000 832100000 832100000 832100000 832100000 832100000 832100000 832100000 832100000 832100000 
832100000 832100000 832100000 832100000 832100000 832100000 832100000 832100000 832100000 832100000 832100000 832100000 832100000 832100000 832100000 832100000 832100000 832100000 832100000 832100000 832100000 832100000 832100000 832100000 
832100000 832100000 832100000 832100000 832100000 832100000 832100000 832100000 832100000 832100000 832100000 832100000 832100000 832100000 832100000 832100000 832100000 832100000 832100000 832100000 832100000 832100000 832100000 832100000 
832100000 832100000 832100000 832100000 832100000 832100000 832100000 832100000 832100000 832100000 832100000 832100000 832100000 832100000 832100000 832100000 832100000 832100000 832100000 832100000 832100000 832100000 832100000 832100000 
832100000 832100000 832100000 832100000 832100000 832100000 832100000 832100000 832100000 832100000 832100000 832100000 832100000 832100000 832100000 832100000 832100000 832100000 832100000 832100000 832100000 832100000 832100000 832100000 
832100000 832100000 832100000 832100000 832100000 832100000 832100000 832100000 832100000 832100000 832100000 832100000 832100000 832100000 832100000 832100000 832100000 832100000 832100000 832100000 832100000 832100000 832100000 832100000 
832100000 832100000 832100000 832100000 832100000 832100000 832100000 832100000 832100000 832100000 832100000 832100000 832100000 832100000 832100000 832100000 832100000 832100000 832100000 832100000 832100000 832100000 832100000 832100000 
832100000 832100000 832100000 832100000 832100000 832100000 832100000 832100000 832100000 832100000 832100000 832100000 832100000 832100000 832100000 832100000 832100000 832100000 832100000 832100000 832100000 832100000 832100000 832100000 
832100000 832100000 832100000 832100000 832100000 832100000 832100000 832100000 832100000 832100000 832100000 832100000 832100000 832100000 832100000 832100000 832100000 832100000 832100000 832100000 832100000 832100000 832100000 832100000 
832100000 832100000 832100000 832100000 832100000 832100000 832100000 832100000 832100000 832100000 832100000 832100000 832100000 832100000 832100000 832100000 832100000 832100000 832100000 832100000 832100000 832100000 832100000 832100000 
832100000 832100000 832100000 832100000 832100000 832100000 832100000 832100000 832100000 832100000 832100000 832100000 832100000 832100000 832100000 832100000 832100000 832100000 832100000 832100000 832100000 832100000 832100000 832100000 
832100000 832100000 832100000 832100000 832100000 832100000 832100000 832100000 832100000 832100000 832100000 832100000 832100000 832100000 832100000 832100000 832100000 832100000 832100000 832100000 832100000 832100000 832100000 832100000 
832100000 832100000 832100000 832100000 832100000 832100000 832100000 832100000 832100000 832100000 832100000 832100000 832100000 832100000 832100000 832100000 832100000 832100000 832100000 832100000 832100000 832100000 832100000 832100000 
832100000 832100000 832100000 832100000 832100000 832100000 832100000 832100000 832100000 832100000 832100000 832100000 832100000 832100000 832100000 832100000 832100000 832100000 832100000 832100000 832100000 832100000 832100000 832100000 
832100000 832100000 832100000 832100000 832100000 832100000 832100000 832100000 832100000 832100000 832100000 832100000 832100000 832100000 832100000 832100000 832100000 832100000 832100000 832100000 832100000 832100000 832100000 832100000 
832100000 832100000 832100000 832100000 832100000 832100000 832100000 832100000 832100000 832100000 832100000 832100000 832100000 832100000 832100000 832100000 832100000 832100000 832100000 832100000 832100000 832100000 832100000 832100000 
832100000 832100000 832100000 832100000 832100000 832100000 832100000 832100000 832100000 832100000 832100000 832100000 832100000 832100000 832100000 832100000 832100000 832100000 832100000 832100000 832100000 832100000 832100000 832100000 
832100000 832100000 832100000 832100000 832100000 832100000 832100000 832100000 832100000 832100000 832100000 832100000 832100000 832100000 832100000 832100000 832100000 832100000 832100000 832100000 832100000 832100000 832100000 832100000 
832100000 832100000 832100000 832100000 832100000 832100000 832100000 832100000 832100000 832100000 832100000 832100000 832100000 832100000 832100000 832100000 832100000 832100000 832100000 832100000 832100000 832100000 832100000 832100000 
832100000 832100000 832100000 832100000 832100000 832100000 832100000 832100000 832100000 832100000 832100000 832100000 832100000 832100000 832100000 832100000 832100000 832100000 832100000 832100000 832100000 832100000 832100000 832100000 
832100000 832100000 832100000 832100000 832100000 832100000 832100000 832100000 832100000 832100000 832100000 832100000 832100000 832100000 832100000 832100000 832100000 832100000 832100000 832100000 832100000 832100000 832100000 832100000 
832100000 832100000 832100000 832100000 832100000 832100000 832100000 832100000 832100000 832100000 832100000 832100000 832100000 832100000 832100000 832100000 832100000 832100000 832100000 832100000 832100000 832100000 832100000 832100000 
