832099092 832099088/n832100056 832100056 832100056 832100056 832100056 832100056 832100056 832100056 832100056 832100056 
832100056 832100056 832100056 832100056 832100056 832100056 832100056 832100056 832100056 832100056 
832100056 832100056 832100056 832100056 832100056 832100056 832100056 832100056 832100056 832100056 
832100056 832100056 832100056 832100056 832100056 832100056 832100056 832100056 832100056 832100056 
832100056 832100056 832100056 832100056 832100056 832100056 832100056 832100056 832100056 832100056 
832100056 832100056 832100056 832100056 832100056 832100056 832100056 832100056 832100056 832100056 
832100056 832100056 832100056 832100056 832100056 832100056 832100056 832100056 832100056 832100056 
832100056 832100056 832100056 832100056 832100056 832100056 832100056 832100056 832100056 832100056 
832100056 832100056 832100056 832100056 832100056 832100056 832100056 832100056 832100056 832100056 
832100056 832100056 832100056 832100056 832100056 832100056 832100056 832100056 832100056 832100056 
832100056 832100056 832100056 832100056 832100056 832100056 832100056 832100056 832100056 832100056 
832100056 832100056 832100056 832100056 832100056 832100056 832100056 832100056 832100056 832100056 
832100056 832100056 832100056 832100056 832100056 832100056 832100056 832100056 832100056 832100056 
832100056 832100056 832100056 832100056 832100056 832100056 832100056 832100056 832100056 832100056 
832100056 832100056 832100056 832100056 832100056 832100056 832100056 832100056 832100056 832100056 
832100056 832100056 832100056 832100056 832100056 832100056 832100056 832100056 832100056 832100056 
832100056 832100056 832100056 832100056 832100056 832100056 832100056 832100056 832100056 832100056 
832100056 832100056 832100056 832100056 832100056 832100056 832100056 832100056 832100056 832100056 
832100056 832100056 832100056 832100056 832100056 832100056 832100056 832100056 832100056 832100056 
832100056 832100056 832100056 832100056 832100056 832100056 832100056 832100056 832100056 832100056 
832100056 832100056 832100056 832100056 832100056 832100056 832100056 832100056 832100056 832100056 
832100056 832100056 832100056 832100056 832100056 832100056 832100056 832100056 832100056 832100056 
832100056 832100056 832100056 832100056 832100056 832100056 832100056 832100056 832100056 832100056 
832100056 832100056 832100056 832100056 832100056 832100056 832100056 832100056 832100056 832100056 
832100056 832100056 832100056 832100056 832100056 832100056 832100056 832100056 832100056 832100056 
832100056 832100056 832100056 832100056 832100056 832100056 832100056 832100056 832100056 832100056 
832100056 832100056 832100056 832100056 832100056 832100056 832100056 832100056 832100056 832100056 
832100056 832100056 832100056 832100056 832100056 832100056 832100056 832100056 832100056 832100056 
832100056 832100056 832100056 832100056 832100056 832100056 832100056 832100056 832100056 832100056 
832100056 832100056 832100056 832100056 832100056 832100056 832100056 832100056 832100056 832100056 
832100056 832100056 832100056 832100056 832100056 832100056 832100056 832100056 832100056 832100056 
832100056 832100056 832100056 832100056 832100056 832100056 832100056 832100056 832100056 832100056 
832100056 832100056 832100056 832100056 832100056 832100056 832100056 832100056 832100056 832100056 
832100056 832100056 832100056 832100056 832100056 832100056 832100056 832100056 832100056 832100056 
832100056 832100056 832100056 832100056 832100056 832100056 832100056 832100056 832100056 832100056 
832100056 832100056 832100056 832100056 832100056 832100056 832100056 832100056 832100056 832100056 
832100056 832100056 832100056 832100056 832100056 832100056 832100056 832100056 832100056 832100056 
