832099092 832099088/n832100204 832100204 832100204 832100204 832100204 832100204 832100204 832100204 832100204 832100204 832100204 832100204 832100204 832100204 832100204 832100204 832100204 832100204 832100204 832100204 832100204 832100204 832100204 832100204 832100204 832100204 832100204 
832100204 832100204 832100204 832100204 832100204 832100204 832100204 832100204 832100204 832100204 832100204 832100204 832100204 832100204 832100204 832100204 832100204 832100204 832100204 832100204 832100204 832100204 832100204 832100204 832100204 832100204 832100204 
832100204 832100204 832100204 832100204 832100204 832100204 832100204 832100204 832100204 832100204 832100204 832100204 832100204 832100204 832100204 832100204 832100204 832100204 832100204 832100204 832100204 832100204 832100204 832100204 832100204 832100204 832100204 
832100204 832100204 832100204 832100204 832100204 832100204 832100204 832100204 832100204 832100204 832100204 832100204 832100204 832100204 832100204 832100204 832100204 832100204 832100204 832100204 832100204 832100204 832100204 832100204 832100204 832100204 832100204 
832100204 832100204 832100204 832100204 832100204 832100204 832100204 832100204 832100204 832100204 832100204 832100204 832100204 832100204 832100204 832100204 832100204 832100204 832100204 832100204 832100204 832100204 832100204 832100204 832100204 832100204 832100204 
832100204 832100204 832100204 832100204 832100204 832100204 832100204 832100204 832100204 832100204 832100204 832100204 832100204 832100204 832100204 832100204 832100204 832100204 832100204 832100204 832100204 832100204 832100204 832100204 832100204 832100204 832100204 
832100204 832100204 832100204 832100204 832100204 832100204 832100204 832100204 832100204 832100204 832100204 832100204 832100204 832100204 832100204 832100204 832100204 832100204 832100204 832100204 832100204 832100204 832100204 832100204 832100204 832100204 832100204 
832100204 832100204 832100204 832100204 832100204 832100204 832100204 832100204 832100204 832100204 832100204 832100204 832100204 832100204 832100204 832100204 832100204 832100204 832100204 832100204 832100204 832100204 832100204 832100204 832100204 832100204 832100204 
832100204 832100204 832100204 832100204 832100204 832100204 832100204 832100204 832100204 832100204 832100204 832100204 832100204 832100204 832100204 832100204 832100204 832100204 832100204 832100204 832100204 832100204 832100204 832100204 832100204 832100204 832100204 
832100204 832100204 832100204 832100204 832100204 832100204 832100204 832100204 832100204 832100204 832100204 832100204 832100204 832100204 832100204 832100204 832100204 832100204 832100204 832100204 832100204 832100204 832100204 832100204 832100204 832100204 832100204 
832100204 832100204 832100204 832100204 832100204 832100204 832100204 832100204 832100204 832100204 832100204 832100204 832100204 832100204 832100204 832100204 832100204 832100204 832100204 832100204 832100204 832100204 832100204 832100204 832100204 832100204 832100204 
832100204 832100204 832100204 832100204 832100204 832100204 832100204 832100204 832100204 832100204 832100204 832100204 832100204 832100204 832100204 832100204 832100204 832100204 832100204 832100204 832100204 832100204 832100204 832100204 832100204 832100204 832100204 
832100204 832100204 832100204 832100204 832100204 832100204 832100204 832100204 832100204 832100204 832100204 832100204 832100204 832100204 832100204 832100204 832100204 832100204 832100204 832100204 832100204 832100204 832100204 832100204 832100204 832100204 832100204 
832100204 832100204 832100204 832100204 832100204 832100204 832100204 832100204 832100204 832100204 832100204 832100204 832100204 832100204 832100204 832100204 832100204 832100204 832100204 832100204 832100204 832100204 832100204 832100204 832100204 832100204 832100204 
832100204 832100204 832100204 832100204 832100204 832100204 832100204 832100204 832100204 832100204 832100204 832100204 832100204 832100204 832100204 832100204 832100204 832100204 832100204 832100204 832100204 832100204 832100204 832100204 832100204 832100204 832100204 
832100204 832100204 832100204 832100204 832100204 832100204 832100204 832100204 832100204 832100204 832100204 832100204 832100204 832100204 832100204 832100204 832100204 832100204 832100204 832100204 832100204 832100204 832100204 832100204 832100204 832100204 832100204 
832100204 832100204 832100204 832100204 832100204 832100204 832100204 832100204 832100204 832100204 832100204 832100204 832100204 832100204 832100204 832100204 832100204 832100204 832100204 832100204 832100204 832100204 832100204 832100204 832100204 832100204 832100204 
832100204 832100204 832100204 832100204 832100204 832100204 832100204 832100204 832100204 832100204 832100204 832100204 832100204 832100204 832100204 832100204 832100204 832100204 832100204 832100204 832100204 832100204 832100204 832100204 832100204 832100204 832100204 
832100204 832100204 832100204 832100204 832100204 832100204 832100204 832100204 832100204 832100204 832100204 832100204 832100204 832100204 832100204 832100204 832100204 832100204 832100204 832100204 832100204 832100204 832100204 832100204 832100204 832100204 832100204 
832100204 832100204 832100204 832100204 832100204 832100204 832100204 832100204 832100204 832100204 832100204 832100204 832100204 832100204 832100204 832100204 832100204 832100204 832100204 832100204 832100204 832100204 832100204 832100204 832100204 832100204 832100204 
832100204 832100204 832100204 832100204 832100204 832100204 832100204 832100204 832100204 832100204 832100204 832100204 832100204 832100204 832100204 832100204 832100204 832100204 832100204 832100204 832100204 832100204 832100204 832100204 832100204 832100204 832100204 
832100204 832100204 832100204 832100204 832100204 832100204 832100204 832100204 832100204 832100204 832100204 832100204 832100204 832100204 832100204 832100204 832100204 832100204 832100204 832100204 832100204 832100204 832100204 832100204 832100204 832100204 832100204 
832100204 832100204 832100204 832100204 832100204 832100204 832100204 832100204 832100204 832100204 832100204 832100204 832100204 832100204 832100204 832100204 832100204 832100204 832100204 832100204 832100204 832100204 832100204 832100204 832100204 832100204 832100204 
832100204 832100204 832100204 832100204 832100204 832100204 832100204 832100204 832100204 832100204 832100204 832100204 832100204 832100204 832100204 832100204 832100204 832100204 832100204 832100204 832100204 832100204 832100204 832100204 832100204 832100204 832100204 
832100204 832100204 832100204 832100204 832100204 832100204 832100204 832100204 832100204 832100204 832100204 832100204 832100204 832100204 832100204 832100204 832100204 832100204 832100204 832100204 832100204 832100204 832100204 832100204 832100204 832100204 832100204 
832100204 832100204 832100204 832100204 832100204 832100204 832100204 832100204 832100204 832100204 832100204 832100204 832100204 832100204 832100204 832100204 832100204 832100204 832100204 832100204 832100204 832100204 832100204 832100204 832100204 832100204 832100204 
832100204 832100204 832100204 832100204 832100204 832100204 832100204 832100204 832100204 832100204 832100204 832100204 832100204 832100204 832100204 832100204 832100204 832100204 832100204 832100204 832100204 832100204 832100204 832100204 832100204 832100204 832100204 
832100204 832100204 832100204 832100204 832100204 832100204 832100204 832100204 832100204 832100204 832100204 832100204 832100204 832100204 832100204 832100204 832100204 832100204 832100204 832100204 832100204 832100204 832100204 832100204 832100204 832100204 832100204 
832100204 832100204 832100204 832100204 832100204 832100204 832100204 832100204 832100204 832100204 832100204 832100204 832100204 832100204 832100204 832100204 832100204 832100204 832100204 832100204 832100204 832100204 832100204 832100204 832100204 832100204 832100204 
832100204 832100204 832100204 832100204 832100204 832100204 832100204 832100204 832100204 832100204 832100204 832100204 832100204 832100204 832100204 832100204 832100204 832100204 832100204 832100204 832100204 832100204 832100204 832100204 832100204 832100204 832100204 
832100204 832100204 832100204 832100204 832100204 832100204 832100204 832100204 832100204 832100204 832100204 832100204 832100204 832100204 832100204 832100204 832100204 832100204 832100204 832100204 832100204 832100204 832100204 832100204 832100204 832100204 832100204 
832100204 832100204 832100204 832100204 832100204 832100204 832100204 832100204 832100204 832100204 832100204 832100204 832100204 832100204 832100204 832100204 832100204 832100204 832100204 832100204 832100204 832100204 832100204 832100204 832100204 832100204 832100204 
832100204 832100204 832100204 832100204 832100204 832100204 832100204 832100204 832100204 832100204 832100204 832100204 832100204 832100204 832100204 832100204 832100204 832100204 832100204 832100204 832100204 832100204 832100204 832100204 832100204 832100204 832100204 
832100204 832100204 832100204 832100204 832100204 832100204 832100204 832100204 832100204 832100204 832100204 832100204 832100204 832100204 832100204 832100204 832100204 832100204 832100204 832100204 832100204 832100204 832100204 832100204 832100204 832100204 832100204 
832100204 832100204 832100204 832100204 832100204 832100204 832100204 832100204 832100204 832100204 832100204 832100204 832100204 832100204 832100204 832100204 832100204 832100204 832100204 832100204 832100204 832100204 832100204 832100204 832100204 832100204 832100204 
832100204 832100204 832100204 832100204 832100204 832100204 832100204 832100204 832100204 832100204 832100204 832100204 832100204 832100204 832100204 832100204 832100204 832100204 832100204 832100204 832100204 832100204 832100204 832100204 832100204 832100204 832100204 
832100204 832100204 832100204 832100204 832100204 832100204 832100204 832100204 832100204 832100204 832100204 832100204 832100204 832100204 832100204 832100204 832100204 832100204 832100204 832100204 832100204 832100204 832100204 832100204 832100204 832100204 832100204 
832100204 832100204 832100204 832100204 832100204 832100204 832100204 832100204 832100204 832100204 832100204 832100204 832100204 832100204 832100204 832100204 832100204 832100204 832100204 832100204 832100204 832100204 832100204 832100204 832100204 832100204 832100204 
832100204 832100204 832100204 832100204 832100204 832100204 832100204 832100204 832100204 832100204 832100204 832100204 832100204 832100204 832100204 832100204 832100204 832100204 832100204 832100204 832100204 832100204 832100204 832100204 832100204 832100204 832100204 
832100204 832100204 832100204 832100204 832100204 832100204 832100204 832100204 832100204 832100204 832100204 832100204 832100204 832100204 832100204 832100204 832100204 832100204 832100204 832100204 832100204 832100204 832100204 832100204 832100204 832100204 832100204 
832100204 832100204 832100204 832100204 832100204 832100204 832100204 832100204 832100204 832100204 832100204 832100204 832100204 832100204 832100204 832100204 832100204 832100204 832100204 832100204 832100204 832100204 832100204 832100204 832100204 832100204 832100204 
832100204 832100204 832100204 832100204 832100204 832100204 832100204 832100204 832100204 832100204 832100204 832100204 832100204 832100204 832100204 832100204 832100204 832100204 832100204 832100204 832100204 832100204 832100204 832100204 832100204 832100204 832100204 
