832099092 832099088/n832099996 832099996 832099996 832099996 832099996 832099996 832099996 832099996 832099996 832099996 832099996 832099996 832099996 832099996 832099996 
832099996 832099996 832099996 832099996 832099996 832099996 832099996 832099996 832099996 832099996 832099996 832099996 832099996 832099996 832099996 
832099996 832099996 832099996 832099996 832099996 832099996 832099996 832099996 832099996 832099996 832099996 832099996 832099996 832099996 832099996 
832099996 832099996 832099996 832099996 832099996 832099996 832099996 832099996 832099996 832099996 832099996 832099996 832099996 832099996 832099996 
832099996 832099996 832099996 832099996 832099996 832099996 832099996 832099996 832099996 832099996 832099996 832099996 832099996 832099996 832099996 
832099996 832099996 832099996 832099996 832099996 832099996 832099996 832099996 832099996 832099996 832099996 832099996 832099996 832099996 832099996 
832099996 832099996 832099996 832099996 832099996 832099996 832099996 832099996 832099996 832099996 832099996 832099996 832099996 832099996 832099996 
832099996 832099996 832099996 832099996 832099996 832099996 832099996 832099996 832099996 832099996 832099996 832099996 832099996 832099996 832099996 
832099996 832099996 832099996 832099996 832099996 832099996 832099996 832099996 832099996 832099996 832099996 832099996 832099996 832099996 832099996 
832099996 832099996 832099996 832099996 832099996 832099996 832099996 832099996 832099996 832099996 832099996 832099996 832099996 832099996 832099996 
832099996 832099996 832099996 832099996 832099996 832099996 832099996 832099996 832099996 832099996 832099996 832099996 832099996 832099996 832099996 
832099996 832099996 832099996 832099996 832099996 832099996 832099996 832099996 832099996 832099996 832099996 832099996 832099996 832099996 832099996 
832099996 832099996 832099996 832099996 832099996 832099996 832099996 832099996 832099996 832099996 832099996 832099996 832099996 832099996 832099996 
832099996 832099996 832099996 832099996 832099996 832099996 832099996 832099996 832099996 832099996 832099996 832099996 832099996 832099996 832099996 
832099996 832099996 832099996 832099996 832099996 832099996 832099996 832099996 832099996 832099996 832099996 832099996 832099996 832099996 832099996 
832099996 832099996 832099996 832099996 832099996 832099996 832099996 832099996 832099996 832099996 832099996 832099996 832099996 832099996 832099996 
832099996 832099996 832099996 832099996 832099996 832099996 832099996 832099996 832099996 832099996 832099996 832099996 832099996 832099996 832099996 
832099996 832099996 832099996 832099996 832099996 832099996 832099996 832099996 832099996 832099996 832099996 832099996 832099996 832099996 832099996 
832099996 832099996 832099996 832099996 832099996 832099996 832099996 832099996 832099996 832099996 832099996 832099996 832099996 832099996 832099996 
832099996 832099996 832099996 832099996 832099996 832099996 832099996 832099996 832099996 832099996 832099996 832099996 832099996 832099996 832099996 
832099996 832099996 832099996 832099996 832099996 832099996 832099996 832099996 832099996 832099996 832099996 832099996 832099996 832099996 832099996 
832099996 832099996 832099996 832099996 832099996 832099996 832099996 832099996 832099996 832099996 832099996 832099996 832099996 832099996 832099996 
832099996 832099996 832099996 832099996 832099996 832099996 832099996 832099996 832099996 832099996 832099996 832099996 832099996 832099996 832099996 
832099996 832099996 832099996 832099996 832099996 832099996 832099996 832099996 832099996 832099996 832099996 832099996 832099996 832099996 832099996 
832099996 832099996 832099996 832099996 832099996 832099996 832099996 832099996 832099996 832099996 832099996 832099996 832099996 832099996 832099996 
832099996 832099996 832099996 832099996 832099996 832099996 832099996 832099996 832099996 832099996 832099996 832099996 832099996 832099996 832099996 
832099996 832099996 832099996 832099996 832099996 832099996 832099996 832099996 832099996 832099996 832099996 832099996 832099996 832099996 832099996 
832099996 832099996 832099996 832099996 832099996 832099996 832099996 832099996 832099996 832099996 832099996 832099996 832099996 832099996 832099996 
832099996 832099996 832099996 832099996 832099996 832099996 832099996 832099996 832099996 832099996 832099996 832099996 832099996 832099996 832099996 
832099996 832099996 832099996 832099996 832099996 832099996 832099996 832099996 832099996 832099996 832099996 832099996 832099996 832099996 832099996 
832099996 832099996 832099996 832099996 832099996 832099996 832099996 832099996 832099996 832099996 832099996 832099996 832099996 832099996 832099996 
832099996 832099996 832099996 832099996 832099996 832099996 832099996 832099996 832099996 832099996 832099996 832099996 832099996 832099996 832099996 
