832099092 832099088/n832099920 832099920 832099920 832099920 832099920 832099920 832099920 832099920 832099920 832099920 832099920 832099920 832099920 832099920 832099920 832099920 
832099920 832099920 832099920 832099920 832099920 832099920 832099920 832099920 832099920 832099920 832099920 832099920 832099920 832099920 832099920 832099920 
832099920 832099920 832099920 832099920 832099920 832099920 832099920 832099920 832099920 832099920 832099920 832099920 832099920 832099920 832099920 832099920 
832099920 832099920 832099920 832099920 832099920 832099920 832099920 832099920 832099920 832099920 832099920 832099920 832099920 832099920 832099920 832099920 
832099920 832099920 832099920 832099920 832099920 832099920 832099920 832099920 832099920 832099920 832099920 832099920 832099920 832099920 832099920 832099920 
832099920 832099920 832099920 832099920 832099920 832099920 832099920 832099920 832099920 832099920 832099920 832099920 832099920 832099920 832099920 832099920 
832099920 832099920 832099920 832099920 832099920 832099920 832099920 832099920 832099920 832099920 832099920 832099920 832099920 832099920 832099920 832099920 
832099920 832099920 832099920 832099920 832099920 832099920 832099920 832099920 832099920 832099920 832099920 832099920 832099920 832099920 832099920 832099920 
832099920 832099920 832099920 832099920 832099920 832099920 832099920 832099920 832099920 832099920 832099920 832099920 832099920 832099920 832099920 832099920 
832099920 832099920 832099920 832099920 832099920 832099920 832099920 832099920 832099920 832099920 832099920 832099920 832099920 832099920 832099920 832099920 
832099920 832099920 832099920 832099920 832099920 832099920 832099920 832099920 832099920 832099920 832099920 832099920 832099920 832099920 832099920 832099920 
832099920 832099920 832099920 832099920 832099920 832099920 832099920 832099920 832099920 832099920 832099920 832099920 832099920 832099920 832099920 832099920 
832099920 832099920 832099920 832099920 832099920 832099920 832099920 832099920 832099920 832099920 832099920 832099920 832099920 832099920 832099920 832099920 
832099920 832099920 832099920 832099920 832099920 832099920 832099920 832099920 832099920 832099920 832099920 832099920 832099920 832099920 832099920 832099920 
832099920 832099920 832099920 832099920 832099920 832099920 832099920 832099920 832099920 832099920 832099920 832099920 832099920 832099920 832099920 832099920 
832099920 832099920 832099920 832099920 832099920 832099920 832099920 832099920 832099920 832099920 832099920 832099920 832099920 832099920 832099920 832099920 
832099920 832099920 832099920 832099920 832099920 832099920 832099920 832099920 832099920 832099920 832099920 832099920 832099920 832099920 832099920 832099920 
832099920 832099920 832099920 832099920 832099920 832099920 832099920 832099920 832099920 832099920 832099920 832099920 832099920 832099920 832099920 832099920 
832099920 832099920 832099920 832099920 832099920 832099920 832099920 832099920 832099920 832099920 832099920 832099920 832099920 832099920 832099920 832099920 
832099920 832099920 832099920 832099920 832099920 832099920 832099920 832099920 832099920 832099920 832099920 832099920 832099920 832099920 832099920 832099920 
832099920 832099920 832099920 832099920 832099920 832099920 832099920 832099920 832099920 832099920 832099920 832099920 832099920 832099920 832099920 832099920 
832099920 832099920 832099920 832099920 832099920 832099920 832099920 832099920 832099920 832099920 832099920 832099920 832099920 832099920 832099920 832099920 
832099920 832099920 832099920 832099920 832099920 832099920 832099920 832099920 832099920 832099920 832099920 832099920 832099920 832099920 832099920 832099920 
832099920 832099920 832099920 832099920 832099920 832099920 832099920 832099920 832099920 832099920 832099920 832099920 832099920 832099920 832099920 832099920 
832099920 832099920 832099920 832099920 832099920 832099920 832099920 832099920 832099920 832099920 832099920 832099920 832099920 832099920 832099920 832099920 
832099920 832099920 832099920 832099920 832099920 832099920 832099920 832099920 832099920 832099920 832099920 832099920 832099920 832099920 832099920 832099920 
832099920 832099920 832099920 832099920 832099920 832099920 832099920 832099920 832099920 832099920 832099920 832099920 832099920 832099920 832099920 832099920 
