832099092 832099088/n832100320 832100320 832100320 832100320 832100320 832100320 832100320 832100320 832100320 832100320 832100320 832100320 832100320 832100320 832100320 832100320 832100320 832100320 832100320 832100320 832100320 832100320 832100320 832100320 
832100320 832100320 832100320 832100320 832100320 832100320 832100320 832100320 832100320 832100320 832100320 832100320 832100320 832100320 832100320 832100320 832100320 832100320 832100320 832100320 832100320 832100320 832100320 832100320 
832100320 832100320 832100320 832100320 832100320 832100320 832100320 832100320 832100320 832100320 832100320 832100320 832100320 832100320 832100320 832100320 832100320 832100320 832100320 832100320 832100320 832100320 832100320 832100320 
832100320 832100320 832100320 832100320 832100320 832100320 832100320 832100320 832100320 832100320 832100320 832100320 832100320 832100320 832100320 832100320 832100320 832100320 832100320 832100320 832100320 832100320 832100320 832100320 
832100320 832100320 832100320 832100320 832100320 832100320 832100320 832100320 832100320 832100320 832100320 832100320 832100320 832100320 832100320 832100320 832100320 832100320 832100320 832100320 832100320 832100320 832100320 832100320 
832100320 832100320 832100320 832100320 832100320 832100320 832100320 832100320 832100320 832100320 832100320 832100320 832100320 832100320 832100320 832100320 832100320 832100320 832100320 832100320 832100320 832100320 832100320 832100320 
832100320 832100320 832100320 832100320 832100320 832100320 832100320 832100320 832100320 832100320 832100320 832100320 832100320 832100320 832100320 832100320 832100320 832100320 832100320 832100320 832100320 832100320 832100320 832100320 
832100320 832100320 832100320 832100320 832100320 832100320 832100320 832100320 832100320 832100320 832100320 832100320 832100320 832100320 832100320 832100320 832100320 832100320 832100320 832100320 832100320 832100320 832100320 832100320 
832100320 832100320 832100320 832100320 832100320 832100320 832100320 832100320 832100320 832100320 832100320 832100320 832100320 832100320 832100320 832100320 832100320 832100320 832100320 832100320 832100320 832100320 832100320 832100320 
832100320 832100320 832100320 832100320 832100320 832100320 832100320 832100320 832100320 832100320 832100320 832100320 832100320 832100320 832100320 832100320 832100320 832100320 832100320 832100320 832100320 832100320 832100320 832100320 
832100320 832100320 832100320 832100320 832100320 832100320 832100320 832100320 832100320 832100320 832100320 832100320 832100320 832100320 832100320 832100320 832100320 832100320 832100320 832100320 832100320 832100320 832100320 832100320 
832100320 832100320 832100320 832100320 832100320 832100320 832100320 832100320 832100320 832100320 832100320 832100320 832100320 832100320 832100320 832100320 832100320 832100320 832100320 832100320 832100320 832100320 832100320 832100320 
832100320 832100320 832100320 832100320 832100320 832100320 832100320 832100320 832100320 832100320 832100320 832100320 832100320 832100320 832100320 832100320 832100320 832100320 832100320 832100320 832100320 832100320 832100320 832100320 
832100320 832100320 832100320 832100320 832100320 832100320 832100320 832100320 832100320 832100320 832100320 832100320 832100320 832100320 832100320 832100320 832100320 832100320 832100320 832100320 832100320 832100320 832100320 832100320 
832100320 832100320 832100320 832100320 832100320 832100320 832100320 832100320 832100320 832100320 832100320 832100320 832100320 832100320 832100320 832100320 832100320 832100320 832100320 832100320 832100320 832100320 832100320 832100320 
832100320 832100320 832100320 832100320 832100320 832100320 832100320 832100320 832100320 832100320 832100320 832100320 832100320 832100320 832100320 832100320 832100320 832100320 832100320 832100320 832100320 832100320 832100320 832100320 
832100320 832100320 832100320 832100320 832100320 832100320 832100320 832100320 832100320 832100320 832100320 832100320 832100320 832100320 832100320 832100320 832100320 832100320 832100320 832100320 832100320 832100320 832100320 832100320 
832100320 832100320 832100320 832100320 832100320 832100320 832100320 832100320 832100320 832100320 832100320 832100320 832100320 832100320 832100320 832100320 832100320 832100320 832100320 832100320 832100320 832100320 832100320 832100320 
832100320 832100320 832100320 832100320 832100320 832100320 832100320 832100320 832100320 832100320 832100320 832100320 832100320 832100320 832100320 832100320 832100320 832100320 832100320 832100320 832100320 832100320 832100320 832100320 
832100320 832100320 832100320 832100320 832100320 832100320 832100320 832100320 832100320 832100320 832100320 832100320 832100320 832100320 832100320 832100320 832100320 832100320 832100320 832100320 832100320 832100320 832100320 832100320 
832100320 832100320 832100320 832100320 832100320 832100320 832100320 832100320 832100320 832100320 832100320 832100320 832100320 832100320 832100320 832100320 832100320 832100320 832100320 832100320 832100320 832100320 832100320 832100320 
832100320 832100320 832100320 832100320 832100320 832100320 832100320 832100320 832100320 832100320 832100320 832100320 832100320 832100320 832100320 832100320 832100320 832100320 832100320 832100320 832100320 832100320 832100320 832100320 
832100320 832100320 832100320 832100320 832100320 832100320 832100320 832100320 832100320 832100320 832100320 832100320 832100320 832100320 832100320 832100320 832100320 832100320 832100320 832100320 832100320 832100320 832100320 832100320 
832100320 832100320 832100320 832100320 832100320 832100320 832100320 832100320 832100320 832100320 832100320 832100320 832100320 832100320 832100320 832100320 832100320 832100320 832100320 832100320 832100320 832100320 832100320 832100320 
832100320 832100320 832100320 832100320 832100320 832100320 832100320 832100320 832100320 832100320 832100320 832100320 832100320 832100320 832100320 832100320 832100320 832100320 832100320 832100320 832100320 832100320 832100320 832100320 
832100320 832100320 832100320 832100320 832100320 832100320 832100320 832100320 832100320 832100320 832100320 832100320 832100320 832100320 832100320 832100320 832100320 832100320 832100320 832100320 832100320 832100320 832100320 832100320 
832100320 832100320 832100320 832100320 832100320 832100320 832100320 832100320 832100320 832100320 832100320 832100320 832100320 832100320 832100320 832100320 832100320 832100320 832100320 832100320 832100320 832100320 832100320 832100320 
832100320 832100320 832100320 832100320 832100320 832100320 832100320 832100320 832100320 832100320 832100320 832100320 832100320 832100320 832100320 832100320 832100320 832100320 832100320 832100320 832100320 832100320 832100320 832100320 
832100320 832100320 832100320 832100320 832100320 832100320 832100320 832100320 832100320 832100320 832100320 832100320 832100320 832100320 832100320 832100320 832100320 832100320 832100320 832100320 832100320 832100320 832100320 832100320 
832100320 832100320 832100320 832100320 832100320 832100320 832100320 832100320 832100320 832100320 832100320 832100320 832100320 832100320 832100320 832100320 832100320 832100320 832100320 832100320 832100320 832100320 832100320 832100320 
832100320 832100320 832100320 832100320 832100320 832100320 832100320 832100320 832100320 832100320 832100320 832100320 832100320 832100320 832100320 832100320 832100320 832100320 832100320 832100320 832100320 832100320 832100320 832100320 
832100320 832100320 832100320 832100320 832100320 832100320 832100320 832100320 832100320 832100320 832100320 832100320 832100320 832100320 832100320 832100320 832100320 832100320 832100320 832100320 832100320 832100320 832100320 832100320 
832100320 832100320 832100320 832100320 832100320 832100320 832100320 832100320 832100320 832100320 832100320 832100320 832100320 832100320 832100320 832100320 832100320 832100320 832100320 832100320 832100320 832100320 832100320 832100320 
832100320 832100320 832100320 832100320 832100320 832100320 832100320 832100320 832100320 832100320 832100320 832100320 832100320 832100320 832100320 832100320 832100320 832100320 832100320 832100320 832100320 832100320 832100320 832100320 
832100320 832100320 832100320 832100320 832100320 832100320 832100320 832100320 832100320 832100320 832100320 832100320 832100320 832100320 832100320 832100320 832100320 832100320 832100320 832100320 832100320 832100320 832100320 832100320 
832100320 832100320 832100320 832100320 832100320 832100320 832100320 832100320 832100320 832100320 832100320 832100320 832100320 832100320 832100320 832100320 832100320 832100320 832100320 832100320 832100320 832100320 832100320 832100320 
832100320 832100320 832100320 832100320 832100320 832100320 832100320 832100320 832100320 832100320 832100320 832100320 832100320 832100320 832100320 832100320 832100320 832100320 832100320 832100320 832100320 832100320 832100320 832100320 
832100320 832100320 832100320 832100320 832100320 832100320 832100320 832100320 832100320 832100320 832100320 832100320 832100320 832100320 832100320 832100320 832100320 832100320 832100320 832100320 832100320 832100320 832100320 832100320 
832100320 832100320 832100320 832100320 832100320 832100320 832100320 832100320 832100320 832100320 832100320 832100320 832100320 832100320 832100320 832100320 832100320 832100320 832100320 832100320 832100320 832100320 832100320 832100320 
832100320 832100320 832100320 832100320 832100320 832100320 832100320 832100320 832100320 832100320 832100320 832100320 832100320 832100320 832100320 832100320 832100320 832100320 832100320 832100320 832100320 832100320 832100320 832100320 
832100320 832100320 832100320 832100320 832100320 832100320 832100320 832100320 832100320 832100320 832100320 832100320 832100320 832100320 832100320 832100320 832100320 832100320 832100320 832100320 832100320 832100320 832100320 832100320 
832100320 832100320 832100320 832100320 832100320 832100320 832100320 832100320 832100320 832100320 832100320 832100320 832100320 832100320 832100320 832100320 832100320 832100320 832100320 832100320 832100320 832100320 832100320 832100320 
832100320 832100320 832100320 832100320 832100320 832100320 832100320 832100320 832100320 832100320 832100320 832100320 832100320 832100320 832100320 832100320 832100320 832100320 832100320 832100320 832100320 832100320 832100320 832100320 
832100320 832100320 832100320 832100320 832100320 832100320 832100320 832100320 832100320 832100320 832100320 832100320 832100320 832100320 832100320 832100320 832100320 832100320 832100320 832100320 832100320 832100320 832100320 832100320 
832100320 832100320 832100320 832100320 832100320 832100320 832100320 832100320 832100320 832100320 832100320 832100320 832100320 832100320 832100320 832100320 832100320 832100320 832100320 832100320 832100320 832100320 832100320 832100320 
832100320 832100320 832100320 832100320 832100320 832100320 832100320 832100320 832100320 832100320 832100320 832100320 832100320 832100320 832100320 832100320 832100320 832100320 832100320 832100320 832100320 832100320 832100320 832100320 
832100320 832100320 832100320 832100320 832100320 832100320 832100320 832100320 832100320 832100320 832100320 832100320 832100320 832100320 832100320 832100320 832100320 832100320 832100320 832100320 832100320 832100320 832100320 832100320 
832100320 832100320 832100320 832100320 832100320 832100320 832100320 832100320 832100320 832100320 832100320 832100320 832100320 832100320 832100320 832100320 832100320 832100320 832100320 832100320 832100320 832100320 832100320 832100320 
832100320 832100320 832100320 832100320 832100320 832100320 832100320 832100320 832100320 832100320 832100320 832100320 832100320 832100320 832100320 832100320 832100320 832100320 832100320 832100320 832100320 832100320 832100320 832100320 
832100320 832100320 832100320 832100320 832100320 832100320 832100320 832100320 832100320 832100320 832100320 832100320 832100320 832100320 832100320 832100320 832100320 832100320 832100320 832100320 832100320 832100320 832100320 832100320 
