832099092 832099088/n832100300 832100300 832100300 832100300 832100300 832100300 832100300 832100300 832100300 832100300 832100300 832100300 832100300 832100300 832100300 832100300 832100300 832100300 832100300 
832100300 832100300 832100300 832100300 832100300 832100300 832100300 832100300 832100300 832100300 832100300 832100300 832100300 832100300 832100300 832100300 832100300 832100300 832100300 
832100300 832100300 832100300 832100300 832100300 832100300 832100300 832100300 832100300 832100300 832100300 832100300 832100300 832100300 832100300 832100300 832100300 832100300 832100300 
832100300 832100300 832100300 832100300 832100300 832100300 832100300 832100300 832100300 832100300 832100300 832100300 832100300 832100300 832100300 832100300 832100300 832100300 832100300 
832100300 832100300 832100300 832100300 832100300 832100300 832100300 832100300 832100300 832100300 832100300 832100300 832100300 832100300 832100300 832100300 832100300 832100300 832100300 
832100300 832100300 832100300 832100300 832100300 832100300 832100300 832100300 832100300 832100300 832100300 832100300 832100300 832100300 832100300 832100300 832100300 832100300 832100300 
832100300 832100300 832100300 832100300 832100300 832100300 832100300 832100300 832100300 832100300 832100300 832100300 832100300 832100300 832100300 832100300 832100300 832100300 832100300 
832100300 832100300 832100300 832100300 832100300 832100300 832100300 832100300 832100300 832100300 832100300 832100300 832100300 832100300 832100300 832100300 832100300 832100300 832100300 
832100300 832100300 832100300 832100300 832100300 832100300 832100300 832100300 832100300 832100300 832100300 832100300 832100300 832100300 832100300 832100300 832100300 832100300 832100300 
832100300 832100300 832100300 832100300 832100300 832100300 832100300 832100300 832100300 832100300 832100300 832100300 832100300 832100300 832100300 832100300 832100300 832100300 832100300 
832100300 832100300 832100300 832100300 832100300 832100300 832100300 832100300 832100300 832100300 832100300 832100300 832100300 832100300 832100300 832100300 832100300 832100300 832100300 
832100300 832100300 832100300 832100300 832100300 832100300 832100300 832100300 832100300 832100300 832100300 832100300 832100300 832100300 832100300 832100300 832100300 832100300 832100300 
832100300 832100300 832100300 832100300 832100300 832100300 832100300 832100300 832100300 832100300 832100300 832100300 832100300 832100300 832100300 832100300 832100300 832100300 832100300 
832100300 832100300 832100300 832100300 832100300 832100300 832100300 832100300 832100300 832100300 832100300 832100300 832100300 832100300 832100300 832100300 832100300 832100300 832100300 
832100300 832100300 832100300 832100300 832100300 832100300 832100300 832100300 832100300 832100300 832100300 832100300 832100300 832100300 832100300 832100300 832100300 832100300 832100300 
832100300 832100300 832100300 832100300 832100300 832100300 832100300 832100300 832100300 832100300 832100300 832100300 832100300 832100300 832100300 832100300 832100300 832100300 832100300 
832100300 832100300 832100300 832100300 832100300 832100300 832100300 832100300 832100300 832100300 832100300 832100300 832100300 832100300 832100300 832100300 832100300 832100300 832100300 
832100300 832100300 832100300 832100300 832100300 832100300 832100300 832100300 832100300 832100300 832100300 832100300 832100300 832100300 832100300 832100300 832100300 832100300 832100300 
832100300 832100300 832100300 832100300 832100300 832100300 832100300 832100300 832100300 832100300 832100300 832100300 832100300 832100300 832100300 832100300 832100300 832100300 832100300 
832100300 832100300 832100300 832100300 832100300 832100300 832100300 832100300 832100300 832100300 832100300 832100300 832100300 832100300 832100300 832100300 832100300 832100300 832100300 
832100300 832100300 832100300 832100300 832100300 832100300 832100300 832100300 832100300 832100300 832100300 832100300 832100300 832100300 832100300 832100300 832100300 832100300 832100300 
832100300 832100300 832100300 832100300 832100300 832100300 832100300 832100300 832100300 832100300 832100300 832100300 832100300 832100300 832100300 832100300 832100300 832100300 832100300 
832100300 832100300 832100300 832100300 832100300 832100300 832100300 832100300 832100300 832100300 832100300 832100300 832100300 832100300 832100300 832100300 832100300 832100300 832100300 
832100300 832100300 832100300 832100300 832100300 832100300 832100300 832100300 832100300 832100300 832100300 832100300 832100300 832100300 832100300 832100300 832100300 832100300 832100300 
832100300 832100300 832100300 832100300 832100300 832100300 832100300 832100300 832100300 832100300 832100300 832100300 832100300 832100300 832100300 832100300 832100300 832100300 832100300 
832100300 832100300 832100300 832100300 832100300 832100300 832100300 832100300 832100300 832100300 832100300 832100300 832100300 832100300 832100300 832100300 832100300 832100300 832100300 
832100300 832100300 832100300 832100300 832100300 832100300 832100300 832100300 832100300 832100300 832100300 832100300 832100300 832100300 832100300 832100300 832100300 832100300 832100300 
832100300 832100300 832100300 832100300 832100300 832100300 832100300 832100300 832100300 832100300 832100300 832100300 832100300 832100300 832100300 832100300 832100300 832100300 832100300 
832100300 832100300 832100300 832100300 832100300 832100300 832100300 832100300 832100300 832100300 832100300 832100300 832100300 832100300 832100300 832100300 832100300 832100300 832100300 
832100300 832100300 832100300 832100300 832100300 832100300 832100300 832100300 832100300 832100300 832100300 832100300 832100300 832100300 832100300 832100300 832100300 832100300 832100300 
832100300 832100300 832100300 832100300 832100300 832100300 832100300 832100300 832100300 832100300 832100300 832100300 832100300 832100300 832100300 832100300 832100300 832100300 832100300 
832100300 832100300 832100300 832100300 832100300 832100300 832100300 832100300 832100300 832100300 832100300 832100300 832100300 832100300 832100300 832100300 832100300 832100300 832100300 
832100300 832100300 832100300 832100300 832100300 832100300 832100300 832100300 832100300 832100300 832100300 832100300 832100300 832100300 832100300 832100300 832100300 832100300 832100300 
832100300 832100300 832100300 832100300 832100300 832100300 832100300 832100300 832100300 832100300 832100300 832100300 832100300 832100300 832100300 832100300 832100300 832100300 832100300 
832100300 832100300 832100300 832100300 832100300 832100300 832100300 832100300 832100300 832100300 832100300 832100300 832100300 832100300 832100300 832100300 832100300 832100300 832100300 
832100300 832100300 832100300 832100300 832100300 832100300 832100300 832100300 832100300 832100300 832100300 832100300 832100300 832100300 832100300 832100300 832100300 832100300 832100300 
832100300 832100300 832100300 832100300 832100300 832100300 832100300 832100300 832100300 832100300 832100300 832100300 832100300 832100300 832100300 832100300 832100300 832100300 832100300 
832100300 832100300 832100300 832100300 832100300 832100300 832100300 832100300 832100300 832100300 832100300 832100300 832100300 832100300 832100300 832100300 832100300 832100300 832100300 
832100300 832100300 832100300 832100300 832100300 832100300 832100300 832100300 832100300 832100300 832100300 832100300 832100300 832100300 832100300 832100300 832100300 832100300 832100300 
832100300 832100300 832100300 832100300 832100300 832100300 832100300 832100300 832100300 832100300 832100300 832100300 832100300 832100300 832100300 832100300 832100300 832100300 832100300 
832100300 832100300 832100300 832100300 832100300 832100300 832100300 832100300 832100300 832100300 832100300 832100300 832100300 832100300 832100300 832100300 832100300 832100300 832100300 
832100300 832100300 832100300 832100300 832100300 832100300 832100300 832100300 832100300 832100300 832100300 832100300 832100300 832100300 832100300 832100300 832100300 832100300 832100300 
832100300 832100300 832100300 832100300 832100300 832100300 832100300 832100300 832100300 832100300 832100300 832100300 832100300 832100300 832100300 832100300 832100300 832100300 832100300 
832100300 832100300 832100300 832100300 832100300 832100300 832100300 832100300 832100300 832100300 832100300 832100300 832100300 832100300 832100300 832100300 832100300 832100300 832100300 
832100300 832100300 832100300 832100300 832100300 832100300 832100300 832100300 832100300 832100300 832100300 832100300 832100300 832100300 832100300 832100300 832100300 832100300 832100300 
832100300 832100300 832100300 832100300 832100300 832100300 832100300 832100300 832100300 832100300 832100300 832100300 832100300 832100300 832100300 832100300 832100300 832100300 832100300 
832100300 832100300 832100300 832100300 832100300 832100300 832100300 832100300 832100300 832100300 832100300 832100300 832100300 832100300 832100300 832100300 832100300 832100300 832100300 
832100300 832100300 832100300 832100300 832100300 832100300 832100300 832100300 832100300 832100300 832100300 832100300 832100300 832100300 832100300 832100300 832100300 832100300 832100300 
832100300 832100300 832100300 832100300 832100300 832100300 832100300 832100300 832100300 832100300 832100300 832100300 832100300 832100300 832100300 832100300 832100300 832100300 832100300 
832100300 832100300 832100300 832100300 832100300 832100300 832100300 832100300 832100300 832100300 832100300 832100300 832100300 832100300 832100300 832100300 832100300 832100300 832100300 
