832099092 832099088/n832099828 832099828 832099828 832099828 832099828 832099828 832099828 832099828 832099828 832099828 832099828 832099828 832099828 
832099828 832099828 832099828 832099828 832099828 832099828 832099828 832099828 832099828 832099828 832099828 832099828 832099828 
832099828 832099828 832099828 832099828 832099828 832099828 832099828 832099828 832099828 832099828 832099828 832099828 832099828 
832099828 832099828 832099828 832099828 832099828 832099828 832099828 832099828 832099828 832099828 832099828 832099828 832099828 
832099828 832099828 832099828 832099828 832099828 832099828 832099828 832099828 832099828 832099828 832099828 832099828 832099828 
832099828 832099828 832099828 832099828 832099828 832099828 832099828 832099828 832099828 832099828 832099828 832099828 832099828 
832099828 832099828 832099828 832099828 832099828 832099828 832099828 832099828 832099828 832099828 832099828 832099828 832099828 
832099828 832099828 832099828 832099828 832099828 832099828 832099828 832099828 832099828 832099828 832099828 832099828 832099828 
832099828 832099828 832099828 832099828 832099828 832099828 832099828 832099828 832099828 832099828 832099828 832099828 832099828 
832099828 832099828 832099828 832099828 832099828 832099828 832099828 832099828 832099828 832099828 832099828 832099828 832099828 
832099828 832099828 832099828 832099828 832099828 832099828 832099828 832099828 832099828 832099828 832099828 832099828 832099828 
832099828 832099828 832099828 832099828 832099828 832099828 832099828 832099828 832099828 832099828 832099828 832099828 832099828 
832099828 832099828 832099828 832099828 832099828 832099828 832099828 832099828 832099828 832099828 832099828 832099828 832099828 
832099828 832099828 832099828 832099828 832099828 832099828 832099828 832099828 832099828 832099828 832099828 832099828 832099828 
832099828 832099828 832099828 832099828 832099828 832099828 832099828 832099828 832099828 832099828 832099828 832099828 832099828 
832099828 832099828 832099828 832099828 832099828 832099828 832099828 832099828 832099828 832099828 832099828 832099828 832099828 
832099828 832099828 832099828 832099828 832099828 832099828 832099828 832099828 832099828 832099828 832099828 832099828 832099828 
832099828 832099828 832099828 832099828 832099828 832099828 832099828 832099828 832099828 832099828 832099828 832099828 832099828 
832099828 832099828 832099828 832099828 832099828 832099828 832099828 832099828 832099828 832099828 832099828 832099828 832099828 
832099828 832099828 832099828 832099828 832099828 832099828 832099828 832099828 832099828 832099828 832099828 832099828 832099828 
832099828 832099828 832099828 832099828 832099828 832099828 832099828 832099828 832099828 832099828 832099828 832099828 832099828 
832099828 832099828 832099828 832099828 832099828 832099828 832099828 832099828 832099828 832099828 832099828 832099828 832099828 
