832099092 832099088/n832100124 832100124 832100124 
832100124 832100124 832100124 
832100124 832100124 832100124 
832100124 832100124 832100124 
832100124 832100124 832100124 
832100124 832100124 832100124 
832100124 832100124 832100124 
832100124 832100124 832100124 
832100124 832100124 832100124 
832100124 832100124 832100124 
832100124 832100124 832100124 
832100124 832100124 832100124 
832100124 832100124 832100124 
832100124 832100124 832100124 
832100124 832100124 832100124 
832100124 832100124 832100124 
832100124 832100124 832100124 
832100124 832100124 832100124 
832100124 832100124 832100124 
832100124 832100124 832100124 
832100124 832100124 832100124 
832100124 832100124 832100124 
832100124 832100124 832100124 
832100124 832100124 832100124 
832100124 832100124 832100124 
832100124 832100124 832100124 
832100124 832100124 832100124 
832100124 832100124 832100124 
832100124 832100124 832100124 
832100124 832100124 832100124 
832100124 832100124 832100124 
832100124 832100124 832100124 
832100124 832100124 832100124 
832100124 832100124 832100124 
832100124 832100124 832100124 
832100124 832100124 832100124 
832100124 832100124 832100124 
832100124 832100124 832100124 
832100124 832100124 832100124 
832100124 832100124 832100124 
832100124 832100124 832100124 
832100124 832100124 832100124 
832100124 832100124 832100124 
