832099092 832099088/n832100148 832100148 832100148 832100148 832100148 832100148 832100148 832100148 832100148 832100148 832100148 832100148 832100148 832100148 832100148 832100148 832100148 832100148 832100148 832100148 832100148 
832100148 832100148 832100148 832100148 832100148 832100148 832100148 832100148 832100148 832100148 832100148 832100148 832100148 832100148 832100148 832100148 832100148 832100148 832100148 832100148 832100148 
832100148 832100148 832100148 832100148 832100148 832100148 832100148 832100148 832100148 832100148 832100148 832100148 832100148 832100148 832100148 832100148 832100148 832100148 832100148 832100148 832100148 
832100148 832100148 832100148 832100148 832100148 832100148 832100148 832100148 832100148 832100148 832100148 832100148 832100148 832100148 832100148 832100148 832100148 832100148 832100148 832100148 832100148 
832100148 832100148 832100148 832100148 832100148 832100148 832100148 832100148 832100148 832100148 832100148 832100148 832100148 832100148 832100148 832100148 832100148 832100148 832100148 832100148 832100148 
832100148 832100148 832100148 832100148 832100148 832100148 832100148 832100148 832100148 832100148 832100148 832100148 832100148 832100148 832100148 832100148 832100148 832100148 832100148 832100148 832100148 
832100148 832100148 832100148 832100148 832100148 832100148 832100148 832100148 832100148 832100148 832100148 832100148 832100148 832100148 832100148 832100148 832100148 832100148 832100148 832100148 832100148 
832100148 832100148 832100148 832100148 832100148 832100148 832100148 832100148 832100148 832100148 832100148 832100148 832100148 832100148 832100148 832100148 832100148 832100148 832100148 832100148 832100148 
832100148 832100148 832100148 832100148 832100148 832100148 832100148 832100148 832100148 832100148 832100148 832100148 832100148 832100148 832100148 832100148 832100148 832100148 832100148 832100148 832100148 
832100148 832100148 832100148 832100148 832100148 832100148 832100148 832100148 832100148 832100148 832100148 832100148 832100148 832100148 832100148 832100148 832100148 832100148 832100148 832100148 832100148 
832100148 832100148 832100148 832100148 832100148 832100148 832100148 832100148 832100148 832100148 832100148 832100148 832100148 832100148 832100148 832100148 832100148 832100148 832100148 832100148 832100148 
832100148 832100148 832100148 832100148 832100148 832100148 832100148 832100148 832100148 832100148 832100148 832100148 832100148 832100148 832100148 832100148 832100148 832100148 832100148 832100148 832100148 
832100148 832100148 832100148 832100148 832100148 832100148 832100148 832100148 832100148 832100148 832100148 832100148 832100148 832100148 832100148 832100148 832100148 832100148 832100148 832100148 832100148 
832100148 832100148 832100148 832100148 832100148 832100148 832100148 832100148 832100148 832100148 832100148 832100148 832100148 832100148 832100148 832100148 832100148 832100148 832100148 832100148 832100148 
832100148 832100148 832100148 832100148 832100148 832100148 832100148 832100148 832100148 832100148 832100148 832100148 832100148 832100148 832100148 832100148 832100148 832100148 832100148 832100148 832100148 
832100148 832100148 832100148 832100148 832100148 832100148 832100148 832100148 832100148 832100148 832100148 832100148 832100148 832100148 832100148 832100148 832100148 832100148 832100148 832100148 832100148 
832100148 832100148 832100148 832100148 832100148 832100148 832100148 832100148 832100148 832100148 832100148 832100148 832100148 832100148 832100148 832100148 832100148 832100148 832100148 832100148 832100148 
832100148 832100148 832100148 832100148 832100148 832100148 832100148 832100148 832100148 832100148 832100148 832100148 832100148 832100148 832100148 832100148 832100148 832100148 832100148 832100148 832100148 
832100148 832100148 832100148 832100148 832100148 832100148 832100148 832100148 832100148 832100148 832100148 832100148 832100148 832100148 832100148 832100148 832100148 832100148 832100148 832100148 832100148 
832100148 832100148 832100148 832100148 832100148 832100148 832100148 832100148 832100148 832100148 832100148 832100148 832100148 832100148 832100148 832100148 832100148 832100148 832100148 832100148 832100148 
832100148 832100148 832100148 832100148 832100148 832100148 832100148 832100148 832100148 832100148 832100148 832100148 832100148 832100148 832100148 832100148 832100148 832100148 832100148 832100148 832100148 
832100148 832100148 832100148 832100148 832100148 832100148 832100148 832100148 832100148 832100148 832100148 832100148 832100148 832100148 832100148 832100148 832100148 832100148 832100148 832100148 832100148 
832100148 832100148 832100148 832100148 832100148 832100148 832100148 832100148 832100148 832100148 832100148 832100148 832100148 832100148 832100148 832100148 832100148 832100148 832100148 832100148 832100148 
832100148 832100148 832100148 832100148 832100148 832100148 832100148 832100148 832100148 832100148 832100148 832100148 832100148 832100148 832100148 832100148 832100148 832100148 832100148 832100148 832100148 
832100148 832100148 832100148 832100148 832100148 832100148 832100148 832100148 832100148 832100148 832100148 832100148 832100148 832100148 832100148 832100148 832100148 832100148 832100148 832100148 832100148 
832100148 832100148 832100148 832100148 832100148 832100148 832100148 832100148 832100148 832100148 832100148 832100148 832100148 832100148 832100148 832100148 832100148 832100148 832100148 832100148 832100148 
832100148 832100148 832100148 832100148 832100148 832100148 832100148 832100148 832100148 832100148 832100148 832100148 832100148 832100148 832100148 832100148 832100148 832100148 832100148 832100148 832100148 
832100148 832100148 832100148 832100148 832100148 832100148 832100148 832100148 832100148 832100148 832100148 832100148 832100148 832100148 832100148 832100148 832100148 832100148 832100148 832100148 832100148 
832100148 832100148 832100148 832100148 832100148 832100148 832100148 832100148 832100148 832100148 832100148 832100148 832100148 832100148 832100148 832100148 832100148 832100148 832100148 832100148 832100148 
832100148 832100148 832100148 832100148 832100148 832100148 832100148 832100148 832100148 832100148 832100148 832100148 832100148 832100148 832100148 832100148 832100148 832100148 832100148 832100148 832100148 
832100148 832100148 832100148 832100148 832100148 832100148 832100148 832100148 832100148 832100148 832100148 832100148 832100148 832100148 832100148 832100148 832100148 832100148 832100148 832100148 832100148 
832100148 832100148 832100148 832100148 832100148 832100148 832100148 832100148 832100148 832100148 832100148 832100148 832100148 832100148 832100148 832100148 832100148 832100148 832100148 832100148 832100148 
832100148 832100148 832100148 832100148 832100148 832100148 832100148 832100148 832100148 832100148 832100148 832100148 832100148 832100148 832100148 832100148 832100148 832100148 832100148 832100148 832100148 
832100148 832100148 832100148 832100148 832100148 832100148 832100148 832100148 832100148 832100148 832100148 832100148 832100148 832100148 832100148 832100148 832100148 832100148 832100148 832100148 832100148 
832100148 832100148 832100148 832100148 832100148 832100148 832100148 832100148 832100148 832100148 832100148 832100148 832100148 832100148 832100148 832100148 832100148 832100148 832100148 832100148 832100148 
832100148 832100148 832100148 832100148 832100148 832100148 832100148 832100148 832100148 832100148 832100148 832100148 832100148 832100148 832100148 832100148 832100148 832100148 832100148 832100148 832100148 
832100148 832100148 832100148 832100148 832100148 832100148 832100148 832100148 832100148 832100148 832100148 832100148 832100148 832100148 832100148 832100148 832100148 832100148 832100148 832100148 832100148 
832100148 832100148 832100148 832100148 832100148 832100148 832100148 832100148 832100148 832100148 832100148 832100148 832100148 832100148 832100148 832100148 832100148 832100148 832100148 832100148 832100148 
832100148 832100148 832100148 832100148 832100148 832100148 832100148 832100148 832100148 832100148 832100148 832100148 832100148 832100148 832100148 832100148 832100148 832100148 832100148 832100148 832100148 
832100148 832100148 832100148 832100148 832100148 832100148 832100148 832100148 832100148 832100148 832100148 832100148 832100148 832100148 832100148 832100148 832100148 832100148 832100148 832100148 832100148 
