832099092 832099088/n832100296 832100296 832100296 832100296 832100296 832100296 832100296 832100296 832100296 832100296 832100296 832100296 832100296 832100296 832100296 832100296 832100296 832100296 832100296 832100296 832100296 832100296 832100296 832100296 832100296 832100296 832100296 832100296 832100296 832100296 832100296 832100296 832100296 832100296 832100296 832100296 832100296 832100296 
832100296 832100296 832100296 832100296 832100296 832100296 832100296 832100296 832100296 832100296 832100296 832100296 832100296 832100296 832100296 832100296 832100296 832100296 832100296 832100296 832100296 832100296 832100296 832100296 832100296 832100296 832100296 832100296 832100296 832100296 832100296 832100296 832100296 832100296 832100296 832100296 832100296 832100296 
832100296 832100296 832100296 832100296 832100296 832100296 832100296 832100296 832100296 832100296 832100296 832100296 832100296 832100296 832100296 832100296 832100296 832100296 832100296 832100296 832100296 832100296 832100296 832100296 832100296 832100296 832100296 832100296 832100296 832100296 832100296 832100296 832100296 832100296 832100296 832100296 832100296 832100296 
832100296 832100296 832100296 832100296 832100296 832100296 832100296 832100296 832100296 832100296 832100296 832100296 832100296 832100296 832100296 832100296 832100296 832100296 832100296 832100296 832100296 832100296 832100296 832100296 832100296 832100296 832100296 832100296 832100296 832100296 832100296 832100296 832100296 832100296 832100296 832100296 832100296 832100296 
832100296 832100296 832100296 832100296 832100296 832100296 832100296 832100296 832100296 832100296 832100296 832100296 832100296 832100296 832100296 832100296 832100296 832100296 832100296 832100296 832100296 832100296 832100296 832100296 832100296 832100296 832100296 832100296 832100296 832100296 832100296 832100296 832100296 832100296 832100296 832100296 832100296 832100296 
832100296 832100296 832100296 832100296 832100296 832100296 832100296 832100296 832100296 832100296 832100296 832100296 832100296 832100296 832100296 832100296 832100296 832100296 832100296 832100296 832100296 832100296 832100296 832100296 832100296 832100296 832100296 832100296 832100296 832100296 832100296 832100296 832100296 832100296 832100296 832100296 832100296 832100296 
832100296 832100296 832100296 832100296 832100296 832100296 832100296 832100296 832100296 832100296 832100296 832100296 832100296 832100296 832100296 832100296 832100296 832100296 832100296 832100296 832100296 832100296 832100296 832100296 832100296 832100296 832100296 832100296 832100296 832100296 832100296 832100296 832100296 832100296 832100296 832100296 832100296 832100296 
832100296 832100296 832100296 832100296 832100296 832100296 832100296 832100296 832100296 832100296 832100296 832100296 832100296 832100296 832100296 832100296 832100296 832100296 832100296 832100296 832100296 832100296 832100296 832100296 832100296 832100296 832100296 832100296 832100296 832100296 832100296 832100296 832100296 832100296 832100296 832100296 832100296 832100296 
832100296 832100296 832100296 832100296 832100296 832100296 832100296 832100296 832100296 832100296 832100296 832100296 832100296 832100296 832100296 832100296 832100296 832100296 832100296 832100296 832100296 832100296 832100296 832100296 832100296 832100296 832100296 832100296 832100296 832100296 832100296 832100296 832100296 832100296 832100296 832100296 832100296 832100296 
832100296 832100296 832100296 832100296 832100296 832100296 832100296 832100296 832100296 832100296 832100296 832100296 832100296 832100296 832100296 832100296 832100296 832100296 832100296 832100296 832100296 832100296 832100296 832100296 832100296 832100296 832100296 832100296 832100296 832100296 832100296 832100296 832100296 832100296 832100296 832100296 832100296 832100296 
832100296 832100296 832100296 832100296 832100296 832100296 832100296 832100296 832100296 832100296 832100296 832100296 832100296 832100296 832100296 832100296 832100296 832100296 832100296 832100296 832100296 832100296 832100296 832100296 832100296 832100296 832100296 832100296 832100296 832100296 832100296 832100296 832100296 832100296 832100296 832100296 832100296 832100296 
832100296 832100296 832100296 832100296 832100296 832100296 832100296 832100296 832100296 832100296 832100296 832100296 832100296 832100296 832100296 832100296 832100296 832100296 832100296 832100296 832100296 832100296 832100296 832100296 832100296 832100296 832100296 832100296 832100296 832100296 832100296 832100296 832100296 832100296 832100296 832100296 832100296 832100296 
832100296 832100296 832100296 832100296 832100296 832100296 832100296 832100296 832100296 832100296 832100296 832100296 832100296 832100296 832100296 832100296 832100296 832100296 832100296 832100296 832100296 832100296 832100296 832100296 832100296 832100296 832100296 832100296 832100296 832100296 832100296 832100296 832100296 832100296 832100296 832100296 832100296 832100296 
832100296 832100296 832100296 832100296 832100296 832100296 832100296 832100296 832100296 832100296 832100296 832100296 832100296 832100296 832100296 832100296 832100296 832100296 832100296 832100296 832100296 832100296 832100296 832100296 832100296 832100296 832100296 832100296 832100296 832100296 832100296 832100296 832100296 832100296 832100296 832100296 832100296 832100296 
832100296 832100296 832100296 832100296 832100296 832100296 832100296 832100296 832100296 832100296 832100296 832100296 832100296 832100296 832100296 832100296 832100296 832100296 832100296 832100296 832100296 832100296 832100296 832100296 832100296 832100296 832100296 832100296 832100296 832100296 832100296 832100296 832100296 832100296 832100296 832100296 832100296 832100296 
832100296 832100296 832100296 832100296 832100296 832100296 832100296 832100296 832100296 832100296 832100296 832100296 832100296 832100296 832100296 832100296 832100296 832100296 832100296 832100296 832100296 832100296 832100296 832100296 832100296 832100296 832100296 832100296 832100296 832100296 832100296 832100296 832100296 832100296 832100296 832100296 832100296 832100296 
832100296 832100296 832100296 832100296 832100296 832100296 832100296 832100296 832100296 832100296 832100296 832100296 832100296 832100296 832100296 832100296 832100296 832100296 832100296 832100296 832100296 832100296 832100296 832100296 832100296 832100296 832100296 832100296 832100296 832100296 832100296 832100296 832100296 832100296 832100296 832100296 832100296 832100296 
832100296 832100296 832100296 832100296 832100296 832100296 832100296 832100296 832100296 832100296 832100296 832100296 832100296 832100296 832100296 832100296 832100296 832100296 832100296 832100296 832100296 832100296 832100296 832100296 832100296 832100296 832100296 832100296 832100296 832100296 832100296 832100296 832100296 832100296 832100296 832100296 832100296 832100296 
832100296 832100296 832100296 832100296 832100296 832100296 832100296 832100296 832100296 832100296 832100296 832100296 832100296 832100296 832100296 832100296 832100296 832100296 832100296 832100296 832100296 832100296 832100296 832100296 832100296 832100296 832100296 832100296 832100296 832100296 832100296 832100296 832100296 832100296 832100296 832100296 832100296 832100296 
832100296 832100296 832100296 832100296 832100296 832100296 832100296 832100296 832100296 832100296 832100296 832100296 832100296 832100296 832100296 832100296 832100296 832100296 832100296 832100296 832100296 832100296 832100296 832100296 832100296 832100296 832100296 832100296 832100296 832100296 832100296 832100296 832100296 832100296 832100296 832100296 832100296 832100296 
832100296 832100296 832100296 832100296 832100296 832100296 832100296 832100296 832100296 832100296 832100296 832100296 832100296 832100296 832100296 832100296 832100296 832100296 832100296 832100296 832100296 832100296 832100296 832100296 832100296 832100296 832100296 832100296 832100296 832100296 832100296 832100296 832100296 832100296 832100296 832100296 832100296 832100296 
832100296 832100296 832100296 832100296 832100296 832100296 832100296 832100296 832100296 832100296 832100296 832100296 832100296 832100296 832100296 832100296 832100296 832100296 832100296 832100296 832100296 832100296 832100296 832100296 832100296 832100296 832100296 832100296 832100296 832100296 832100296 832100296 832100296 832100296 832100296 832100296 832100296 832100296 
832100296 832100296 832100296 832100296 832100296 832100296 832100296 832100296 832100296 832100296 832100296 832100296 832100296 832100296 832100296 832100296 832100296 832100296 832100296 832100296 832100296 832100296 832100296 832100296 832100296 832100296 832100296 832100296 832100296 832100296 832100296 832100296 832100296 832100296 832100296 832100296 832100296 832100296 
832100296 832100296 832100296 832100296 832100296 832100296 832100296 832100296 832100296 832100296 832100296 832100296 832100296 832100296 832100296 832100296 832100296 832100296 832100296 832100296 832100296 832100296 832100296 832100296 832100296 832100296 832100296 832100296 832100296 832100296 832100296 832100296 832100296 832100296 832100296 832100296 832100296 832100296 
832100296 832100296 832100296 832100296 832100296 832100296 832100296 832100296 832100296 832100296 832100296 832100296 832100296 832100296 832100296 832100296 832100296 832100296 832100296 832100296 832100296 832100296 832100296 832100296 832100296 832100296 832100296 832100296 832100296 832100296 832100296 832100296 832100296 832100296 832100296 832100296 832100296 832100296 
832100296 832100296 832100296 832100296 832100296 832100296 832100296 832100296 832100296 832100296 832100296 832100296 832100296 832100296 832100296 832100296 832100296 832100296 832100296 832100296 832100296 832100296 832100296 832100296 832100296 832100296 832100296 832100296 832100296 832100296 832100296 832100296 832100296 832100296 832100296 832100296 832100296 832100296 
832100296 832100296 832100296 832100296 832100296 832100296 832100296 832100296 832100296 832100296 832100296 832100296 832100296 832100296 832100296 832100296 832100296 832100296 832100296 832100296 832100296 832100296 832100296 832100296 832100296 832100296 832100296 832100296 832100296 832100296 832100296 832100296 832100296 832100296 832100296 832100296 832100296 832100296 
832100296 832100296 832100296 832100296 832100296 832100296 832100296 832100296 832100296 832100296 832100296 832100296 832100296 832100296 832100296 832100296 832100296 832100296 832100296 832100296 832100296 832100296 832100296 832100296 832100296 832100296 832100296 832100296 832100296 832100296 832100296 832100296 832100296 832100296 832100296 832100296 832100296 832100296 
832100296 832100296 832100296 832100296 832100296 832100296 832100296 832100296 832100296 832100296 832100296 832100296 832100296 832100296 832100296 832100296 832100296 832100296 832100296 832100296 832100296 832100296 832100296 832100296 832100296 832100296 832100296 832100296 832100296 832100296 832100296 832100296 832100296 832100296 832100296 832100296 832100296 832100296 
832100296 832100296 832100296 832100296 832100296 832100296 832100296 832100296 832100296 832100296 832100296 832100296 832100296 832100296 832100296 832100296 832100296 832100296 832100296 832100296 832100296 832100296 832100296 832100296 832100296 832100296 832100296 832100296 832100296 832100296 832100296 832100296 832100296 832100296 832100296 832100296 832100296 832100296 
832100296 832100296 832100296 832100296 832100296 832100296 832100296 832100296 832100296 832100296 832100296 832100296 832100296 832100296 832100296 832100296 832100296 832100296 832100296 832100296 832100296 832100296 832100296 832100296 832100296 832100296 832100296 832100296 832100296 832100296 832100296 832100296 832100296 832100296 832100296 832100296 832100296 832100296 
832100296 832100296 832100296 832100296 832100296 832100296 832100296 832100296 832100296 832100296 832100296 832100296 832100296 832100296 832100296 832100296 832100296 832100296 832100296 832100296 832100296 832100296 832100296 832100296 832100296 832100296 832100296 832100296 832100296 832100296 832100296 832100296 832100296 832100296 832100296 832100296 832100296 832100296 
832100296 832100296 832100296 832100296 832100296 832100296 832100296 832100296 832100296 832100296 832100296 832100296 832100296 832100296 832100296 832100296 832100296 832100296 832100296 832100296 832100296 832100296 832100296 832100296 832100296 832100296 832100296 832100296 832100296 832100296 832100296 832100296 832100296 832100296 832100296 832100296 832100296 832100296 
832100296 832100296 832100296 832100296 832100296 832100296 832100296 832100296 832100296 832100296 832100296 832100296 832100296 832100296 832100296 832100296 832100296 832100296 832100296 832100296 832100296 832100296 832100296 832100296 832100296 832100296 832100296 832100296 832100296 832100296 832100296 832100296 832100296 832100296 832100296 832100296 832100296 832100296 
832100296 832100296 832100296 832100296 832100296 832100296 832100296 832100296 832100296 832100296 832100296 832100296 832100296 832100296 832100296 832100296 832100296 832100296 832100296 832100296 832100296 832100296 832100296 832100296 832100296 832100296 832100296 832100296 832100296 832100296 832100296 832100296 832100296 832100296 832100296 832100296 832100296 832100296 
832100296 832100296 832100296 832100296 832100296 832100296 832100296 832100296 832100296 832100296 832100296 832100296 832100296 832100296 832100296 832100296 832100296 832100296 832100296 832100296 832100296 832100296 832100296 832100296 832100296 832100296 832100296 832100296 832100296 832100296 832100296 832100296 832100296 832100296 832100296 832100296 832100296 832100296 
832100296 832100296 832100296 832100296 832100296 832100296 832100296 832100296 832100296 832100296 832100296 832100296 832100296 832100296 832100296 832100296 832100296 832100296 832100296 832100296 832100296 832100296 832100296 832100296 832100296 832100296 832100296 832100296 832100296 832100296 832100296 832100296 832100296 832100296 832100296 832100296 832100296 832100296 
832100296 832100296 832100296 832100296 832100296 832100296 832100296 832100296 832100296 832100296 832100296 832100296 832100296 832100296 832100296 832100296 832100296 832100296 832100296 832100296 832100296 832100296 832100296 832100296 832100296 832100296 832100296 832100296 832100296 832100296 832100296 832100296 832100296 832100296 832100296 832100296 832100296 832100296 
832100296 832100296 832100296 832100296 832100296 832100296 832100296 832100296 832100296 832100296 832100296 832100296 832100296 832100296 832100296 832100296 832100296 832100296 832100296 832100296 832100296 832100296 832100296 832100296 832100296 832100296 832100296 832100296 832100296 832100296 832100296 832100296 832100296 832100296 832100296 832100296 832100296 832100296 
832100296 832100296 832100296 832100296 832100296 832100296 832100296 832100296 832100296 832100296 832100296 832100296 832100296 832100296 832100296 832100296 832100296 832100296 832100296 832100296 832100296 832100296 832100296 832100296 832100296 832100296 832100296 832100296 832100296 832100296 832100296 832100296 832100296 832100296 832100296 832100296 832100296 832100296 
832100296 832100296 832100296 832100296 832100296 832100296 832100296 832100296 832100296 832100296 832100296 832100296 832100296 832100296 832100296 832100296 832100296 832100296 832100296 832100296 832100296 832100296 832100296 832100296 832100296 832100296 832100296 832100296 832100296 832100296 832100296 832100296 832100296 832100296 832100296 832100296 832100296 832100296 
832100296 832100296 832100296 832100296 832100296 832100296 832100296 832100296 832100296 832100296 832100296 832100296 832100296 832100296 832100296 832100296 832100296 832100296 832100296 832100296 832100296 832100296 832100296 832100296 832100296 832100296 832100296 832100296 832100296 832100296 832100296 832100296 832100296 832100296 832100296 832100296 832100296 832100296 
832100296 832100296 832100296 832100296 832100296 832100296 832100296 832100296 832100296 832100296 832100296 832100296 832100296 832100296 832100296 832100296 832100296 832100296 832100296 832100296 832100296 832100296 832100296 832100296 832100296 832100296 832100296 832100296 832100296 832100296 832100296 832100296 832100296 832100296 832100296 832100296 832100296 832100296 
832100296 832100296 832100296 832100296 832100296 832100296 832100296 832100296 832100296 832100296 832100296 832100296 832100296 832100296 832100296 832100296 832100296 832100296 832100296 832100296 832100296 832100296 832100296 832100296 832100296 832100296 832100296 832100296 832100296 832100296 832100296 832100296 832100296 832100296 832100296 832100296 832100296 832100296 
832100296 832100296 832100296 832100296 832100296 832100296 832100296 832100296 832100296 832100296 832100296 832100296 832100296 832100296 832100296 832100296 832100296 832100296 832100296 832100296 832100296 832100296 832100296 832100296 832100296 832100296 832100296 832100296 832100296 832100296 832100296 832100296 832100296 832100296 832100296 832100296 832100296 832100296 
