832099092 832099088/n832099836 832099836 832099836 832099836 832099836 832099836 832099836 832099836 832099836 832099836 832099836 832099836 832099836 832099836 832099836 
832099836 832099836 832099836 832099836 832099836 832099836 832099836 832099836 832099836 832099836 832099836 832099836 832099836 832099836 832099836 
832099836 832099836 832099836 832099836 832099836 832099836 832099836 832099836 832099836 832099836 832099836 832099836 832099836 832099836 832099836 
832099836 832099836 832099836 832099836 832099836 832099836 832099836 832099836 832099836 832099836 832099836 832099836 832099836 832099836 832099836 
832099836 832099836 832099836 832099836 832099836 832099836 832099836 832099836 832099836 832099836 832099836 832099836 832099836 832099836 832099836 
832099836 832099836 832099836 832099836 832099836 832099836 832099836 832099836 832099836 832099836 832099836 832099836 832099836 832099836 832099836 
832099836 832099836 832099836 832099836 832099836 832099836 832099836 832099836 832099836 832099836 832099836 832099836 832099836 832099836 832099836 
832099836 832099836 832099836 832099836 832099836 832099836 832099836 832099836 832099836 832099836 832099836 832099836 832099836 832099836 832099836 
832099836 832099836 832099836 832099836 832099836 832099836 832099836 832099836 832099836 832099836 832099836 832099836 832099836 832099836 832099836 
832099836 832099836 832099836 832099836 832099836 832099836 832099836 832099836 832099836 832099836 832099836 832099836 832099836 832099836 832099836 
832099836 832099836 832099836 832099836 832099836 832099836 832099836 832099836 832099836 832099836 832099836 832099836 832099836 832099836 832099836 
832099836 832099836 832099836 832099836 832099836 832099836 832099836 832099836 832099836 832099836 832099836 832099836 832099836 832099836 832099836 
832099836 832099836 832099836 832099836 832099836 832099836 832099836 832099836 832099836 832099836 832099836 832099836 832099836 832099836 832099836 
832099836 832099836 832099836 832099836 832099836 832099836 832099836 832099836 832099836 832099836 832099836 832099836 832099836 832099836 832099836 
832099836 832099836 832099836 832099836 832099836 832099836 832099836 832099836 832099836 832099836 832099836 832099836 832099836 832099836 832099836 
832099836 832099836 832099836 832099836 832099836 832099836 832099836 832099836 832099836 832099836 832099836 832099836 832099836 832099836 832099836 
832099836 832099836 832099836 832099836 832099836 832099836 832099836 832099836 832099836 832099836 832099836 832099836 832099836 832099836 832099836 
832099836 832099836 832099836 832099836 832099836 832099836 832099836 832099836 832099836 832099836 832099836 832099836 832099836 832099836 832099836 
832099836 832099836 832099836 832099836 832099836 832099836 832099836 832099836 832099836 832099836 832099836 832099836 832099836 832099836 832099836 
832099836 832099836 832099836 832099836 832099836 832099836 832099836 832099836 832099836 832099836 832099836 832099836 832099836 832099836 832099836 
832099836 832099836 832099836 832099836 832099836 832099836 832099836 832099836 832099836 832099836 832099836 832099836 832099836 832099836 832099836 
832099836 832099836 832099836 832099836 832099836 832099836 832099836 832099836 832099836 832099836 832099836 832099836 832099836 832099836 832099836 
