832099092 832099088/n832099804 832099804 832099804 832099804 832099804 832099804 832099804 832099804 832099804 832099804 832099804 832099804 832099804 832099804 832099804 
832099804 832099804 832099804 832099804 832099804 832099804 832099804 832099804 832099804 832099804 832099804 832099804 832099804 832099804 832099804 
832099804 832099804 832099804 832099804 832099804 832099804 832099804 832099804 832099804 832099804 832099804 832099804 832099804 832099804 832099804 
832099804 832099804 832099804 832099804 832099804 832099804 832099804 832099804 832099804 832099804 832099804 832099804 832099804 832099804 832099804 
832099804 832099804 832099804 832099804 832099804 832099804 832099804 832099804 832099804 832099804 832099804 832099804 832099804 832099804 832099804 
832099804 832099804 832099804 832099804 832099804 832099804 832099804 832099804 832099804 832099804 832099804 832099804 832099804 832099804 832099804 
832099804 832099804 832099804 832099804 832099804 832099804 832099804 832099804 832099804 832099804 832099804 832099804 832099804 832099804 832099804 
832099804 832099804 832099804 832099804 832099804 832099804 832099804 832099804 832099804 832099804 832099804 832099804 832099804 832099804 832099804 
832099804 832099804 832099804 832099804 832099804 832099804 832099804 832099804 832099804 832099804 832099804 832099804 832099804 832099804 832099804 
832099804 832099804 832099804 832099804 832099804 832099804 832099804 832099804 832099804 832099804 832099804 832099804 832099804 832099804 832099804 
832099804 832099804 832099804 832099804 832099804 832099804 832099804 832099804 832099804 832099804 832099804 832099804 832099804 832099804 832099804 
832099804 832099804 832099804 832099804 832099804 832099804 832099804 832099804 832099804 832099804 832099804 832099804 832099804 832099804 832099804 
832099804 832099804 832099804 832099804 832099804 832099804 832099804 832099804 832099804 832099804 832099804 832099804 832099804 832099804 832099804 
832099804 832099804 832099804 832099804 832099804 832099804 832099804 832099804 832099804 832099804 832099804 832099804 832099804 832099804 832099804 
832099804 832099804 832099804 832099804 832099804 832099804 832099804 832099804 832099804 832099804 832099804 832099804 832099804 832099804 832099804 
832099804 832099804 832099804 832099804 832099804 832099804 832099804 832099804 832099804 832099804 832099804 832099804 832099804 832099804 832099804 
832099804 832099804 832099804 832099804 832099804 832099804 832099804 832099804 832099804 832099804 832099804 832099804 832099804 832099804 832099804 
832099804 832099804 832099804 832099804 832099804 832099804 832099804 832099804 832099804 832099804 832099804 832099804 832099804 832099804 832099804 
832099804 832099804 832099804 832099804 832099804 832099804 832099804 832099804 832099804 832099804 832099804 832099804 832099804 832099804 832099804 
832099804 832099804 832099804 832099804 832099804 832099804 832099804 832099804 832099804 832099804 832099804 832099804 832099804 832099804 832099804 
