832099092 832099088/n832099928 832099928 832099928 832099928 832099928 832099928 832099928 832099928 832099928 832099928 832099928 832099928 832099928 832099928 
832099928 832099928 832099928 832099928 832099928 832099928 832099928 832099928 832099928 832099928 832099928 832099928 832099928 832099928 
832099928 832099928 832099928 832099928 832099928 832099928 832099928 832099928 832099928 832099928 832099928 832099928 832099928 832099928 
832099928 832099928 832099928 832099928 832099928 832099928 832099928 832099928 832099928 832099928 832099928 832099928 832099928 832099928 
832099928 832099928 832099928 832099928 832099928 832099928 832099928 832099928 832099928 832099928 832099928 832099928 832099928 832099928 
832099928 832099928 832099928 832099928 832099928 832099928 832099928 832099928 832099928 832099928 832099928 832099928 832099928 832099928 
832099928 832099928 832099928 832099928 832099928 832099928 832099928 832099928 832099928 832099928 832099928 832099928 832099928 832099928 
832099928 832099928 832099928 832099928 832099928 832099928 832099928 832099928 832099928 832099928 832099928 832099928 832099928 832099928 
832099928 832099928 832099928 832099928 832099928 832099928 832099928 832099928 832099928 832099928 832099928 832099928 832099928 832099928 
832099928 832099928 832099928 832099928 832099928 832099928 832099928 832099928 832099928 832099928 832099928 832099928 832099928 832099928 
832099928 832099928 832099928 832099928 832099928 832099928 832099928 832099928 832099928 832099928 832099928 832099928 832099928 832099928 
832099928 832099928 832099928 832099928 832099928 832099928 832099928 832099928 832099928 832099928 832099928 832099928 832099928 832099928 
832099928 832099928 832099928 832099928 832099928 832099928 832099928 832099928 832099928 832099928 832099928 832099928 832099928 832099928 
832099928 832099928 832099928 832099928 832099928 832099928 832099928 832099928 832099928 832099928 832099928 832099928 832099928 832099928 
832099928 832099928 832099928 832099928 832099928 832099928 832099928 832099928 832099928 832099928 832099928 832099928 832099928 832099928 
832099928 832099928 832099928 832099928 832099928 832099928 832099928 832099928 832099928 832099928 832099928 832099928 832099928 832099928 
832099928 832099928 832099928 832099928 832099928 832099928 832099928 832099928 832099928 832099928 832099928 832099928 832099928 832099928 
832099928 832099928 832099928 832099928 832099928 832099928 832099928 832099928 832099928 832099928 832099928 832099928 832099928 832099928 
832099928 832099928 832099928 832099928 832099928 832099928 832099928 832099928 832099928 832099928 832099928 832099928 832099928 832099928 
832099928 832099928 832099928 832099928 832099928 832099928 832099928 832099928 832099928 832099928 832099928 832099928 832099928 832099928 
832099928 832099928 832099928 832099928 832099928 832099928 832099928 832099928 832099928 832099928 832099928 832099928 832099928 832099928 
832099928 832099928 832099928 832099928 832099928 832099928 832099928 832099928 832099928 832099928 832099928 832099928 832099928 832099928 
832099928 832099928 832099928 832099928 832099928 832099928 832099928 832099928 832099928 832099928 832099928 832099928 832099928 832099928 
832099928 832099928 832099928 832099928 832099928 832099928 832099928 832099928 832099928 832099928 832099928 832099928 832099928 832099928 
832099928 832099928 832099928 832099928 832099928 832099928 832099928 832099928 832099928 832099928 832099928 832099928 832099928 832099928 
832099928 832099928 832099928 832099928 832099928 832099928 832099928 832099928 832099928 832099928 832099928 832099928 832099928 832099928 
832099928 832099928 832099928 832099928 832099928 832099928 832099928 832099928 832099928 832099928 832099928 832099928 832099928 832099928 
832099928 832099928 832099928 832099928 832099928 832099928 832099928 832099928 832099928 832099928 832099928 832099928 832099928 832099928 
