832099092 832099088/n832100172 832100172 832100172 832100172 832100172 832100172 832100172 832100172 832100172 832100172 832100172 832100172 832100172 832100172 832100172 832100172 832100172 832100172 832100172 832100172 832100172 832100172 832100172 832100172 832100172 832100172 832100172 
832100172 832100172 832100172 832100172 832100172 832100172 832100172 832100172 832100172 832100172 832100172 832100172 832100172 832100172 832100172 832100172 832100172 832100172 832100172 832100172 832100172 832100172 832100172 832100172 832100172 832100172 832100172 
832100172 832100172 832100172 832100172 832100172 832100172 832100172 832100172 832100172 832100172 832100172 832100172 832100172 832100172 832100172 832100172 832100172 832100172 832100172 832100172 832100172 832100172 832100172 832100172 832100172 832100172 832100172 
832100172 832100172 832100172 832100172 832100172 832100172 832100172 832100172 832100172 832100172 832100172 832100172 832100172 832100172 832100172 832100172 832100172 832100172 832100172 832100172 832100172 832100172 832100172 832100172 832100172 832100172 832100172 
832100172 832100172 832100172 832100172 832100172 832100172 832100172 832100172 832100172 832100172 832100172 832100172 832100172 832100172 832100172 832100172 832100172 832100172 832100172 832100172 832100172 832100172 832100172 832100172 832100172 832100172 832100172 
832100172 832100172 832100172 832100172 832100172 832100172 832100172 832100172 832100172 832100172 832100172 832100172 832100172 832100172 832100172 832100172 832100172 832100172 832100172 832100172 832100172 832100172 832100172 832100172 832100172 832100172 832100172 
832100172 832100172 832100172 832100172 832100172 832100172 832100172 832100172 832100172 832100172 832100172 832100172 832100172 832100172 832100172 832100172 832100172 832100172 832100172 832100172 832100172 832100172 832100172 832100172 832100172 832100172 832100172 
832100172 832100172 832100172 832100172 832100172 832100172 832100172 832100172 832100172 832100172 832100172 832100172 832100172 832100172 832100172 832100172 832100172 832100172 832100172 832100172 832100172 832100172 832100172 832100172 832100172 832100172 832100172 
832100172 832100172 832100172 832100172 832100172 832100172 832100172 832100172 832100172 832100172 832100172 832100172 832100172 832100172 832100172 832100172 832100172 832100172 832100172 832100172 832100172 832100172 832100172 832100172 832100172 832100172 832100172 
832100172 832100172 832100172 832100172 832100172 832100172 832100172 832100172 832100172 832100172 832100172 832100172 832100172 832100172 832100172 832100172 832100172 832100172 832100172 832100172 832100172 832100172 832100172 832100172 832100172 832100172 832100172 
832100172 832100172 832100172 832100172 832100172 832100172 832100172 832100172 832100172 832100172 832100172 832100172 832100172 832100172 832100172 832100172 832100172 832100172 832100172 832100172 832100172 832100172 832100172 832100172 832100172 832100172 832100172 
832100172 832100172 832100172 832100172 832100172 832100172 832100172 832100172 832100172 832100172 832100172 832100172 832100172 832100172 832100172 832100172 832100172 832100172 832100172 832100172 832100172 832100172 832100172 832100172 832100172 832100172 832100172 
832100172 832100172 832100172 832100172 832100172 832100172 832100172 832100172 832100172 832100172 832100172 832100172 832100172 832100172 832100172 832100172 832100172 832100172 832100172 832100172 832100172 832100172 832100172 832100172 832100172 832100172 832100172 
832100172 832100172 832100172 832100172 832100172 832100172 832100172 832100172 832100172 832100172 832100172 832100172 832100172 832100172 832100172 832100172 832100172 832100172 832100172 832100172 832100172 832100172 832100172 832100172 832100172 832100172 832100172 
832100172 832100172 832100172 832100172 832100172 832100172 832100172 832100172 832100172 832100172 832100172 832100172 832100172 832100172 832100172 832100172 832100172 832100172 832100172 832100172 832100172 832100172 832100172 832100172 832100172 832100172 832100172 
832100172 832100172 832100172 832100172 832100172 832100172 832100172 832100172 832100172 832100172 832100172 832100172 832100172 832100172 832100172 832100172 832100172 832100172 832100172 832100172 832100172 832100172 832100172 832100172 832100172 832100172 832100172 
832100172 832100172 832100172 832100172 832100172 832100172 832100172 832100172 832100172 832100172 832100172 832100172 832100172 832100172 832100172 832100172 832100172 832100172 832100172 832100172 832100172 832100172 832100172 832100172 832100172 832100172 832100172 
832100172 832100172 832100172 832100172 832100172 832100172 832100172 832100172 832100172 832100172 832100172 832100172 832100172 832100172 832100172 832100172 832100172 832100172 832100172 832100172 832100172 832100172 832100172 832100172 832100172 832100172 832100172 
832100172 832100172 832100172 832100172 832100172 832100172 832100172 832100172 832100172 832100172 832100172 832100172 832100172 832100172 832100172 832100172 832100172 832100172 832100172 832100172 832100172 832100172 832100172 832100172 832100172 832100172 832100172 
832100172 832100172 832100172 832100172 832100172 832100172 832100172 832100172 832100172 832100172 832100172 832100172 832100172 832100172 832100172 832100172 832100172 832100172 832100172 832100172 832100172 832100172 832100172 832100172 832100172 832100172 832100172 
832100172 832100172 832100172 832100172 832100172 832100172 832100172 832100172 832100172 832100172 832100172 832100172 832100172 832100172 832100172 832100172 832100172 832100172 832100172 832100172 832100172 832100172 832100172 832100172 832100172 832100172 832100172 
832100172 832100172 832100172 832100172 832100172 832100172 832100172 832100172 832100172 832100172 832100172 832100172 832100172 832100172 832100172 832100172 832100172 832100172 832100172 832100172 832100172 832100172 832100172 832100172 832100172 832100172 832100172 
832100172 832100172 832100172 832100172 832100172 832100172 832100172 832100172 832100172 832100172 832100172 832100172 832100172 832100172 832100172 832100172 832100172 832100172 832100172 832100172 832100172 832100172 832100172 832100172 832100172 832100172 832100172 
832100172 832100172 832100172 832100172 832100172 832100172 832100172 832100172 832100172 832100172 832100172 832100172 832100172 832100172 832100172 832100172 832100172 832100172 832100172 832100172 832100172 832100172 832100172 832100172 832100172 832100172 832100172 
832100172 832100172 832100172 832100172 832100172 832100172 832100172 832100172 832100172 832100172 832100172 832100172 832100172 832100172 832100172 832100172 832100172 832100172 832100172 832100172 832100172 832100172 832100172 832100172 832100172 832100172 832100172 
832100172 832100172 832100172 832100172 832100172 832100172 832100172 832100172 832100172 832100172 832100172 832100172 832100172 832100172 832100172 832100172 832100172 832100172 832100172 832100172 832100172 832100172 832100172 832100172 832100172 832100172 832100172 
832100172 832100172 832100172 832100172 832100172 832100172 832100172 832100172 832100172 832100172 832100172 832100172 832100172 832100172 832100172 832100172 832100172 832100172 832100172 832100172 832100172 832100172 832100172 832100172 832100172 832100172 832100172 
832100172 832100172 832100172 832100172 832100172 832100172 832100172 832100172 832100172 832100172 832100172 832100172 832100172 832100172 832100172 832100172 832100172 832100172 832100172 832100172 832100172 832100172 832100172 832100172 832100172 832100172 832100172 
832100172 832100172 832100172 832100172 832100172 832100172 832100172 832100172 832100172 832100172 832100172 832100172 832100172 832100172 832100172 832100172 832100172 832100172 832100172 832100172 832100172 832100172 832100172 832100172 832100172 832100172 832100172 
832100172 832100172 832100172 832100172 832100172 832100172 832100172 832100172 832100172 832100172 832100172 832100172 832100172 832100172 832100172 832100172 832100172 832100172 832100172 832100172 832100172 832100172 832100172 832100172 832100172 832100172 832100172 
832100172 832100172 832100172 832100172 832100172 832100172 832100172 832100172 832100172 832100172 832100172 832100172 832100172 832100172 832100172 832100172 832100172 832100172 832100172 832100172 832100172 832100172 832100172 832100172 832100172 832100172 832100172 
832100172 832100172 832100172 832100172 832100172 832100172 832100172 832100172 832100172 832100172 832100172 832100172 832100172 832100172 832100172 832100172 832100172 832100172 832100172 832100172 832100172 832100172 832100172 832100172 832100172 832100172 832100172 
832100172 832100172 832100172 832100172 832100172 832100172 832100172 832100172 832100172 832100172 832100172 832100172 832100172 832100172 832100172 832100172 832100172 832100172 832100172 832100172 832100172 832100172 832100172 832100172 832100172 832100172 832100172 
832100172 832100172 832100172 832100172 832100172 832100172 832100172 832100172 832100172 832100172 832100172 832100172 832100172 832100172 832100172 832100172 832100172 832100172 832100172 832100172 832100172 832100172 832100172 832100172 832100172 832100172 832100172 
832100172 832100172 832100172 832100172 832100172 832100172 832100172 832100172 832100172 832100172 832100172 832100172 832100172 832100172 832100172 832100172 832100172 832100172 832100172 832100172 832100172 832100172 832100172 832100172 832100172 832100172 832100172 
832100172 832100172 832100172 832100172 832100172 832100172 832100172 832100172 832100172 832100172 832100172 832100172 832100172 832100172 832100172 832100172 832100172 832100172 832100172 832100172 832100172 832100172 832100172 832100172 832100172 832100172 832100172 
832100172 832100172 832100172 832100172 832100172 832100172 832100172 832100172 832100172 832100172 832100172 832100172 832100172 832100172 832100172 832100172 832100172 832100172 832100172 832100172 832100172 832100172 832100172 832100172 832100172 832100172 832100172 
832100172 832100172 832100172 832100172 832100172 832100172 832100172 832100172 832100172 832100172 832100172 832100172 832100172 832100172 832100172 832100172 832100172 832100172 832100172 832100172 832100172 832100172 832100172 832100172 832100172 832100172 832100172 
832100172 832100172 832100172 832100172 832100172 832100172 832100172 832100172 832100172 832100172 832100172 832100172 832100172 832100172 832100172 832100172 832100172 832100172 832100172 832100172 832100172 832100172 832100172 832100172 832100172 832100172 832100172 
832100172 832100172 832100172 832100172 832100172 832100172 832100172 832100172 832100172 832100172 832100172 832100172 832100172 832100172 832100172 832100172 832100172 832100172 832100172 832100172 832100172 832100172 832100172 832100172 832100172 832100172 832100172 
