832099092 832099088/n832099880 832099880 832099880 832099880 832099880 832099880 832099880 832099880 832099880 832099880 832099880 832099880 832099880 832099880 832099880 832099880 832099880 832099880 
832099880 832099880 832099880 832099880 832099880 832099880 832099880 832099880 832099880 832099880 832099880 832099880 832099880 832099880 832099880 832099880 832099880 832099880 
832099880 832099880 832099880 832099880 832099880 832099880 832099880 832099880 832099880 832099880 832099880 832099880 832099880 832099880 832099880 832099880 832099880 832099880 
832099880 832099880 832099880 832099880 832099880 832099880 832099880 832099880 832099880 832099880 832099880 832099880 832099880 832099880 832099880 832099880 832099880 832099880 
832099880 832099880 832099880 832099880 832099880 832099880 832099880 832099880 832099880 832099880 832099880 832099880 832099880 832099880 832099880 832099880 832099880 832099880 
832099880 832099880 832099880 832099880 832099880 832099880 832099880 832099880 832099880 832099880 832099880 832099880 832099880 832099880 832099880 832099880 832099880 832099880 
832099880 832099880 832099880 832099880 832099880 832099880 832099880 832099880 832099880 832099880 832099880 832099880 832099880 832099880 832099880 832099880 832099880 832099880 
832099880 832099880 832099880 832099880 832099880 832099880 832099880 832099880 832099880 832099880 832099880 832099880 832099880 832099880 832099880 832099880 832099880 832099880 
832099880 832099880 832099880 832099880 832099880 832099880 832099880 832099880 832099880 832099880 832099880 832099880 832099880 832099880 832099880 832099880 832099880 832099880 
832099880 832099880 832099880 832099880 832099880 832099880 832099880 832099880 832099880 832099880 832099880 832099880 832099880 832099880 832099880 832099880 832099880 832099880 
832099880 832099880 832099880 832099880 832099880 832099880 832099880 832099880 832099880 832099880 832099880 832099880 832099880 832099880 832099880 832099880 832099880 832099880 
832099880 832099880 832099880 832099880 832099880 832099880 832099880 832099880 832099880 832099880 832099880 832099880 832099880 832099880 832099880 832099880 832099880 832099880 
832099880 832099880 832099880 832099880 832099880 832099880 832099880 832099880 832099880 832099880 832099880 832099880 832099880 832099880 832099880 832099880 832099880 832099880 
832099880 832099880 832099880 832099880 832099880 832099880 832099880 832099880 832099880 832099880 832099880 832099880 832099880 832099880 832099880 832099880 832099880 832099880 
832099880 832099880 832099880 832099880 832099880 832099880 832099880 832099880 832099880 832099880 832099880 832099880 832099880 832099880 832099880 832099880 832099880 832099880 
832099880 832099880 832099880 832099880 832099880 832099880 832099880 832099880 832099880 832099880 832099880 832099880 832099880 832099880 832099880 832099880 832099880 832099880 
832099880 832099880 832099880 832099880 832099880 832099880 832099880 832099880 832099880 832099880 832099880 832099880 832099880 832099880 832099880 832099880 832099880 832099880 
832099880 832099880 832099880 832099880 832099880 832099880 832099880 832099880 832099880 832099880 832099880 832099880 832099880 832099880 832099880 832099880 832099880 832099880 
832099880 832099880 832099880 832099880 832099880 832099880 832099880 832099880 832099880 832099880 832099880 832099880 832099880 832099880 832099880 832099880 832099880 832099880 
832099880 832099880 832099880 832099880 832099880 832099880 832099880 832099880 832099880 832099880 832099880 832099880 832099880 832099880 832099880 832099880 832099880 832099880 
832099880 832099880 832099880 832099880 832099880 832099880 832099880 832099880 832099880 832099880 832099880 832099880 832099880 832099880 832099880 832099880 832099880 832099880 
832099880 832099880 832099880 832099880 832099880 832099880 832099880 832099880 832099880 832099880 832099880 832099880 832099880 832099880 832099880 832099880 832099880 832099880 
832099880 832099880 832099880 832099880 832099880 832099880 832099880 832099880 832099880 832099880 832099880 832099880 832099880 832099880 832099880 832099880 832099880 832099880 
832099880 832099880 832099880 832099880 832099880 832099880 832099880 832099880 832099880 832099880 832099880 832099880 832099880 832099880 832099880 832099880 832099880 832099880 
