832099092 832099088/n832100272 832100272 832100272 832100272 832100272 832100272 832100272 832100272 832100272 832100272 832100272 832100272 832100272 832100272 832100272 832100272 832100272 832100272 832100272 832100272 832100272 832100272 832100272 832100272 832100272 832100272 832100272 832100272 832100272 832100272 832100272 832100272 832100272 832100272 832100272 832100272 
832100272 832100272 832100272 832100272 832100272 832100272 832100272 832100272 832100272 832100272 832100272 832100272 832100272 832100272 832100272 832100272 832100272 832100272 832100272 832100272 832100272 832100272 832100272 832100272 832100272 832100272 832100272 832100272 832100272 832100272 832100272 832100272 832100272 832100272 832100272 832100272 
832100272 832100272 832100272 832100272 832100272 832100272 832100272 832100272 832100272 832100272 832100272 832100272 832100272 832100272 832100272 832100272 832100272 832100272 832100272 832100272 832100272 832100272 832100272 832100272 832100272 832100272 832100272 832100272 832100272 832100272 832100272 832100272 832100272 832100272 832100272 832100272 
832100272 832100272 832100272 832100272 832100272 832100272 832100272 832100272 832100272 832100272 832100272 832100272 832100272 832100272 832100272 832100272 832100272 832100272 832100272 832100272 832100272 832100272 832100272 832100272 832100272 832100272 832100272 832100272 832100272 832100272 832100272 832100272 832100272 832100272 832100272 832100272 
832100272 832100272 832100272 832100272 832100272 832100272 832100272 832100272 832100272 832100272 832100272 832100272 832100272 832100272 832100272 832100272 832100272 832100272 832100272 832100272 832100272 832100272 832100272 832100272 832100272 832100272 832100272 832100272 832100272 832100272 832100272 832100272 832100272 832100272 832100272 832100272 
832100272 832100272 832100272 832100272 832100272 832100272 832100272 832100272 832100272 832100272 832100272 832100272 832100272 832100272 832100272 832100272 832100272 832100272 832100272 832100272 832100272 832100272 832100272 832100272 832100272 832100272 832100272 832100272 832100272 832100272 832100272 832100272 832100272 832100272 832100272 832100272 
832100272 832100272 832100272 832100272 832100272 832100272 832100272 832100272 832100272 832100272 832100272 832100272 832100272 832100272 832100272 832100272 832100272 832100272 832100272 832100272 832100272 832100272 832100272 832100272 832100272 832100272 832100272 832100272 832100272 832100272 832100272 832100272 832100272 832100272 832100272 832100272 
832100272 832100272 832100272 832100272 832100272 832100272 832100272 832100272 832100272 832100272 832100272 832100272 832100272 832100272 832100272 832100272 832100272 832100272 832100272 832100272 832100272 832100272 832100272 832100272 832100272 832100272 832100272 832100272 832100272 832100272 832100272 832100272 832100272 832100272 832100272 832100272 
832100272 832100272 832100272 832100272 832100272 832100272 832100272 832100272 832100272 832100272 832100272 832100272 832100272 832100272 832100272 832100272 832100272 832100272 832100272 832100272 832100272 832100272 832100272 832100272 832100272 832100272 832100272 832100272 832100272 832100272 832100272 832100272 832100272 832100272 832100272 832100272 
832100272 832100272 832100272 832100272 832100272 832100272 832100272 832100272 832100272 832100272 832100272 832100272 832100272 832100272 832100272 832100272 832100272 832100272 832100272 832100272 832100272 832100272 832100272 832100272 832100272 832100272 832100272 832100272 832100272 832100272 832100272 832100272 832100272 832100272 832100272 832100272 
832100272 832100272 832100272 832100272 832100272 832100272 832100272 832100272 832100272 832100272 832100272 832100272 832100272 832100272 832100272 832100272 832100272 832100272 832100272 832100272 832100272 832100272 832100272 832100272 832100272 832100272 832100272 832100272 832100272 832100272 832100272 832100272 832100272 832100272 832100272 832100272 
832100272 832100272 832100272 832100272 832100272 832100272 832100272 832100272 832100272 832100272 832100272 832100272 832100272 832100272 832100272 832100272 832100272 832100272 832100272 832100272 832100272 832100272 832100272 832100272 832100272 832100272 832100272 832100272 832100272 832100272 832100272 832100272 832100272 832100272 832100272 832100272 
832100272 832100272 832100272 832100272 832100272 832100272 832100272 832100272 832100272 832100272 832100272 832100272 832100272 832100272 832100272 832100272 832100272 832100272 832100272 832100272 832100272 832100272 832100272 832100272 832100272 832100272 832100272 832100272 832100272 832100272 832100272 832100272 832100272 832100272 832100272 832100272 
832100272 832100272 832100272 832100272 832100272 832100272 832100272 832100272 832100272 832100272 832100272 832100272 832100272 832100272 832100272 832100272 832100272 832100272 832100272 832100272 832100272 832100272 832100272 832100272 832100272 832100272 832100272 832100272 832100272 832100272 832100272 832100272 832100272 832100272 832100272 832100272 
832100272 832100272 832100272 832100272 832100272 832100272 832100272 832100272 832100272 832100272 832100272 832100272 832100272 832100272 832100272 832100272 832100272 832100272 832100272 832100272 832100272 832100272 832100272 832100272 832100272 832100272 832100272 832100272 832100272 832100272 832100272 832100272 832100272 832100272 832100272 832100272 
832100272 832100272 832100272 832100272 832100272 832100272 832100272 832100272 832100272 832100272 832100272 832100272 832100272 832100272 832100272 832100272 832100272 832100272 832100272 832100272 832100272 832100272 832100272 832100272 832100272 832100272 832100272 832100272 832100272 832100272 832100272 832100272 832100272 832100272 832100272 832100272 
832100272 832100272 832100272 832100272 832100272 832100272 832100272 832100272 832100272 832100272 832100272 832100272 832100272 832100272 832100272 832100272 832100272 832100272 832100272 832100272 832100272 832100272 832100272 832100272 832100272 832100272 832100272 832100272 832100272 832100272 832100272 832100272 832100272 832100272 832100272 832100272 
832100272 832100272 832100272 832100272 832100272 832100272 832100272 832100272 832100272 832100272 832100272 832100272 832100272 832100272 832100272 832100272 832100272 832100272 832100272 832100272 832100272 832100272 832100272 832100272 832100272 832100272 832100272 832100272 832100272 832100272 832100272 832100272 832100272 832100272 832100272 832100272 
832100272 832100272 832100272 832100272 832100272 832100272 832100272 832100272 832100272 832100272 832100272 832100272 832100272 832100272 832100272 832100272 832100272 832100272 832100272 832100272 832100272 832100272 832100272 832100272 832100272 832100272 832100272 832100272 832100272 832100272 832100272 832100272 832100272 832100272 832100272 832100272 
832100272 832100272 832100272 832100272 832100272 832100272 832100272 832100272 832100272 832100272 832100272 832100272 832100272 832100272 832100272 832100272 832100272 832100272 832100272 832100272 832100272 832100272 832100272 832100272 832100272 832100272 832100272 832100272 832100272 832100272 832100272 832100272 832100272 832100272 832100272 832100272 
832100272 832100272 832100272 832100272 832100272 832100272 832100272 832100272 832100272 832100272 832100272 832100272 832100272 832100272 832100272 832100272 832100272 832100272 832100272 832100272 832100272 832100272 832100272 832100272 832100272 832100272 832100272 832100272 832100272 832100272 832100272 832100272 832100272 832100272 832100272 832100272 
832100272 832100272 832100272 832100272 832100272 832100272 832100272 832100272 832100272 832100272 832100272 832100272 832100272 832100272 832100272 832100272 832100272 832100272 832100272 832100272 832100272 832100272 832100272 832100272 832100272 832100272 832100272 832100272 832100272 832100272 832100272 832100272 832100272 832100272 832100272 832100272 
832100272 832100272 832100272 832100272 832100272 832100272 832100272 832100272 832100272 832100272 832100272 832100272 832100272 832100272 832100272 832100272 832100272 832100272 832100272 832100272 832100272 832100272 832100272 832100272 832100272 832100272 832100272 832100272 832100272 832100272 832100272 832100272 832100272 832100272 832100272 832100272 
832100272 832100272 832100272 832100272 832100272 832100272 832100272 832100272 832100272 832100272 832100272 832100272 832100272 832100272 832100272 832100272 832100272 832100272 832100272 832100272 832100272 832100272 832100272 832100272 832100272 832100272 832100272 832100272 832100272 832100272 832100272 832100272 832100272 832100272 832100272 832100272 
832100272 832100272 832100272 832100272 832100272 832100272 832100272 832100272 832100272 832100272 832100272 832100272 832100272 832100272 832100272 832100272 832100272 832100272 832100272 832100272 832100272 832100272 832100272 832100272 832100272 832100272 832100272 832100272 832100272 832100272 832100272 832100272 832100272 832100272 832100272 832100272 
832100272 832100272 832100272 832100272 832100272 832100272 832100272 832100272 832100272 832100272 832100272 832100272 832100272 832100272 832100272 832100272 832100272 832100272 832100272 832100272 832100272 832100272 832100272 832100272 832100272 832100272 832100272 832100272 832100272 832100272 832100272 832100272 832100272 832100272 832100272 832100272 
832100272 832100272 832100272 832100272 832100272 832100272 832100272 832100272 832100272 832100272 832100272 832100272 832100272 832100272 832100272 832100272 832100272 832100272 832100272 832100272 832100272 832100272 832100272 832100272 832100272 832100272 832100272 832100272 832100272 832100272 832100272 832100272 832100272 832100272 832100272 832100272 
832100272 832100272 832100272 832100272 832100272 832100272 832100272 832100272 832100272 832100272 832100272 832100272 832100272 832100272 832100272 832100272 832100272 832100272 832100272 832100272 832100272 832100272 832100272 832100272 832100272 832100272 832100272 832100272 832100272 832100272 832100272 832100272 832100272 832100272 832100272 832100272 
832100272 832100272 832100272 832100272 832100272 832100272 832100272 832100272 832100272 832100272 832100272 832100272 832100272 832100272 832100272 832100272 832100272 832100272 832100272 832100272 832100272 832100272 832100272 832100272 832100272 832100272 832100272 832100272 832100272 832100272 832100272 832100272 832100272 832100272 832100272 832100272 
832100272 832100272 832100272 832100272 832100272 832100272 832100272 832100272 832100272 832100272 832100272 832100272 832100272 832100272 832100272 832100272 832100272 832100272 832100272 832100272 832100272 832100272 832100272 832100272 832100272 832100272 832100272 832100272 832100272 832100272 832100272 832100272 832100272 832100272 832100272 832100272 
832100272 832100272 832100272 832100272 832100272 832100272 832100272 832100272 832100272 832100272 832100272 832100272 832100272 832100272 832100272 832100272 832100272 832100272 832100272 832100272 832100272 832100272 832100272 832100272 832100272 832100272 832100272 832100272 832100272 832100272 832100272 832100272 832100272 832100272 832100272 832100272 
832100272 832100272 832100272 832100272 832100272 832100272 832100272 832100272 832100272 832100272 832100272 832100272 832100272 832100272 832100272 832100272 832100272 832100272 832100272 832100272 832100272 832100272 832100272 832100272 832100272 832100272 832100272 832100272 832100272 832100272 832100272 832100272 832100272 832100272 832100272 832100272 
832100272 832100272 832100272 832100272 832100272 832100272 832100272 832100272 832100272 832100272 832100272 832100272 832100272 832100272 832100272 832100272 832100272 832100272 832100272 832100272 832100272 832100272 832100272 832100272 832100272 832100272 832100272 832100272 832100272 832100272 832100272 832100272 832100272 832100272 832100272 832100272 
832100272 832100272 832100272 832100272 832100272 832100272 832100272 832100272 832100272 832100272 832100272 832100272 832100272 832100272 832100272 832100272 832100272 832100272 832100272 832100272 832100272 832100272 832100272 832100272 832100272 832100272 832100272 832100272 832100272 832100272 832100272 832100272 832100272 832100272 832100272 832100272 
832100272 832100272 832100272 832100272 832100272 832100272 832100272 832100272 832100272 832100272 832100272 832100272 832100272 832100272 832100272 832100272 832100272 832100272 832100272 832100272 832100272 832100272 832100272 832100272 832100272 832100272 832100272 832100272 832100272 832100272 832100272 832100272 832100272 832100272 832100272 832100272 
832100272 832100272 832100272 832100272 832100272 832100272 832100272 832100272 832100272 832100272 832100272 832100272 832100272 832100272 832100272 832100272 832100272 832100272 832100272 832100272 832100272 832100272 832100272 832100272 832100272 832100272 832100272 832100272 832100272 832100272 832100272 832100272 832100272 832100272 832100272 832100272 
832100272 832100272 832100272 832100272 832100272 832100272 832100272 832100272 832100272 832100272 832100272 832100272 832100272 832100272 832100272 832100272 832100272 832100272 832100272 832100272 832100272 832100272 832100272 832100272 832100272 832100272 832100272 832100272 832100272 832100272 832100272 832100272 832100272 832100272 832100272 832100272 
832100272 832100272 832100272 832100272 832100272 832100272 832100272 832100272 832100272 832100272 832100272 832100272 832100272 832100272 832100272 832100272 832100272 832100272 832100272 832100272 832100272 832100272 832100272 832100272 832100272 832100272 832100272 832100272 832100272 832100272 832100272 832100272 832100272 832100272 832100272 832100272 
832100272 832100272 832100272 832100272 832100272 832100272 832100272 832100272 832100272 832100272 832100272 832100272 832100272 832100272 832100272 832100272 832100272 832100272 832100272 832100272 832100272 832100272 832100272 832100272 832100272 832100272 832100272 832100272 832100272 832100272 832100272 832100272 832100272 832100272 832100272 832100272 
832100272 832100272 832100272 832100272 832100272 832100272 832100272 832100272 832100272 832100272 832100272 832100272 832100272 832100272 832100272 832100272 832100272 832100272 832100272 832100272 832100272 832100272 832100272 832100272 832100272 832100272 832100272 832100272 832100272 832100272 832100272 832100272 832100272 832100272 832100272 832100272 
832100272 832100272 832100272 832100272 832100272 832100272 832100272 832100272 832100272 832100272 832100272 832100272 832100272 832100272 832100272 832100272 832100272 832100272 832100272 832100272 832100272 832100272 832100272 832100272 832100272 832100272 832100272 832100272 832100272 832100272 832100272 832100272 832100272 832100272 832100272 832100272 
832100272 832100272 832100272 832100272 832100272 832100272 832100272 832100272 832100272 832100272 832100272 832100272 832100272 832100272 832100272 832100272 832100272 832100272 832100272 832100272 832100272 832100272 832100272 832100272 832100272 832100272 832100272 832100272 832100272 832100272 832100272 832100272 832100272 832100272 832100272 832100272 
832100272 832100272 832100272 832100272 832100272 832100272 832100272 832100272 832100272 832100272 832100272 832100272 832100272 832100272 832100272 832100272 832100272 832100272 832100272 832100272 832100272 832100272 832100272 832100272 832100272 832100272 832100272 832100272 832100272 832100272 832100272 832100272 832100272 832100272 832100272 832100272 
832100272 832100272 832100272 832100272 832100272 832100272 832100272 832100272 832100272 832100272 832100272 832100272 832100272 832100272 832100272 832100272 832100272 832100272 832100272 832100272 832100272 832100272 832100272 832100272 832100272 832100272 832100272 832100272 832100272 832100272 832100272 832100272 832100272 832100272 832100272 832100272 
