832099092 832099088/n832099824 832099824 832099824 832099824 832099824 832099824 832099824 832099824 832099824 832099824 832099824 832099824 832099824 832099824 832099824 832099824 
832099824 832099824 832099824 832099824 832099824 832099824 832099824 832099824 832099824 832099824 832099824 832099824 832099824 832099824 832099824 832099824 
832099824 832099824 832099824 832099824 832099824 832099824 832099824 832099824 832099824 832099824 832099824 832099824 832099824 832099824 832099824 832099824 
832099824 832099824 832099824 832099824 832099824 832099824 832099824 832099824 832099824 832099824 832099824 832099824 832099824 832099824 832099824 832099824 
832099824 832099824 832099824 832099824 832099824 832099824 832099824 832099824 832099824 832099824 832099824 832099824 832099824 832099824 832099824 832099824 
832099824 832099824 832099824 832099824 832099824 832099824 832099824 832099824 832099824 832099824 832099824 832099824 832099824 832099824 832099824 832099824 
832099824 832099824 832099824 832099824 832099824 832099824 832099824 832099824 832099824 832099824 832099824 832099824 832099824 832099824 832099824 832099824 
832099824 832099824 832099824 832099824 832099824 832099824 832099824 832099824 832099824 832099824 832099824 832099824 832099824 832099824 832099824 832099824 
832099824 832099824 832099824 832099824 832099824 832099824 832099824 832099824 832099824 832099824 832099824 832099824 832099824 832099824 832099824 832099824 
832099824 832099824 832099824 832099824 832099824 832099824 832099824 832099824 832099824 832099824 832099824 832099824 832099824 832099824 832099824 832099824 
832099824 832099824 832099824 832099824 832099824 832099824 832099824 832099824 832099824 832099824 832099824 832099824 832099824 832099824 832099824 832099824 
832099824 832099824 832099824 832099824 832099824 832099824 832099824 832099824 832099824 832099824 832099824 832099824 832099824 832099824 832099824 832099824 
832099824 832099824 832099824 832099824 832099824 832099824 832099824 832099824 832099824 832099824 832099824 832099824 832099824 832099824 832099824 832099824 
832099824 832099824 832099824 832099824 832099824 832099824 832099824 832099824 832099824 832099824 832099824 832099824 832099824 832099824 832099824 832099824 
832099824 832099824 832099824 832099824 832099824 832099824 832099824 832099824 832099824 832099824 832099824 832099824 832099824 832099824 832099824 832099824 
832099824 832099824 832099824 832099824 832099824 832099824 832099824 832099824 832099824 832099824 832099824 832099824 832099824 832099824 832099824 832099824 
832099824 832099824 832099824 832099824 832099824 832099824 832099824 832099824 832099824 832099824 832099824 832099824 832099824 832099824 832099824 832099824 
832099824 832099824 832099824 832099824 832099824 832099824 832099824 832099824 832099824 832099824 832099824 832099824 832099824 832099824 832099824 832099824 
832099824 832099824 832099824 832099824 832099824 832099824 832099824 832099824 832099824 832099824 832099824 832099824 832099824 832099824 832099824 832099824 
832099824 832099824 832099824 832099824 832099824 832099824 832099824 832099824 832099824 832099824 832099824 832099824 832099824 832099824 832099824 832099824 
832099824 832099824 832099824 832099824 832099824 832099824 832099824 832099824 832099824 832099824 832099824 832099824 832099824 832099824 832099824 832099824 
