832099092 832099088/n832100524 832100524 832100524 832100524 832100524 832100524 832100524 832100524 832100524 832100524 832100524 832100524 832100524 832100524 832100524 832100524 832100524 832100524 832100524 832100524 832100524 832100524 832100524 
832100524 832100524 832100524 832100524 832100524 832100524 832100524 832100524 832100524 832100524 832100524 832100524 832100524 832100524 832100524 832100524 832100524 832100524 832100524 832100524 832100524 832100524 832100524 
832100524 832100524 832100524 832100524 832100524 832100524 832100524 832100524 832100524 832100524 832100524 832100524 832100524 832100524 832100524 832100524 832100524 832100524 832100524 832100524 832100524 832100524 832100524 
832100524 832100524 832100524 832100524 832100524 832100524 832100524 832100524 832100524 832100524 832100524 832100524 832100524 832100524 832100524 832100524 832100524 832100524 832100524 832100524 832100524 832100524 832100524 
832100524 832100524 832100524 832100524 832100524 832100524 832100524 832100524 832100524 832100524 832100524 832100524 832100524 832100524 832100524 832100524 832100524 832100524 832100524 832100524 832100524 832100524 832100524 
832100524 832100524 832100524 832100524 832100524 832100524 832100524 832100524 832100524 832100524 832100524 832100524 832100524 832100524 832100524 832100524 832100524 832100524 832100524 832100524 832100524 832100524 832100524 
832100524 832100524 832100524 832100524 832100524 832100524 832100524 832100524 832100524 832100524 832100524 832100524 832100524 832100524 832100524 832100524 832100524 832100524 832100524 832100524 832100524 832100524 832100524 
832100524 832100524 832100524 832100524 832100524 832100524 832100524 832100524 832100524 832100524 832100524 832100524 832100524 832100524 832100524 832100524 832100524 832100524 832100524 832100524 832100524 832100524 832100524 
832100524 832100524 832100524 832100524 832100524 832100524 832100524 832100524 832100524 832100524 832100524 832100524 832100524 832100524 832100524 832100524 832100524 832100524 832100524 832100524 832100524 832100524 832100524 
832100524 832100524 832100524 832100524 832100524 832100524 832100524 832100524 832100524 832100524 832100524 832100524 832100524 832100524 832100524 832100524 832100524 832100524 832100524 832100524 832100524 832100524 832100524 
832100524 832100524 832100524 832100524 832100524 832100524 832100524 832100524 832100524 832100524 832100524 832100524 832100524 832100524 832100524 832100524 832100524 832100524 832100524 832100524 832100524 832100524 832100524 
832100524 832100524 832100524 832100524 832100524 832100524 832100524 832100524 832100524 832100524 832100524 832100524 832100524 832100524 832100524 832100524 832100524 832100524 832100524 832100524 832100524 832100524 832100524 
832100524 832100524 832100524 832100524 832100524 832100524 832100524 832100524 832100524 832100524 832100524 832100524 832100524 832100524 832100524 832100524 832100524 832100524 832100524 832100524 832100524 832100524 832100524 
832100524 832100524 832100524 832100524 832100524 832100524 832100524 832100524 832100524 832100524 832100524 832100524 832100524 832100524 832100524 832100524 832100524 832100524 832100524 832100524 832100524 832100524 832100524 
832100524 832100524 832100524 832100524 832100524 832100524 832100524 832100524 832100524 832100524 832100524 832100524 832100524 832100524 832100524 832100524 832100524 832100524 832100524 832100524 832100524 832100524 832100524 
832100524 832100524 832100524 832100524 832100524 832100524 832100524 832100524 832100524 832100524 832100524 832100524 832100524 832100524 832100524 832100524 832100524 832100524 832100524 832100524 832100524 832100524 832100524 
832100524 832100524 832100524 832100524 832100524 832100524 832100524 832100524 832100524 832100524 832100524 832100524 832100524 832100524 832100524 832100524 832100524 832100524 832100524 832100524 832100524 832100524 832100524 
832100524 832100524 832100524 832100524 832100524 832100524 832100524 832100524 832100524 832100524 832100524 832100524 832100524 832100524 832100524 832100524 832100524 832100524 832100524 832100524 832100524 832100524 832100524 
832100524 832100524 832100524 832100524 832100524 832100524 832100524 832100524 832100524 832100524 832100524 832100524 832100524 832100524 832100524 832100524 832100524 832100524 832100524 832100524 832100524 832100524 832100524 
832100524 832100524 832100524 832100524 832100524 832100524 832100524 832100524 832100524 832100524 832100524 832100524 832100524 832100524 832100524 832100524 832100524 832100524 832100524 832100524 832100524 832100524 832100524 
832100524 832100524 832100524 832100524 832100524 832100524 832100524 832100524 832100524 832100524 832100524 832100524 832100524 832100524 832100524 832100524 832100524 832100524 832100524 832100524 832100524 832100524 832100524 
832100524 832100524 832100524 832100524 832100524 832100524 832100524 832100524 832100524 832100524 832100524 832100524 832100524 832100524 832100524 832100524 832100524 832100524 832100524 832100524 832100524 832100524 832100524 
832100524 832100524 832100524 832100524 832100524 832100524 832100524 832100524 832100524 832100524 832100524 832100524 832100524 832100524 832100524 832100524 832100524 832100524 832100524 832100524 832100524 832100524 832100524 
832100524 832100524 832100524 832100524 832100524 832100524 832100524 832100524 832100524 832100524 832100524 832100524 832100524 832100524 832100524 832100524 832100524 832100524 832100524 832100524 832100524 832100524 832100524 
832100524 832100524 832100524 832100524 832100524 832100524 832100524 832100524 832100524 832100524 832100524 832100524 832100524 832100524 832100524 832100524 832100524 832100524 832100524 832100524 832100524 832100524 832100524 
832100524 832100524 832100524 832100524 832100524 832100524 832100524 832100524 832100524 832100524 832100524 832100524 832100524 832100524 832100524 832100524 832100524 832100524 832100524 832100524 832100524 832100524 832100524 
832100524 832100524 832100524 832100524 832100524 832100524 832100524 832100524 832100524 832100524 832100524 832100524 832100524 832100524 832100524 832100524 832100524 832100524 832100524 832100524 832100524 832100524 832100524 
832100524 832100524 832100524 832100524 832100524 832100524 832100524 832100524 832100524 832100524 832100524 832100524 832100524 832100524 832100524 832100524 832100524 832100524 832100524 832100524 832100524 832100524 832100524 
832100524 832100524 832100524 832100524 832100524 832100524 832100524 832100524 832100524 832100524 832100524 832100524 832100524 832100524 832100524 832100524 832100524 832100524 832100524 832100524 832100524 832100524 832100524 
832100524 832100524 832100524 832100524 832100524 832100524 832100524 832100524 832100524 832100524 832100524 832100524 832100524 832100524 832100524 832100524 832100524 832100524 832100524 832100524 832100524 832100524 832100524 
832100524 832100524 832100524 832100524 832100524 832100524 832100524 832100524 832100524 832100524 832100524 832100524 832100524 832100524 832100524 832100524 832100524 832100524 832100524 832100524 832100524 832100524 832100524 
832100524 832100524 832100524 832100524 832100524 832100524 832100524 832100524 832100524 832100524 832100524 832100524 832100524 832100524 832100524 832100524 832100524 832100524 832100524 832100524 832100524 832100524 832100524 
832100524 832100524 832100524 832100524 832100524 832100524 832100524 832100524 832100524 832100524 832100524 832100524 832100524 832100524 832100524 832100524 832100524 832100524 832100524 832100524 832100524 832100524 832100524 
832100524 832100524 832100524 832100524 832100524 832100524 832100524 832100524 832100524 832100524 832100524 832100524 832100524 832100524 832100524 832100524 832100524 832100524 832100524 832100524 832100524 832100524 832100524 
832100524 832100524 832100524 832100524 832100524 832100524 832100524 832100524 832100524 832100524 832100524 832100524 832100524 832100524 832100524 832100524 832100524 832100524 832100524 832100524 832100524 832100524 832100524 
832100524 832100524 832100524 832100524 832100524 832100524 832100524 832100524 832100524 832100524 832100524 832100524 832100524 832100524 832100524 832100524 832100524 832100524 832100524 832100524 832100524 832100524 832100524 
832100524 832100524 832100524 832100524 832100524 832100524 832100524 832100524 832100524 832100524 832100524 832100524 832100524 832100524 832100524 832100524 832100524 832100524 832100524 832100524 832100524 832100524 832100524 
832100524 832100524 832100524 832100524 832100524 832100524 832100524 832100524 832100524 832100524 832100524 832100524 832100524 832100524 832100524 832100524 832100524 832100524 832100524 832100524 832100524 832100524 832100524 
832100524 832100524 832100524 832100524 832100524 832100524 832100524 832100524 832100524 832100524 832100524 832100524 832100524 832100524 832100524 832100524 832100524 832100524 832100524 832100524 832100524 832100524 832100524 
832100524 832100524 832100524 832100524 832100524 832100524 832100524 832100524 832100524 832100524 832100524 832100524 832100524 832100524 832100524 832100524 832100524 832100524 832100524 832100524 832100524 832100524 832100524 
832100524 832100524 832100524 832100524 832100524 832100524 832100524 832100524 832100524 832100524 832100524 832100524 832100524 832100524 832100524 832100524 832100524 832100524 832100524 832100524 832100524 832100524 832100524 
832100524 832100524 832100524 832100524 832100524 832100524 832100524 832100524 832100524 832100524 832100524 832100524 832100524 832100524 832100524 832100524 832100524 832100524 832100524 832100524 832100524 832100524 832100524 
832100524 832100524 832100524 832100524 832100524 832100524 832100524 832100524 832100524 832100524 832100524 832100524 832100524 832100524 832100524 832100524 832100524 832100524 832100524 832100524 832100524 832100524 832100524 
832100524 832100524 832100524 832100524 832100524 832100524 832100524 832100524 832100524 832100524 832100524 832100524 832100524 832100524 832100524 832100524 832100524 832100524 832100524 832100524 832100524 832100524 832100524 
832100524 832100524 832100524 832100524 832100524 832100524 832100524 832100524 832100524 832100524 832100524 832100524 832100524 832100524 832100524 832100524 832100524 832100524 832100524 832100524 832100524 832100524 832100524 
832100524 832100524 832100524 832100524 832100524 832100524 832100524 832100524 832100524 832100524 832100524 832100524 832100524 832100524 832100524 832100524 832100524 832100524 832100524 832100524 832100524 832100524 832100524 
832100524 832100524 832100524 832100524 832100524 832100524 832100524 832100524 832100524 832100524 832100524 832100524 832100524 832100524 832100524 832100524 832100524 832100524 832100524 832100524 832100524 832100524 832100524 
832100524 832100524 832100524 832100524 832100524 832100524 832100524 832100524 832100524 832100524 832100524 832100524 832100524 832100524 832100524 832100524 832100524 832100524 832100524 832100524 832100524 832100524 832100524 
832100524 832100524 832100524 832100524 832100524 832100524 832100524 832100524 832100524 832100524 832100524 832100524 832100524 832100524 832100524 832100524 832100524 832100524 832100524 832100524 832100524 832100524 832100524 
832100524 832100524 832100524 832100524 832100524 832100524 832100524 832100524 832100524 832100524 832100524 832100524 832100524 832100524 832100524 832100524 832100524 832100524 832100524 832100524 832100524 832100524 832100524 
832100524 832100524 832100524 832100524 832100524 832100524 832100524 832100524 832100524 832100524 832100524 832100524 832100524 832100524 832100524 832100524 832100524 832100524 832100524 832100524 832100524 832100524 832100524 
832100524 832100524 832100524 832100524 832100524 832100524 832100524 832100524 832100524 832100524 832100524 832100524 832100524 832100524 832100524 832100524 832100524 832100524 832100524 832100524 832100524 832100524 832100524 
832100524 832100524 832100524 832100524 832100524 832100524 832100524 832100524 832100524 832100524 832100524 832100524 832100524 832100524 832100524 832100524 832100524 832100524 832100524 832100524 832100524 832100524 832100524 
832100524 832100524 832100524 832100524 832100524 832100524 832100524 832100524 832100524 832100524 832100524 832100524 832100524 832100524 832100524 832100524 832100524 832100524 832100524 832100524 832100524 832100524 832100524 
832100524 832100524 832100524 832100524 832100524 832100524 832100524 832100524 832100524 832100524 832100524 832100524 832100524 832100524 832100524 832100524 832100524 832100524 832100524 832100524 832100524 832100524 832100524 
832100524 832100524 832100524 832100524 832100524 832100524 832100524 832100524 832100524 832100524 832100524 832100524 832100524 832100524 832100524 832100524 832100524 832100524 832100524 832100524 832100524 832100524 832100524 
832100524 832100524 832100524 832100524 832100524 832100524 832100524 832100524 832100524 832100524 832100524 832100524 832100524 832100524 832100524 832100524 832100524 832100524 832100524 832100524 832100524 832100524 832100524 
832100524 832100524 832100524 832100524 832100524 832100524 832100524 832100524 832100524 832100524 832100524 832100524 832100524 832100524 832100524 832100524 832100524 832100524 832100524 832100524 832100524 832100524 832100524 
832100524 832100524 832100524 832100524 832100524 832100524 832100524 832100524 832100524 832100524 832100524 832100524 832100524 832100524 832100524 832100524 832100524 832100524 832100524 832100524 832100524 832100524 832100524 
832100524 832100524 832100524 832100524 832100524 832100524 832100524 832100524 832100524 832100524 832100524 832100524 832100524 832100524 832100524 832100524 832100524 832100524 832100524 832100524 832100524 832100524 832100524 
832100524 832100524 832100524 832100524 832100524 832100524 832100524 832100524 832100524 832100524 832100524 832100524 832100524 832100524 832100524 832100524 832100524 832100524 832100524 832100524 832100524 832100524 832100524 
832100524 832100524 832100524 832100524 832100524 832100524 832100524 832100524 832100524 832100524 832100524 832100524 832100524 832100524 832100524 832100524 832100524 832100524 832100524 832100524 832100524 832100524 832100524 
832100524 832100524 832100524 832100524 832100524 832100524 832100524 832100524 832100524 832100524 832100524 832100524 832100524 832100524 832100524 832100524 832100524 832100524 832100524 832100524 832100524 832100524 832100524 
