832099092 832099088/n832100308 832100308 832100308 832100308 832100308 832100308 832100308 832100308 832100308 832100308 832100308 832100308 832100308 832100308 832100308 832100308 832100308 832100308 832100308 832100308 832100308 832100308 832100308 832100308 832100308 832100308 832100308 832100308 832100308 
832100308 832100308 832100308 832100308 832100308 832100308 832100308 832100308 832100308 832100308 832100308 832100308 832100308 832100308 832100308 832100308 832100308 832100308 832100308 832100308 832100308 832100308 832100308 832100308 832100308 832100308 832100308 832100308 832100308 
832100308 832100308 832100308 832100308 832100308 832100308 832100308 832100308 832100308 832100308 832100308 832100308 832100308 832100308 832100308 832100308 832100308 832100308 832100308 832100308 832100308 832100308 832100308 832100308 832100308 832100308 832100308 832100308 832100308 
832100308 832100308 832100308 832100308 832100308 832100308 832100308 832100308 832100308 832100308 832100308 832100308 832100308 832100308 832100308 832100308 832100308 832100308 832100308 832100308 832100308 832100308 832100308 832100308 832100308 832100308 832100308 832100308 832100308 
832100308 832100308 832100308 832100308 832100308 832100308 832100308 832100308 832100308 832100308 832100308 832100308 832100308 832100308 832100308 832100308 832100308 832100308 832100308 832100308 832100308 832100308 832100308 832100308 832100308 832100308 832100308 832100308 832100308 
832100308 832100308 832100308 832100308 832100308 832100308 832100308 832100308 832100308 832100308 832100308 832100308 832100308 832100308 832100308 832100308 832100308 832100308 832100308 832100308 832100308 832100308 832100308 832100308 832100308 832100308 832100308 832100308 832100308 
832100308 832100308 832100308 832100308 832100308 832100308 832100308 832100308 832100308 832100308 832100308 832100308 832100308 832100308 832100308 832100308 832100308 832100308 832100308 832100308 832100308 832100308 832100308 832100308 832100308 832100308 832100308 832100308 832100308 
832100308 832100308 832100308 832100308 832100308 832100308 832100308 832100308 832100308 832100308 832100308 832100308 832100308 832100308 832100308 832100308 832100308 832100308 832100308 832100308 832100308 832100308 832100308 832100308 832100308 832100308 832100308 832100308 832100308 
832100308 832100308 832100308 832100308 832100308 832100308 832100308 832100308 832100308 832100308 832100308 832100308 832100308 832100308 832100308 832100308 832100308 832100308 832100308 832100308 832100308 832100308 832100308 832100308 832100308 832100308 832100308 832100308 832100308 
832100308 832100308 832100308 832100308 832100308 832100308 832100308 832100308 832100308 832100308 832100308 832100308 832100308 832100308 832100308 832100308 832100308 832100308 832100308 832100308 832100308 832100308 832100308 832100308 832100308 832100308 832100308 832100308 832100308 
832100308 832100308 832100308 832100308 832100308 832100308 832100308 832100308 832100308 832100308 832100308 832100308 832100308 832100308 832100308 832100308 832100308 832100308 832100308 832100308 832100308 832100308 832100308 832100308 832100308 832100308 832100308 832100308 832100308 
832100308 832100308 832100308 832100308 832100308 832100308 832100308 832100308 832100308 832100308 832100308 832100308 832100308 832100308 832100308 832100308 832100308 832100308 832100308 832100308 832100308 832100308 832100308 832100308 832100308 832100308 832100308 832100308 832100308 
832100308 832100308 832100308 832100308 832100308 832100308 832100308 832100308 832100308 832100308 832100308 832100308 832100308 832100308 832100308 832100308 832100308 832100308 832100308 832100308 832100308 832100308 832100308 832100308 832100308 832100308 832100308 832100308 832100308 
832100308 832100308 832100308 832100308 832100308 832100308 832100308 832100308 832100308 832100308 832100308 832100308 832100308 832100308 832100308 832100308 832100308 832100308 832100308 832100308 832100308 832100308 832100308 832100308 832100308 832100308 832100308 832100308 832100308 
832100308 832100308 832100308 832100308 832100308 832100308 832100308 832100308 832100308 832100308 832100308 832100308 832100308 832100308 832100308 832100308 832100308 832100308 832100308 832100308 832100308 832100308 832100308 832100308 832100308 832100308 832100308 832100308 832100308 
832100308 832100308 832100308 832100308 832100308 832100308 832100308 832100308 832100308 832100308 832100308 832100308 832100308 832100308 832100308 832100308 832100308 832100308 832100308 832100308 832100308 832100308 832100308 832100308 832100308 832100308 832100308 832100308 832100308 
832100308 832100308 832100308 832100308 832100308 832100308 832100308 832100308 832100308 832100308 832100308 832100308 832100308 832100308 832100308 832100308 832100308 832100308 832100308 832100308 832100308 832100308 832100308 832100308 832100308 832100308 832100308 832100308 832100308 
832100308 832100308 832100308 832100308 832100308 832100308 832100308 832100308 832100308 832100308 832100308 832100308 832100308 832100308 832100308 832100308 832100308 832100308 832100308 832100308 832100308 832100308 832100308 832100308 832100308 832100308 832100308 832100308 832100308 
832100308 832100308 832100308 832100308 832100308 832100308 832100308 832100308 832100308 832100308 832100308 832100308 832100308 832100308 832100308 832100308 832100308 832100308 832100308 832100308 832100308 832100308 832100308 832100308 832100308 832100308 832100308 832100308 832100308 
832100308 832100308 832100308 832100308 832100308 832100308 832100308 832100308 832100308 832100308 832100308 832100308 832100308 832100308 832100308 832100308 832100308 832100308 832100308 832100308 832100308 832100308 832100308 832100308 832100308 832100308 832100308 832100308 832100308 
832100308 832100308 832100308 832100308 832100308 832100308 832100308 832100308 832100308 832100308 832100308 832100308 832100308 832100308 832100308 832100308 832100308 832100308 832100308 832100308 832100308 832100308 832100308 832100308 832100308 832100308 832100308 832100308 832100308 
832100308 832100308 832100308 832100308 832100308 832100308 832100308 832100308 832100308 832100308 832100308 832100308 832100308 832100308 832100308 832100308 832100308 832100308 832100308 832100308 832100308 832100308 832100308 832100308 832100308 832100308 832100308 832100308 832100308 
832100308 832100308 832100308 832100308 832100308 832100308 832100308 832100308 832100308 832100308 832100308 832100308 832100308 832100308 832100308 832100308 832100308 832100308 832100308 832100308 832100308 832100308 832100308 832100308 832100308 832100308 832100308 832100308 832100308 
832100308 832100308 832100308 832100308 832100308 832100308 832100308 832100308 832100308 832100308 832100308 832100308 832100308 832100308 832100308 832100308 832100308 832100308 832100308 832100308 832100308 832100308 832100308 832100308 832100308 832100308 832100308 832100308 832100308 
832100308 832100308 832100308 832100308 832100308 832100308 832100308 832100308 832100308 832100308 832100308 832100308 832100308 832100308 832100308 832100308 832100308 832100308 832100308 832100308 832100308 832100308 832100308 832100308 832100308 832100308 832100308 832100308 832100308 
832100308 832100308 832100308 832100308 832100308 832100308 832100308 832100308 832100308 832100308 832100308 832100308 832100308 832100308 832100308 832100308 832100308 832100308 832100308 832100308 832100308 832100308 832100308 832100308 832100308 832100308 832100308 832100308 832100308 
832100308 832100308 832100308 832100308 832100308 832100308 832100308 832100308 832100308 832100308 832100308 832100308 832100308 832100308 832100308 832100308 832100308 832100308 832100308 832100308 832100308 832100308 832100308 832100308 832100308 832100308 832100308 832100308 832100308 
832100308 832100308 832100308 832100308 832100308 832100308 832100308 832100308 832100308 832100308 832100308 832100308 832100308 832100308 832100308 832100308 832100308 832100308 832100308 832100308 832100308 832100308 832100308 832100308 832100308 832100308 832100308 832100308 832100308 
832100308 832100308 832100308 832100308 832100308 832100308 832100308 832100308 832100308 832100308 832100308 832100308 832100308 832100308 832100308 832100308 832100308 832100308 832100308 832100308 832100308 832100308 832100308 832100308 832100308 832100308 832100308 832100308 832100308 
832100308 832100308 832100308 832100308 832100308 832100308 832100308 832100308 832100308 832100308 832100308 832100308 832100308 832100308 832100308 832100308 832100308 832100308 832100308 832100308 832100308 832100308 832100308 832100308 832100308 832100308 832100308 832100308 832100308 
832100308 832100308 832100308 832100308 832100308 832100308 832100308 832100308 832100308 832100308 832100308 832100308 832100308 832100308 832100308 832100308 832100308 832100308 832100308 832100308 832100308 832100308 832100308 832100308 832100308 832100308 832100308 832100308 832100308 
832100308 832100308 832100308 832100308 832100308 832100308 832100308 832100308 832100308 832100308 832100308 832100308 832100308 832100308 832100308 832100308 832100308 832100308 832100308 832100308 832100308 832100308 832100308 832100308 832100308 832100308 832100308 832100308 832100308 
832100308 832100308 832100308 832100308 832100308 832100308 832100308 832100308 832100308 832100308 832100308 832100308 832100308 832100308 832100308 832100308 832100308 832100308 832100308 832100308 832100308 832100308 832100308 832100308 832100308 832100308 832100308 832100308 832100308 
832100308 832100308 832100308 832100308 832100308 832100308 832100308 832100308 832100308 832100308 832100308 832100308 832100308 832100308 832100308 832100308 832100308 832100308 832100308 832100308 832100308 832100308 832100308 832100308 832100308 832100308 832100308 832100308 832100308 
832100308 832100308 832100308 832100308 832100308 832100308 832100308 832100308 832100308 832100308 832100308 832100308 832100308 832100308 832100308 832100308 832100308 832100308 832100308 832100308 832100308 832100308 832100308 832100308 832100308 832100308 832100308 832100308 832100308 
832100308 832100308 832100308 832100308 832100308 832100308 832100308 832100308 832100308 832100308 832100308 832100308 832100308 832100308 832100308 832100308 832100308 832100308 832100308 832100308 832100308 832100308 832100308 832100308 832100308 832100308 832100308 832100308 832100308 
832100308 832100308 832100308 832100308 832100308 832100308 832100308 832100308 832100308 832100308 832100308 832100308 832100308 832100308 832100308 832100308 832100308 832100308 832100308 832100308 832100308 832100308 832100308 832100308 832100308 832100308 832100308 832100308 832100308 
832100308 832100308 832100308 832100308 832100308 832100308 832100308 832100308 832100308 832100308 832100308 832100308 832100308 832100308 832100308 832100308 832100308 832100308 832100308 832100308 832100308 832100308 832100308 832100308 832100308 832100308 832100308 832100308 832100308 
832100308 832100308 832100308 832100308 832100308 832100308 832100308 832100308 832100308 832100308 832100308 832100308 832100308 832100308 832100308 832100308 832100308 832100308 832100308 832100308 832100308 832100308 832100308 832100308 832100308 832100308 832100308 832100308 832100308 
832100308 832100308 832100308 832100308 832100308 832100308 832100308 832100308 832100308 832100308 832100308 832100308 832100308 832100308 832100308 832100308 832100308 832100308 832100308 832100308 832100308 832100308 832100308 832100308 832100308 832100308 832100308 832100308 832100308 
832100308 832100308 832100308 832100308 832100308 832100308 832100308 832100308 832100308 832100308 832100308 832100308 832100308 832100308 832100308 832100308 832100308 832100308 832100308 832100308 832100308 832100308 832100308 832100308 832100308 832100308 832100308 832100308 832100308 
832100308 832100308 832100308 832100308 832100308 832100308 832100308 832100308 832100308 832100308 832100308 832100308 832100308 832100308 832100308 832100308 832100308 832100308 832100308 832100308 832100308 832100308 832100308 832100308 832100308 832100308 832100308 832100308 832100308 
832100308 832100308 832100308 832100308 832100308 832100308 832100308 832100308 832100308 832100308 832100308 832100308 832100308 832100308 832100308 832100308 832100308 832100308 832100308 832100308 832100308 832100308 832100308 832100308 832100308 832100308 832100308 832100308 832100308 
832100308 832100308 832100308 832100308 832100308 832100308 832100308 832100308 832100308 832100308 832100308 832100308 832100308 832100308 832100308 832100308 832100308 832100308 832100308 832100308 832100308 832100308 832100308 832100308 832100308 832100308 832100308 832100308 832100308 
832100308 832100308 832100308 832100308 832100308 832100308 832100308 832100308 832100308 832100308 832100308 832100308 832100308 832100308 832100308 832100308 832100308 832100308 832100308 832100308 832100308 832100308 832100308 832100308 832100308 832100308 832100308 832100308 832100308 
832100308 832100308 832100308 832100308 832100308 832100308 832100308 832100308 832100308 832100308 832100308 832100308 832100308 832100308 832100308 832100308 832100308 832100308 832100308 832100308 832100308 832100308 832100308 832100308 832100308 832100308 832100308 832100308 832100308 
832100308 832100308 832100308 832100308 832100308 832100308 832100308 832100308 832100308 832100308 832100308 832100308 832100308 832100308 832100308 832100308 832100308 832100308 832100308 832100308 832100308 832100308 832100308 832100308 832100308 832100308 832100308 832100308 832100308 
832100308 832100308 832100308 832100308 832100308 832100308 832100308 832100308 832100308 832100308 832100308 832100308 832100308 832100308 832100308 832100308 832100308 832100308 832100308 832100308 832100308 832100308 832100308 832100308 832100308 832100308 832100308 832100308 832100308 
