832099092 832099088/n832100216 832100216 832100216 832100216 832100216 832100216 832100216 832100216 832100216 832100216 832100216 832100216 832100216 832100216 832100216 832100216 832100216 832100216 832100216 832100216 832100216 832100216 832100216 832100216 832100216 832100216 832100216 832100216 832100216 832100216 
832100216 832100216 832100216 832100216 832100216 832100216 832100216 832100216 832100216 832100216 832100216 832100216 832100216 832100216 832100216 832100216 832100216 832100216 832100216 832100216 832100216 832100216 832100216 832100216 832100216 832100216 832100216 832100216 832100216 832100216 
832100216 832100216 832100216 832100216 832100216 832100216 832100216 832100216 832100216 832100216 832100216 832100216 832100216 832100216 832100216 832100216 832100216 832100216 832100216 832100216 832100216 832100216 832100216 832100216 832100216 832100216 832100216 832100216 832100216 832100216 
832100216 832100216 832100216 832100216 832100216 832100216 832100216 832100216 832100216 832100216 832100216 832100216 832100216 832100216 832100216 832100216 832100216 832100216 832100216 832100216 832100216 832100216 832100216 832100216 832100216 832100216 832100216 832100216 832100216 832100216 
832100216 832100216 832100216 832100216 832100216 832100216 832100216 832100216 832100216 832100216 832100216 832100216 832100216 832100216 832100216 832100216 832100216 832100216 832100216 832100216 832100216 832100216 832100216 832100216 832100216 832100216 832100216 832100216 832100216 832100216 
832100216 832100216 832100216 832100216 832100216 832100216 832100216 832100216 832100216 832100216 832100216 832100216 832100216 832100216 832100216 832100216 832100216 832100216 832100216 832100216 832100216 832100216 832100216 832100216 832100216 832100216 832100216 832100216 832100216 832100216 
832100216 832100216 832100216 832100216 832100216 832100216 832100216 832100216 832100216 832100216 832100216 832100216 832100216 832100216 832100216 832100216 832100216 832100216 832100216 832100216 832100216 832100216 832100216 832100216 832100216 832100216 832100216 832100216 832100216 832100216 
832100216 832100216 832100216 832100216 832100216 832100216 832100216 832100216 832100216 832100216 832100216 832100216 832100216 832100216 832100216 832100216 832100216 832100216 832100216 832100216 832100216 832100216 832100216 832100216 832100216 832100216 832100216 832100216 832100216 832100216 
832100216 832100216 832100216 832100216 832100216 832100216 832100216 832100216 832100216 832100216 832100216 832100216 832100216 832100216 832100216 832100216 832100216 832100216 832100216 832100216 832100216 832100216 832100216 832100216 832100216 832100216 832100216 832100216 832100216 832100216 
832100216 832100216 832100216 832100216 832100216 832100216 832100216 832100216 832100216 832100216 832100216 832100216 832100216 832100216 832100216 832100216 832100216 832100216 832100216 832100216 832100216 832100216 832100216 832100216 832100216 832100216 832100216 832100216 832100216 832100216 
832100216 832100216 832100216 832100216 832100216 832100216 832100216 832100216 832100216 832100216 832100216 832100216 832100216 832100216 832100216 832100216 832100216 832100216 832100216 832100216 832100216 832100216 832100216 832100216 832100216 832100216 832100216 832100216 832100216 832100216 
832100216 832100216 832100216 832100216 832100216 832100216 832100216 832100216 832100216 832100216 832100216 832100216 832100216 832100216 832100216 832100216 832100216 832100216 832100216 832100216 832100216 832100216 832100216 832100216 832100216 832100216 832100216 832100216 832100216 832100216 
832100216 832100216 832100216 832100216 832100216 832100216 832100216 832100216 832100216 832100216 832100216 832100216 832100216 832100216 832100216 832100216 832100216 832100216 832100216 832100216 832100216 832100216 832100216 832100216 832100216 832100216 832100216 832100216 832100216 832100216 
832100216 832100216 832100216 832100216 832100216 832100216 832100216 832100216 832100216 832100216 832100216 832100216 832100216 832100216 832100216 832100216 832100216 832100216 832100216 832100216 832100216 832100216 832100216 832100216 832100216 832100216 832100216 832100216 832100216 832100216 
832100216 832100216 832100216 832100216 832100216 832100216 832100216 832100216 832100216 832100216 832100216 832100216 832100216 832100216 832100216 832100216 832100216 832100216 832100216 832100216 832100216 832100216 832100216 832100216 832100216 832100216 832100216 832100216 832100216 832100216 
832100216 832100216 832100216 832100216 832100216 832100216 832100216 832100216 832100216 832100216 832100216 832100216 832100216 832100216 832100216 832100216 832100216 832100216 832100216 832100216 832100216 832100216 832100216 832100216 832100216 832100216 832100216 832100216 832100216 832100216 
832100216 832100216 832100216 832100216 832100216 832100216 832100216 832100216 832100216 832100216 832100216 832100216 832100216 832100216 832100216 832100216 832100216 832100216 832100216 832100216 832100216 832100216 832100216 832100216 832100216 832100216 832100216 832100216 832100216 832100216 
832100216 832100216 832100216 832100216 832100216 832100216 832100216 832100216 832100216 832100216 832100216 832100216 832100216 832100216 832100216 832100216 832100216 832100216 832100216 832100216 832100216 832100216 832100216 832100216 832100216 832100216 832100216 832100216 832100216 832100216 
832100216 832100216 832100216 832100216 832100216 832100216 832100216 832100216 832100216 832100216 832100216 832100216 832100216 832100216 832100216 832100216 832100216 832100216 832100216 832100216 832100216 832100216 832100216 832100216 832100216 832100216 832100216 832100216 832100216 832100216 
832100216 832100216 832100216 832100216 832100216 832100216 832100216 832100216 832100216 832100216 832100216 832100216 832100216 832100216 832100216 832100216 832100216 832100216 832100216 832100216 832100216 832100216 832100216 832100216 832100216 832100216 832100216 832100216 832100216 832100216 
832100216 832100216 832100216 832100216 832100216 832100216 832100216 832100216 832100216 832100216 832100216 832100216 832100216 832100216 832100216 832100216 832100216 832100216 832100216 832100216 832100216 832100216 832100216 832100216 832100216 832100216 832100216 832100216 832100216 832100216 
832100216 832100216 832100216 832100216 832100216 832100216 832100216 832100216 832100216 832100216 832100216 832100216 832100216 832100216 832100216 832100216 832100216 832100216 832100216 832100216 832100216 832100216 832100216 832100216 832100216 832100216 832100216 832100216 832100216 832100216 
832100216 832100216 832100216 832100216 832100216 832100216 832100216 832100216 832100216 832100216 832100216 832100216 832100216 832100216 832100216 832100216 832100216 832100216 832100216 832100216 832100216 832100216 832100216 832100216 832100216 832100216 832100216 832100216 832100216 832100216 
832100216 832100216 832100216 832100216 832100216 832100216 832100216 832100216 832100216 832100216 832100216 832100216 832100216 832100216 832100216 832100216 832100216 832100216 832100216 832100216 832100216 832100216 832100216 832100216 832100216 832100216 832100216 832100216 832100216 832100216 
832100216 832100216 832100216 832100216 832100216 832100216 832100216 832100216 832100216 832100216 832100216 832100216 832100216 832100216 832100216 832100216 832100216 832100216 832100216 832100216 832100216 832100216 832100216 832100216 832100216 832100216 832100216 832100216 832100216 832100216 
832100216 832100216 832100216 832100216 832100216 832100216 832100216 832100216 832100216 832100216 832100216 832100216 832100216 832100216 832100216 832100216 832100216 832100216 832100216 832100216 832100216 832100216 832100216 832100216 832100216 832100216 832100216 832100216 832100216 832100216 
832100216 832100216 832100216 832100216 832100216 832100216 832100216 832100216 832100216 832100216 832100216 832100216 832100216 832100216 832100216 832100216 832100216 832100216 832100216 832100216 832100216 832100216 832100216 832100216 832100216 832100216 832100216 832100216 832100216 832100216 
832100216 832100216 832100216 832100216 832100216 832100216 832100216 832100216 832100216 832100216 832100216 832100216 832100216 832100216 832100216 832100216 832100216 832100216 832100216 832100216 832100216 832100216 832100216 832100216 832100216 832100216 832100216 832100216 832100216 832100216 
832100216 832100216 832100216 832100216 832100216 832100216 832100216 832100216 832100216 832100216 832100216 832100216 832100216 832100216 832100216 832100216 832100216 832100216 832100216 832100216 832100216 832100216 832100216 832100216 832100216 832100216 832100216 832100216 832100216 832100216 
832100216 832100216 832100216 832100216 832100216 832100216 832100216 832100216 832100216 832100216 832100216 832100216 832100216 832100216 832100216 832100216 832100216 832100216 832100216 832100216 832100216 832100216 832100216 832100216 832100216 832100216 832100216 832100216 832100216 832100216 
832100216 832100216 832100216 832100216 832100216 832100216 832100216 832100216 832100216 832100216 832100216 832100216 832100216 832100216 832100216 832100216 832100216 832100216 832100216 832100216 832100216 832100216 832100216 832100216 832100216 832100216 832100216 832100216 832100216 832100216 
832100216 832100216 832100216 832100216 832100216 832100216 832100216 832100216 832100216 832100216 832100216 832100216 832100216 832100216 832100216 832100216 832100216 832100216 832100216 832100216 832100216 832100216 832100216 832100216 832100216 832100216 832100216 832100216 832100216 832100216 
832100216 832100216 832100216 832100216 832100216 832100216 832100216 832100216 832100216 832100216 832100216 832100216 832100216 832100216 832100216 832100216 832100216 832100216 832100216 832100216 832100216 832100216 832100216 832100216 832100216 832100216 832100216 832100216 832100216 832100216 
832100216 832100216 832100216 832100216 832100216 832100216 832100216 832100216 832100216 832100216 832100216 832100216 832100216 832100216 832100216 832100216 832100216 832100216 832100216 832100216 832100216 832100216 832100216 832100216 832100216 832100216 832100216 832100216 832100216 832100216 
832100216 832100216 832100216 832100216 832100216 832100216 832100216 832100216 832100216 832100216 832100216 832100216 832100216 832100216 832100216 832100216 832100216 832100216 832100216 832100216 832100216 832100216 832100216 832100216 832100216 832100216 832100216 832100216 832100216 832100216 
832100216 832100216 832100216 832100216 832100216 832100216 832100216 832100216 832100216 832100216 832100216 832100216 832100216 832100216 832100216 832100216 832100216 832100216 832100216 832100216 832100216 832100216 832100216 832100216 832100216 832100216 832100216 832100216 832100216 832100216 
832100216 832100216 832100216 832100216 832100216 832100216 832100216 832100216 832100216 832100216 832100216 832100216 832100216 832100216 832100216 832100216 832100216 832100216 832100216 832100216 832100216 832100216 832100216 832100216 832100216 832100216 832100216 832100216 832100216 832100216 
832100216 832100216 832100216 832100216 832100216 832100216 832100216 832100216 832100216 832100216 832100216 832100216 832100216 832100216 832100216 832100216 832100216 832100216 832100216 832100216 832100216 832100216 832100216 832100216 832100216 832100216 832100216 832100216 832100216 832100216 
832100216 832100216 832100216 832100216 832100216 832100216 832100216 832100216 832100216 832100216 832100216 832100216 832100216 832100216 832100216 832100216 832100216 832100216 832100216 832100216 832100216 832100216 832100216 832100216 832100216 832100216 832100216 832100216 832100216 832100216 
832100216 832100216 832100216 832100216 832100216 832100216 832100216 832100216 832100216 832100216 832100216 832100216 832100216 832100216 832100216 832100216 832100216 832100216 832100216 832100216 832100216 832100216 832100216 832100216 832100216 832100216 832100216 832100216 832100216 832100216 
832100216 832100216 832100216 832100216 832100216 832100216 832100216 832100216 832100216 832100216 832100216 832100216 832100216 832100216 832100216 832100216 832100216 832100216 832100216 832100216 832100216 832100216 832100216 832100216 832100216 832100216 832100216 832100216 832100216 832100216 
832100216 832100216 832100216 832100216 832100216 832100216 832100216 832100216 832100216 832100216 832100216 832100216 832100216 832100216 832100216 832100216 832100216 832100216 832100216 832100216 832100216 832100216 832100216 832100216 832100216 832100216 832100216 832100216 832100216 832100216 
