832099092 832099088/n832100252 832100252 832100252 832100252 832100252 832100252 832100252 832100252 832100252 832100252 832100252 832100252 832100252 832100252 832100252 832100252 832100252 832100252 832100252 
832100252 832100252 832100252 832100252 832100252 832100252 832100252 832100252 832100252 832100252 832100252 832100252 832100252 832100252 832100252 832100252 832100252 832100252 832100252 
832100252 832100252 832100252 832100252 832100252 832100252 832100252 832100252 832100252 832100252 832100252 832100252 832100252 832100252 832100252 832100252 832100252 832100252 832100252 
832100252 832100252 832100252 832100252 832100252 832100252 832100252 832100252 832100252 832100252 832100252 832100252 832100252 832100252 832100252 832100252 832100252 832100252 832100252 
832100252 832100252 832100252 832100252 832100252 832100252 832100252 832100252 832100252 832100252 832100252 832100252 832100252 832100252 832100252 832100252 832100252 832100252 832100252 
832100252 832100252 832100252 832100252 832100252 832100252 832100252 832100252 832100252 832100252 832100252 832100252 832100252 832100252 832100252 832100252 832100252 832100252 832100252 
832100252 832100252 832100252 832100252 832100252 832100252 832100252 832100252 832100252 832100252 832100252 832100252 832100252 832100252 832100252 832100252 832100252 832100252 832100252 
832100252 832100252 832100252 832100252 832100252 832100252 832100252 832100252 832100252 832100252 832100252 832100252 832100252 832100252 832100252 832100252 832100252 832100252 832100252 
832100252 832100252 832100252 832100252 832100252 832100252 832100252 832100252 832100252 832100252 832100252 832100252 832100252 832100252 832100252 832100252 832100252 832100252 832100252 
832100252 832100252 832100252 832100252 832100252 832100252 832100252 832100252 832100252 832100252 832100252 832100252 832100252 832100252 832100252 832100252 832100252 832100252 832100252 
832100252 832100252 832100252 832100252 832100252 832100252 832100252 832100252 832100252 832100252 832100252 832100252 832100252 832100252 832100252 832100252 832100252 832100252 832100252 
832100252 832100252 832100252 832100252 832100252 832100252 832100252 832100252 832100252 832100252 832100252 832100252 832100252 832100252 832100252 832100252 832100252 832100252 832100252 
832100252 832100252 832100252 832100252 832100252 832100252 832100252 832100252 832100252 832100252 832100252 832100252 832100252 832100252 832100252 832100252 832100252 832100252 832100252 
832100252 832100252 832100252 832100252 832100252 832100252 832100252 832100252 832100252 832100252 832100252 832100252 832100252 832100252 832100252 832100252 832100252 832100252 832100252 
832100252 832100252 832100252 832100252 832100252 832100252 832100252 832100252 832100252 832100252 832100252 832100252 832100252 832100252 832100252 832100252 832100252 832100252 832100252 
832100252 832100252 832100252 832100252 832100252 832100252 832100252 832100252 832100252 832100252 832100252 832100252 832100252 832100252 832100252 832100252 832100252 832100252 832100252 
832100252 832100252 832100252 832100252 832100252 832100252 832100252 832100252 832100252 832100252 832100252 832100252 832100252 832100252 832100252 832100252 832100252 832100252 832100252 
832100252 832100252 832100252 832100252 832100252 832100252 832100252 832100252 832100252 832100252 832100252 832100252 832100252 832100252 832100252 832100252 832100252 832100252 832100252 
832100252 832100252 832100252 832100252 832100252 832100252 832100252 832100252 832100252 832100252 832100252 832100252 832100252 832100252 832100252 832100252 832100252 832100252 832100252 
832100252 832100252 832100252 832100252 832100252 832100252 832100252 832100252 832100252 832100252 832100252 832100252 832100252 832100252 832100252 832100252 832100252 832100252 832100252 
832100252 832100252 832100252 832100252 832100252 832100252 832100252 832100252 832100252 832100252 832100252 832100252 832100252 832100252 832100252 832100252 832100252 832100252 832100252 
832100252 832100252 832100252 832100252 832100252 832100252 832100252 832100252 832100252 832100252 832100252 832100252 832100252 832100252 832100252 832100252 832100252 832100252 832100252 
832100252 832100252 832100252 832100252 832100252 832100252 832100252 832100252 832100252 832100252 832100252 832100252 832100252 832100252 832100252 832100252 832100252 832100252 832100252 
832100252 832100252 832100252 832100252 832100252 832100252 832100252 832100252 832100252 832100252 832100252 832100252 832100252 832100252 832100252 832100252 832100252 832100252 832100252 
832100252 832100252 832100252 832100252 832100252 832100252 832100252 832100252 832100252 832100252 832100252 832100252 832100252 832100252 832100252 832100252 832100252 832100252 832100252 
832100252 832100252 832100252 832100252 832100252 832100252 832100252 832100252 832100252 832100252 832100252 832100252 832100252 832100252 832100252 832100252 832100252 832100252 832100252 
832100252 832100252 832100252 832100252 832100252 832100252 832100252 832100252 832100252 832100252 832100252 832100252 832100252 832100252 832100252 832100252 832100252 832100252 832100252 
832100252 832100252 832100252 832100252 832100252 832100252 832100252 832100252 832100252 832100252 832100252 832100252 832100252 832100252 832100252 832100252 832100252 832100252 832100252 
832100252 832100252 832100252 832100252 832100252 832100252 832100252 832100252 832100252 832100252 832100252 832100252 832100252 832100252 832100252 832100252 832100252 832100252 832100252 
832100252 832100252 832100252 832100252 832100252 832100252 832100252 832100252 832100252 832100252 832100252 832100252 832100252 832100252 832100252 832100252 832100252 832100252 832100252 
832100252 832100252 832100252 832100252 832100252 832100252 832100252 832100252 832100252 832100252 832100252 832100252 832100252 832100252 832100252 832100252 832100252 832100252 832100252 
832100252 832100252 832100252 832100252 832100252 832100252 832100252 832100252 832100252 832100252 832100252 832100252 832100252 832100252 832100252 832100252 832100252 832100252 832100252 
832100252 832100252 832100252 832100252 832100252 832100252 832100252 832100252 832100252 832100252 832100252 832100252 832100252 832100252 832100252 832100252 832100252 832100252 832100252 
832100252 832100252 832100252 832100252 832100252 832100252 832100252 832100252 832100252 832100252 832100252 832100252 832100252 832100252 832100252 832100252 832100252 832100252 832100252 
832100252 832100252 832100252 832100252 832100252 832100252 832100252 832100252 832100252 832100252 832100252 832100252 832100252 832100252 832100252 832100252 832100252 832100252 832100252 
832100252 832100252 832100252 832100252 832100252 832100252 832100252 832100252 832100252 832100252 832100252 832100252 832100252 832100252 832100252 832100252 832100252 832100252 832100252 
832100252 832100252 832100252 832100252 832100252 832100252 832100252 832100252 832100252 832100252 832100252 832100252 832100252 832100252 832100252 832100252 832100252 832100252 832100252 
832100252 832100252 832100252 832100252 832100252 832100252 832100252 832100252 832100252 832100252 832100252 832100252 832100252 832100252 832100252 832100252 832100252 832100252 832100252 
832100252 832100252 832100252 832100252 832100252 832100252 832100252 832100252 832100252 832100252 832100252 832100252 832100252 832100252 832100252 832100252 832100252 832100252 832100252 
832100252 832100252 832100252 832100252 832100252 832100252 832100252 832100252 832100252 832100252 832100252 832100252 832100252 832100252 832100252 832100252 832100252 832100252 832100252 
832100252 832100252 832100252 832100252 832100252 832100252 832100252 832100252 832100252 832100252 832100252 832100252 832100252 832100252 832100252 832100252 832100252 832100252 832100252 
832100252 832100252 832100252 832100252 832100252 832100252 832100252 832100252 832100252 832100252 832100252 832100252 832100252 832100252 832100252 832100252 832100252 832100252 832100252 
832100252 832100252 832100252 832100252 832100252 832100252 832100252 832100252 832100252 832100252 832100252 832100252 832100252 832100252 832100252 832100252 832100252 832100252 832100252 
832100252 832100252 832100252 832100252 832100252 832100252 832100252 832100252 832100252 832100252 832100252 832100252 832100252 832100252 832100252 832100252 832100252 832100252 832100252 
832100252 832100252 832100252 832100252 832100252 832100252 832100252 832100252 832100252 832100252 832100252 832100252 832100252 832100252 832100252 832100252 832100252 832100252 832100252 
832100252 832100252 832100252 832100252 832100252 832100252 832100252 832100252 832100252 832100252 832100252 832100252 832100252 832100252 832100252 832100252 832100252 832100252 832100252 
832100252 832100252 832100252 832100252 832100252 832100252 832100252 832100252 832100252 832100252 832100252 832100252 832100252 832100252 832100252 832100252 832100252 832100252 832100252 
