832099092 832099088/n832099800 832099800 832099800 832099800 832099800 832099800 832099800 832099800 832099800 832099800 832099800 832099800 832099800 832099800 832099800 832099800 832099800 832099800 
832099800 832099800 832099800 832099800 832099800 832099800 832099800 832099800 832099800 832099800 832099800 832099800 832099800 832099800 832099800 832099800 832099800 832099800 
832099800 832099800 832099800 832099800 832099800 832099800 832099800 832099800 832099800 832099800 832099800 832099800 832099800 832099800 832099800 832099800 832099800 832099800 
832099800 832099800 832099800 832099800 832099800 832099800 832099800 832099800 832099800 832099800 832099800 832099800 832099800 832099800 832099800 832099800 832099800 832099800 
832099800 832099800 832099800 832099800 832099800 832099800 832099800 832099800 832099800 832099800 832099800 832099800 832099800 832099800 832099800 832099800 832099800 832099800 
832099800 832099800 832099800 832099800 832099800 832099800 832099800 832099800 832099800 832099800 832099800 832099800 832099800 832099800 832099800 832099800 832099800 832099800 
832099800 832099800 832099800 832099800 832099800 832099800 832099800 832099800 832099800 832099800 832099800 832099800 832099800 832099800 832099800 832099800 832099800 832099800 
832099800 832099800 832099800 832099800 832099800 832099800 832099800 832099800 832099800 832099800 832099800 832099800 832099800 832099800 832099800 832099800 832099800 832099800 
832099800 832099800 832099800 832099800 832099800 832099800 832099800 832099800 832099800 832099800 832099800 832099800 832099800 832099800 832099800 832099800 832099800 832099800 
832099800 832099800 832099800 832099800 832099800 832099800 832099800 832099800 832099800 832099800 832099800 832099800 832099800 832099800 832099800 832099800 832099800 832099800 
832099800 832099800 832099800 832099800 832099800 832099800 832099800 832099800 832099800 832099800 832099800 832099800 832099800 832099800 832099800 832099800 832099800 832099800 
832099800 832099800 832099800 832099800 832099800 832099800 832099800 832099800 832099800 832099800 832099800 832099800 832099800 832099800 832099800 832099800 832099800 832099800 
832099800 832099800 832099800 832099800 832099800 832099800 832099800 832099800 832099800 832099800 832099800 832099800 832099800 832099800 832099800 832099800 832099800 832099800 
832099800 832099800 832099800 832099800 832099800 832099800 832099800 832099800 832099800 832099800 832099800 832099800 832099800 832099800 832099800 832099800 832099800 832099800 
832099800 832099800 832099800 832099800 832099800 832099800 832099800 832099800 832099800 832099800 832099800 832099800 832099800 832099800 832099800 832099800 832099800 832099800 
832099800 832099800 832099800 832099800 832099800 832099800 832099800 832099800 832099800 832099800 832099800 832099800 832099800 832099800 832099800 832099800 832099800 832099800 
832099800 832099800 832099800 832099800 832099800 832099800 832099800 832099800 832099800 832099800 832099800 832099800 832099800 832099800 832099800 832099800 832099800 832099800 
832099800 832099800 832099800 832099800 832099800 832099800 832099800 832099800 832099800 832099800 832099800 832099800 832099800 832099800 832099800 832099800 832099800 832099800 
832099800 832099800 832099800 832099800 832099800 832099800 832099800 832099800 832099800 832099800 832099800 832099800 832099800 832099800 832099800 832099800 832099800 832099800 
