832099092 832099088/n832100388 832100388 832100388 832100388 832100388 832100388 832100388 832100388 832100388 832100388 832100388 832100388 832100388 832100388 832100388 832100388 832100388 832100388 832100388 832100388 832100388 832100388 832100388 832100388 832100388 832100388 832100388 832100388 832100388 832100388 832100388 832100388 832100388 832100388 832100388 832100388 832100388 
832100388 832100388 832100388 832100388 832100388 832100388 832100388 832100388 832100388 832100388 832100388 832100388 832100388 832100388 832100388 832100388 832100388 832100388 832100388 832100388 832100388 832100388 832100388 832100388 832100388 832100388 832100388 832100388 832100388 832100388 832100388 832100388 832100388 832100388 832100388 832100388 832100388 
832100388 832100388 832100388 832100388 832100388 832100388 832100388 832100388 832100388 832100388 832100388 832100388 832100388 832100388 832100388 832100388 832100388 832100388 832100388 832100388 832100388 832100388 832100388 832100388 832100388 832100388 832100388 832100388 832100388 832100388 832100388 832100388 832100388 832100388 832100388 832100388 832100388 
832100388 832100388 832100388 832100388 832100388 832100388 832100388 832100388 832100388 832100388 832100388 832100388 832100388 832100388 832100388 832100388 832100388 832100388 832100388 832100388 832100388 832100388 832100388 832100388 832100388 832100388 832100388 832100388 832100388 832100388 832100388 832100388 832100388 832100388 832100388 832100388 832100388 
832100388 832100388 832100388 832100388 832100388 832100388 832100388 832100388 832100388 832100388 832100388 832100388 832100388 832100388 832100388 832100388 832100388 832100388 832100388 832100388 832100388 832100388 832100388 832100388 832100388 832100388 832100388 832100388 832100388 832100388 832100388 832100388 832100388 832100388 832100388 832100388 832100388 
832100388 832100388 832100388 832100388 832100388 832100388 832100388 832100388 832100388 832100388 832100388 832100388 832100388 832100388 832100388 832100388 832100388 832100388 832100388 832100388 832100388 832100388 832100388 832100388 832100388 832100388 832100388 832100388 832100388 832100388 832100388 832100388 832100388 832100388 832100388 832100388 832100388 
832100388 832100388 832100388 832100388 832100388 832100388 832100388 832100388 832100388 832100388 832100388 832100388 832100388 832100388 832100388 832100388 832100388 832100388 832100388 832100388 832100388 832100388 832100388 832100388 832100388 832100388 832100388 832100388 832100388 832100388 832100388 832100388 832100388 832100388 832100388 832100388 832100388 
832100388 832100388 832100388 832100388 832100388 832100388 832100388 832100388 832100388 832100388 832100388 832100388 832100388 832100388 832100388 832100388 832100388 832100388 832100388 832100388 832100388 832100388 832100388 832100388 832100388 832100388 832100388 832100388 832100388 832100388 832100388 832100388 832100388 832100388 832100388 832100388 832100388 
832100388 832100388 832100388 832100388 832100388 832100388 832100388 832100388 832100388 832100388 832100388 832100388 832100388 832100388 832100388 832100388 832100388 832100388 832100388 832100388 832100388 832100388 832100388 832100388 832100388 832100388 832100388 832100388 832100388 832100388 832100388 832100388 832100388 832100388 832100388 832100388 832100388 
832100388 832100388 832100388 832100388 832100388 832100388 832100388 832100388 832100388 832100388 832100388 832100388 832100388 832100388 832100388 832100388 832100388 832100388 832100388 832100388 832100388 832100388 832100388 832100388 832100388 832100388 832100388 832100388 832100388 832100388 832100388 832100388 832100388 832100388 832100388 832100388 832100388 
832100388 832100388 832100388 832100388 832100388 832100388 832100388 832100388 832100388 832100388 832100388 832100388 832100388 832100388 832100388 832100388 832100388 832100388 832100388 832100388 832100388 832100388 832100388 832100388 832100388 832100388 832100388 832100388 832100388 832100388 832100388 832100388 832100388 832100388 832100388 832100388 832100388 
832100388 832100388 832100388 832100388 832100388 832100388 832100388 832100388 832100388 832100388 832100388 832100388 832100388 832100388 832100388 832100388 832100388 832100388 832100388 832100388 832100388 832100388 832100388 832100388 832100388 832100388 832100388 832100388 832100388 832100388 832100388 832100388 832100388 832100388 832100388 832100388 832100388 
832100388 832100388 832100388 832100388 832100388 832100388 832100388 832100388 832100388 832100388 832100388 832100388 832100388 832100388 832100388 832100388 832100388 832100388 832100388 832100388 832100388 832100388 832100388 832100388 832100388 832100388 832100388 832100388 832100388 832100388 832100388 832100388 832100388 832100388 832100388 832100388 832100388 
832100388 832100388 832100388 832100388 832100388 832100388 832100388 832100388 832100388 832100388 832100388 832100388 832100388 832100388 832100388 832100388 832100388 832100388 832100388 832100388 832100388 832100388 832100388 832100388 832100388 832100388 832100388 832100388 832100388 832100388 832100388 832100388 832100388 832100388 832100388 832100388 832100388 
832100388 832100388 832100388 832100388 832100388 832100388 832100388 832100388 832100388 832100388 832100388 832100388 832100388 832100388 832100388 832100388 832100388 832100388 832100388 832100388 832100388 832100388 832100388 832100388 832100388 832100388 832100388 832100388 832100388 832100388 832100388 832100388 832100388 832100388 832100388 832100388 832100388 
832100388 832100388 832100388 832100388 832100388 832100388 832100388 832100388 832100388 832100388 832100388 832100388 832100388 832100388 832100388 832100388 832100388 832100388 832100388 832100388 832100388 832100388 832100388 832100388 832100388 832100388 832100388 832100388 832100388 832100388 832100388 832100388 832100388 832100388 832100388 832100388 832100388 
832100388 832100388 832100388 832100388 832100388 832100388 832100388 832100388 832100388 832100388 832100388 832100388 832100388 832100388 832100388 832100388 832100388 832100388 832100388 832100388 832100388 832100388 832100388 832100388 832100388 832100388 832100388 832100388 832100388 832100388 832100388 832100388 832100388 832100388 832100388 832100388 832100388 
832100388 832100388 832100388 832100388 832100388 832100388 832100388 832100388 832100388 832100388 832100388 832100388 832100388 832100388 832100388 832100388 832100388 832100388 832100388 832100388 832100388 832100388 832100388 832100388 832100388 832100388 832100388 832100388 832100388 832100388 832100388 832100388 832100388 832100388 832100388 832100388 832100388 
832100388 832100388 832100388 832100388 832100388 832100388 832100388 832100388 832100388 832100388 832100388 832100388 832100388 832100388 832100388 832100388 832100388 832100388 832100388 832100388 832100388 832100388 832100388 832100388 832100388 832100388 832100388 832100388 832100388 832100388 832100388 832100388 832100388 832100388 832100388 832100388 832100388 
832100388 832100388 832100388 832100388 832100388 832100388 832100388 832100388 832100388 832100388 832100388 832100388 832100388 832100388 832100388 832100388 832100388 832100388 832100388 832100388 832100388 832100388 832100388 832100388 832100388 832100388 832100388 832100388 832100388 832100388 832100388 832100388 832100388 832100388 832100388 832100388 832100388 
832100388 832100388 832100388 832100388 832100388 832100388 832100388 832100388 832100388 832100388 832100388 832100388 832100388 832100388 832100388 832100388 832100388 832100388 832100388 832100388 832100388 832100388 832100388 832100388 832100388 832100388 832100388 832100388 832100388 832100388 832100388 832100388 832100388 832100388 832100388 832100388 832100388 
832100388 832100388 832100388 832100388 832100388 832100388 832100388 832100388 832100388 832100388 832100388 832100388 832100388 832100388 832100388 832100388 832100388 832100388 832100388 832100388 832100388 832100388 832100388 832100388 832100388 832100388 832100388 832100388 832100388 832100388 832100388 832100388 832100388 832100388 832100388 832100388 832100388 
832100388 832100388 832100388 832100388 832100388 832100388 832100388 832100388 832100388 832100388 832100388 832100388 832100388 832100388 832100388 832100388 832100388 832100388 832100388 832100388 832100388 832100388 832100388 832100388 832100388 832100388 832100388 832100388 832100388 832100388 832100388 832100388 832100388 832100388 832100388 832100388 832100388 
832100388 832100388 832100388 832100388 832100388 832100388 832100388 832100388 832100388 832100388 832100388 832100388 832100388 832100388 832100388 832100388 832100388 832100388 832100388 832100388 832100388 832100388 832100388 832100388 832100388 832100388 832100388 832100388 832100388 832100388 832100388 832100388 832100388 832100388 832100388 832100388 832100388 
832100388 832100388 832100388 832100388 832100388 832100388 832100388 832100388 832100388 832100388 832100388 832100388 832100388 832100388 832100388 832100388 832100388 832100388 832100388 832100388 832100388 832100388 832100388 832100388 832100388 832100388 832100388 832100388 832100388 832100388 832100388 832100388 832100388 832100388 832100388 832100388 832100388 
832100388 832100388 832100388 832100388 832100388 832100388 832100388 832100388 832100388 832100388 832100388 832100388 832100388 832100388 832100388 832100388 832100388 832100388 832100388 832100388 832100388 832100388 832100388 832100388 832100388 832100388 832100388 832100388 832100388 832100388 832100388 832100388 832100388 832100388 832100388 832100388 832100388 
832100388 832100388 832100388 832100388 832100388 832100388 832100388 832100388 832100388 832100388 832100388 832100388 832100388 832100388 832100388 832100388 832100388 832100388 832100388 832100388 832100388 832100388 832100388 832100388 832100388 832100388 832100388 832100388 832100388 832100388 832100388 832100388 832100388 832100388 832100388 832100388 832100388 
832100388 832100388 832100388 832100388 832100388 832100388 832100388 832100388 832100388 832100388 832100388 832100388 832100388 832100388 832100388 832100388 832100388 832100388 832100388 832100388 832100388 832100388 832100388 832100388 832100388 832100388 832100388 832100388 832100388 832100388 832100388 832100388 832100388 832100388 832100388 832100388 832100388 
832100388 832100388 832100388 832100388 832100388 832100388 832100388 832100388 832100388 832100388 832100388 832100388 832100388 832100388 832100388 832100388 832100388 832100388 832100388 832100388 832100388 832100388 832100388 832100388 832100388 832100388 832100388 832100388 832100388 832100388 832100388 832100388 832100388 832100388 832100388 832100388 832100388 
832100388 832100388 832100388 832100388 832100388 832100388 832100388 832100388 832100388 832100388 832100388 832100388 832100388 832100388 832100388 832100388 832100388 832100388 832100388 832100388 832100388 832100388 832100388 832100388 832100388 832100388 832100388 832100388 832100388 832100388 832100388 832100388 832100388 832100388 832100388 832100388 832100388 
832100388 832100388 832100388 832100388 832100388 832100388 832100388 832100388 832100388 832100388 832100388 832100388 832100388 832100388 832100388 832100388 832100388 832100388 832100388 832100388 832100388 832100388 832100388 832100388 832100388 832100388 832100388 832100388 832100388 832100388 832100388 832100388 832100388 832100388 832100388 832100388 832100388 
832100388 832100388 832100388 832100388 832100388 832100388 832100388 832100388 832100388 832100388 832100388 832100388 832100388 832100388 832100388 832100388 832100388 832100388 832100388 832100388 832100388 832100388 832100388 832100388 832100388 832100388 832100388 832100388 832100388 832100388 832100388 832100388 832100388 832100388 832100388 832100388 832100388 
832100388 832100388 832100388 832100388 832100388 832100388 832100388 832100388 832100388 832100388 832100388 832100388 832100388 832100388 832100388 832100388 832100388 832100388 832100388 832100388 832100388 832100388 832100388 832100388 832100388 832100388 832100388 832100388 832100388 832100388 832100388 832100388 832100388 832100388 832100388 832100388 832100388 
832100388 832100388 832100388 832100388 832100388 832100388 832100388 832100388 832100388 832100388 832100388 832100388 832100388 832100388 832100388 832100388 832100388 832100388 832100388 832100388 832100388 832100388 832100388 832100388 832100388 832100388 832100388 832100388 832100388 832100388 832100388 832100388 832100388 832100388 832100388 832100388 832100388 
832100388 832100388 832100388 832100388 832100388 832100388 832100388 832100388 832100388 832100388 832100388 832100388 832100388 832100388 832100388 832100388 832100388 832100388 832100388 832100388 832100388 832100388 832100388 832100388 832100388 832100388 832100388 832100388 832100388 832100388 832100388 832100388 832100388 832100388 832100388 832100388 832100388 
832100388 832100388 832100388 832100388 832100388 832100388 832100388 832100388 832100388 832100388 832100388 832100388 832100388 832100388 832100388 832100388 832100388 832100388 832100388 832100388 832100388 832100388 832100388 832100388 832100388 832100388 832100388 832100388 832100388 832100388 832100388 832100388 832100388 832100388 832100388 832100388 832100388 
832100388 832100388 832100388 832100388 832100388 832100388 832100388 832100388 832100388 832100388 832100388 832100388 832100388 832100388 832100388 832100388 832100388 832100388 832100388 832100388 832100388 832100388 832100388 832100388 832100388 832100388 832100388 832100388 832100388 832100388 832100388 832100388 832100388 832100388 832100388 832100388 832100388 
832100388 832100388 832100388 832100388 832100388 832100388 832100388 832100388 832100388 832100388 832100388 832100388 832100388 832100388 832100388 832100388 832100388 832100388 832100388 832100388 832100388 832100388 832100388 832100388 832100388 832100388 832100388 832100388 832100388 832100388 832100388 832100388 832100388 832100388 832100388 832100388 832100388 
832100388 832100388 832100388 832100388 832100388 832100388 832100388 832100388 832100388 832100388 832100388 832100388 832100388 832100388 832100388 832100388 832100388 832100388 832100388 832100388 832100388 832100388 832100388 832100388 832100388 832100388 832100388 832100388 832100388 832100388 832100388 832100388 832100388 832100388 832100388 832100388 832100388 
832100388 832100388 832100388 832100388 832100388 832100388 832100388 832100388 832100388 832100388 832100388 832100388 832100388 832100388 832100388 832100388 832100388 832100388 832100388 832100388 832100388 832100388 832100388 832100388 832100388 832100388 832100388 832100388 832100388 832100388 832100388 832100388 832100388 832100388 832100388 832100388 832100388 
832100388 832100388 832100388 832100388 832100388 832100388 832100388 832100388 832100388 832100388 832100388 832100388 832100388 832100388 832100388 832100388 832100388 832100388 832100388 832100388 832100388 832100388 832100388 832100388 832100388 832100388 832100388 832100388 832100388 832100388 832100388 832100388 832100388 832100388 832100388 832100388 832100388 
832100388 832100388 832100388 832100388 832100388 832100388 832100388 832100388 832100388 832100388 832100388 832100388 832100388 832100388 832100388 832100388 832100388 832100388 832100388 832100388 832100388 832100388 832100388 832100388 832100388 832100388 832100388 832100388 832100388 832100388 832100388 832100388 832100388 832100388 832100388 832100388 832100388 
832100388 832100388 832100388 832100388 832100388 832100388 832100388 832100388 832100388 832100388 832100388 832100388 832100388 832100388 832100388 832100388 832100388 832100388 832100388 832100388 832100388 832100388 832100388 832100388 832100388 832100388 832100388 832100388 832100388 832100388 832100388 832100388 832100388 832100388 832100388 832100388 832100388 
832100388 832100388 832100388 832100388 832100388 832100388 832100388 832100388 832100388 832100388 832100388 832100388 832100388 832100388 832100388 832100388 832100388 832100388 832100388 832100388 832100388 832100388 832100388 832100388 832100388 832100388 832100388 832100388 832100388 832100388 832100388 832100388 832100388 832100388 832100388 832100388 832100388 
832100388 832100388 832100388 832100388 832100388 832100388 832100388 832100388 832100388 832100388 832100388 832100388 832100388 832100388 832100388 832100388 832100388 832100388 832100388 832100388 832100388 832100388 832100388 832100388 832100388 832100388 832100388 832100388 832100388 832100388 832100388 832100388 832100388 832100388 832100388 832100388 832100388 
832100388 832100388 832100388 832100388 832100388 832100388 832100388 832100388 832100388 832100388 832100388 832100388 832100388 832100388 832100388 832100388 832100388 832100388 832100388 832100388 832100388 832100388 832100388 832100388 832100388 832100388 832100388 832100388 832100388 832100388 832100388 832100388 832100388 832100388 832100388 832100388 832100388 
832100388 832100388 832100388 832100388 832100388 832100388 832100388 832100388 832100388 832100388 832100388 832100388 832100388 832100388 832100388 832100388 832100388 832100388 832100388 832100388 832100388 832100388 832100388 832100388 832100388 832100388 832100388 832100388 832100388 832100388 832100388 832100388 832100388 832100388 832100388 832100388 832100388 
832100388 832100388 832100388 832100388 832100388 832100388 832100388 832100388 832100388 832100388 832100388 832100388 832100388 832100388 832100388 832100388 832100388 832100388 832100388 832100388 832100388 832100388 832100388 832100388 832100388 832100388 832100388 832100388 832100388 832100388 832100388 832100388 832100388 832100388 832100388 832100388 832100388 
832100388 832100388 832100388 832100388 832100388 832100388 832100388 832100388 832100388 832100388 832100388 832100388 832100388 832100388 832100388 832100388 832100388 832100388 832100388 832100388 832100388 832100388 832100388 832100388 832100388 832100388 832100388 832100388 832100388 832100388 832100388 832100388 832100388 832100388 832100388 832100388 832100388 
832100388 832100388 832100388 832100388 832100388 832100388 832100388 832100388 832100388 832100388 832100388 832100388 832100388 832100388 832100388 832100388 832100388 832100388 832100388 832100388 832100388 832100388 832100388 832100388 832100388 832100388 832100388 832100388 832100388 832100388 832100388 832100388 832100388 832100388 832100388 832100388 832100388 
832100388 832100388 832100388 832100388 832100388 832100388 832100388 832100388 832100388 832100388 832100388 832100388 832100388 832100388 832100388 832100388 832100388 832100388 832100388 832100388 832100388 832100388 832100388 832100388 832100388 832100388 832100388 832100388 832100388 832100388 832100388 832100388 832100388 832100388 832100388 832100388 832100388 
