832099092 832099088/n832100128 832100128 832100128 832100128 832100128 832100128 832100128 832100128 832100128 832100128 832100128 832100128 832100128 832100128 832100128 832100128 832100128 832100128 832100128 832100128 832100128 832100128 832100128 832100128 832100128 832100128 832100128 832100128 
832100128 832100128 832100128 832100128 832100128 832100128 832100128 832100128 832100128 832100128 832100128 832100128 832100128 832100128 832100128 832100128 832100128 832100128 832100128 832100128 832100128 832100128 832100128 832100128 832100128 832100128 832100128 832100128 
832100128 832100128 832100128 832100128 832100128 832100128 832100128 832100128 832100128 832100128 832100128 832100128 832100128 832100128 832100128 832100128 832100128 832100128 832100128 832100128 832100128 832100128 832100128 832100128 832100128 832100128 832100128 832100128 
832100128 832100128 832100128 832100128 832100128 832100128 832100128 832100128 832100128 832100128 832100128 832100128 832100128 832100128 832100128 832100128 832100128 832100128 832100128 832100128 832100128 832100128 832100128 832100128 832100128 832100128 832100128 832100128 
832100128 832100128 832100128 832100128 832100128 832100128 832100128 832100128 832100128 832100128 832100128 832100128 832100128 832100128 832100128 832100128 832100128 832100128 832100128 832100128 832100128 832100128 832100128 832100128 832100128 832100128 832100128 832100128 
832100128 832100128 832100128 832100128 832100128 832100128 832100128 832100128 832100128 832100128 832100128 832100128 832100128 832100128 832100128 832100128 832100128 832100128 832100128 832100128 832100128 832100128 832100128 832100128 832100128 832100128 832100128 832100128 
832100128 832100128 832100128 832100128 832100128 832100128 832100128 832100128 832100128 832100128 832100128 832100128 832100128 832100128 832100128 832100128 832100128 832100128 832100128 832100128 832100128 832100128 832100128 832100128 832100128 832100128 832100128 832100128 
832100128 832100128 832100128 832100128 832100128 832100128 832100128 832100128 832100128 832100128 832100128 832100128 832100128 832100128 832100128 832100128 832100128 832100128 832100128 832100128 832100128 832100128 832100128 832100128 832100128 832100128 832100128 832100128 
832100128 832100128 832100128 832100128 832100128 832100128 832100128 832100128 832100128 832100128 832100128 832100128 832100128 832100128 832100128 832100128 832100128 832100128 832100128 832100128 832100128 832100128 832100128 832100128 832100128 832100128 832100128 832100128 
832100128 832100128 832100128 832100128 832100128 832100128 832100128 832100128 832100128 832100128 832100128 832100128 832100128 832100128 832100128 832100128 832100128 832100128 832100128 832100128 832100128 832100128 832100128 832100128 832100128 832100128 832100128 832100128 
832100128 832100128 832100128 832100128 832100128 832100128 832100128 832100128 832100128 832100128 832100128 832100128 832100128 832100128 832100128 832100128 832100128 832100128 832100128 832100128 832100128 832100128 832100128 832100128 832100128 832100128 832100128 832100128 
832100128 832100128 832100128 832100128 832100128 832100128 832100128 832100128 832100128 832100128 832100128 832100128 832100128 832100128 832100128 832100128 832100128 832100128 832100128 832100128 832100128 832100128 832100128 832100128 832100128 832100128 832100128 832100128 
832100128 832100128 832100128 832100128 832100128 832100128 832100128 832100128 832100128 832100128 832100128 832100128 832100128 832100128 832100128 832100128 832100128 832100128 832100128 832100128 832100128 832100128 832100128 832100128 832100128 832100128 832100128 832100128 
832100128 832100128 832100128 832100128 832100128 832100128 832100128 832100128 832100128 832100128 832100128 832100128 832100128 832100128 832100128 832100128 832100128 832100128 832100128 832100128 832100128 832100128 832100128 832100128 832100128 832100128 832100128 832100128 
832100128 832100128 832100128 832100128 832100128 832100128 832100128 832100128 832100128 832100128 832100128 832100128 832100128 832100128 832100128 832100128 832100128 832100128 832100128 832100128 832100128 832100128 832100128 832100128 832100128 832100128 832100128 832100128 
832100128 832100128 832100128 832100128 832100128 832100128 832100128 832100128 832100128 832100128 832100128 832100128 832100128 832100128 832100128 832100128 832100128 832100128 832100128 832100128 832100128 832100128 832100128 832100128 832100128 832100128 832100128 832100128 
832100128 832100128 832100128 832100128 832100128 832100128 832100128 832100128 832100128 832100128 832100128 832100128 832100128 832100128 832100128 832100128 832100128 832100128 832100128 832100128 832100128 832100128 832100128 832100128 832100128 832100128 832100128 832100128 
832100128 832100128 832100128 832100128 832100128 832100128 832100128 832100128 832100128 832100128 832100128 832100128 832100128 832100128 832100128 832100128 832100128 832100128 832100128 832100128 832100128 832100128 832100128 832100128 832100128 832100128 832100128 832100128 
832100128 832100128 832100128 832100128 832100128 832100128 832100128 832100128 832100128 832100128 832100128 832100128 832100128 832100128 832100128 832100128 832100128 832100128 832100128 832100128 832100128 832100128 832100128 832100128 832100128 832100128 832100128 832100128 
832100128 832100128 832100128 832100128 832100128 832100128 832100128 832100128 832100128 832100128 832100128 832100128 832100128 832100128 832100128 832100128 832100128 832100128 832100128 832100128 832100128 832100128 832100128 832100128 832100128 832100128 832100128 832100128 
832100128 832100128 832100128 832100128 832100128 832100128 832100128 832100128 832100128 832100128 832100128 832100128 832100128 832100128 832100128 832100128 832100128 832100128 832100128 832100128 832100128 832100128 832100128 832100128 832100128 832100128 832100128 832100128 
832100128 832100128 832100128 832100128 832100128 832100128 832100128 832100128 832100128 832100128 832100128 832100128 832100128 832100128 832100128 832100128 832100128 832100128 832100128 832100128 832100128 832100128 832100128 832100128 832100128 832100128 832100128 832100128 
832100128 832100128 832100128 832100128 832100128 832100128 832100128 832100128 832100128 832100128 832100128 832100128 832100128 832100128 832100128 832100128 832100128 832100128 832100128 832100128 832100128 832100128 832100128 832100128 832100128 832100128 832100128 832100128 
832100128 832100128 832100128 832100128 832100128 832100128 832100128 832100128 832100128 832100128 832100128 832100128 832100128 832100128 832100128 832100128 832100128 832100128 832100128 832100128 832100128 832100128 832100128 832100128 832100128 832100128 832100128 832100128 
832100128 832100128 832100128 832100128 832100128 832100128 832100128 832100128 832100128 832100128 832100128 832100128 832100128 832100128 832100128 832100128 832100128 832100128 832100128 832100128 832100128 832100128 832100128 832100128 832100128 832100128 832100128 832100128 
832100128 832100128 832100128 832100128 832100128 832100128 832100128 832100128 832100128 832100128 832100128 832100128 832100128 832100128 832100128 832100128 832100128 832100128 832100128 832100128 832100128 832100128 832100128 832100128 832100128 832100128 832100128 832100128 
832100128 832100128 832100128 832100128 832100128 832100128 832100128 832100128 832100128 832100128 832100128 832100128 832100128 832100128 832100128 832100128 832100128 832100128 832100128 832100128 832100128 832100128 832100128 832100128 832100128 832100128 832100128 832100128 
832100128 832100128 832100128 832100128 832100128 832100128 832100128 832100128 832100128 832100128 832100128 832100128 832100128 832100128 832100128 832100128 832100128 832100128 832100128 832100128 832100128 832100128 832100128 832100128 832100128 832100128 832100128 832100128 
832100128 832100128 832100128 832100128 832100128 832100128 832100128 832100128 832100128 832100128 832100128 832100128 832100128 832100128 832100128 832100128 832100128 832100128 832100128 832100128 832100128 832100128 832100128 832100128 832100128 832100128 832100128 832100128 
832100128 832100128 832100128 832100128 832100128 832100128 832100128 832100128 832100128 832100128 832100128 832100128 832100128 832100128 832100128 832100128 832100128 832100128 832100128 832100128 832100128 832100128 832100128 832100128 832100128 832100128 832100128 832100128 
832100128 832100128 832100128 832100128 832100128 832100128 832100128 832100128 832100128 832100128 832100128 832100128 832100128 832100128 832100128 832100128 832100128 832100128 832100128 832100128 832100128 832100128 832100128 832100128 832100128 832100128 832100128 832100128 
832100128 832100128 832100128 832100128 832100128 832100128 832100128 832100128 832100128 832100128 832100128 832100128 832100128 832100128 832100128 832100128 832100128 832100128 832100128 832100128 832100128 832100128 832100128 832100128 832100128 832100128 832100128 832100128 
832100128 832100128 832100128 832100128 832100128 832100128 832100128 832100128 832100128 832100128 832100128 832100128 832100128 832100128 832100128 832100128 832100128 832100128 832100128 832100128 832100128 832100128 832100128 832100128 832100128 832100128 832100128 832100128 
832100128 832100128 832100128 832100128 832100128 832100128 832100128 832100128 832100128 832100128 832100128 832100128 832100128 832100128 832100128 832100128 832100128 832100128 832100128 832100128 832100128 832100128 832100128 832100128 832100128 832100128 832100128 832100128 
832100128 832100128 832100128 832100128 832100128 832100128 832100128 832100128 832100128 832100128 832100128 832100128 832100128 832100128 832100128 832100128 832100128 832100128 832100128 832100128 832100128 832100128 832100128 832100128 832100128 832100128 832100128 832100128 
832100128 832100128 832100128 832100128 832100128 832100128 832100128 832100128 832100128 832100128 832100128 832100128 832100128 832100128 832100128 832100128 832100128 832100128 832100128 832100128 832100128 832100128 832100128 832100128 832100128 832100128 832100128 832100128 
832100128 832100128 832100128 832100128 832100128 832100128 832100128 832100128 832100128 832100128 832100128 832100128 832100128 832100128 832100128 832100128 832100128 832100128 832100128 832100128 832100128 832100128 832100128 832100128 832100128 832100128 832100128 832100128 
