832099092 832099088/n832100248 832100248 832100248 832100248 832100248 832100248 832100248 832100248 832100248 832100248 832100248 832100248 832100248 832100248 832100248 832100248 832100248 832100248 832100248 832100248 832100248 832100248 832100248 832100248 832100248 832100248 832100248 832100248 832100248 832100248 832100248 832100248 832100248 832100248 832100248 832100248 832100248 832100248 
832100248 832100248 832100248 832100248 832100248 832100248 832100248 832100248 832100248 832100248 832100248 832100248 832100248 832100248 832100248 832100248 832100248 832100248 832100248 832100248 832100248 832100248 832100248 832100248 832100248 832100248 832100248 832100248 832100248 832100248 832100248 832100248 832100248 832100248 832100248 832100248 832100248 832100248 
832100248 832100248 832100248 832100248 832100248 832100248 832100248 832100248 832100248 832100248 832100248 832100248 832100248 832100248 832100248 832100248 832100248 832100248 832100248 832100248 832100248 832100248 832100248 832100248 832100248 832100248 832100248 832100248 832100248 832100248 832100248 832100248 832100248 832100248 832100248 832100248 832100248 832100248 
832100248 832100248 832100248 832100248 832100248 832100248 832100248 832100248 832100248 832100248 832100248 832100248 832100248 832100248 832100248 832100248 832100248 832100248 832100248 832100248 832100248 832100248 832100248 832100248 832100248 832100248 832100248 832100248 832100248 832100248 832100248 832100248 832100248 832100248 832100248 832100248 832100248 832100248 
832100248 832100248 832100248 832100248 832100248 832100248 832100248 832100248 832100248 832100248 832100248 832100248 832100248 832100248 832100248 832100248 832100248 832100248 832100248 832100248 832100248 832100248 832100248 832100248 832100248 832100248 832100248 832100248 832100248 832100248 832100248 832100248 832100248 832100248 832100248 832100248 832100248 832100248 
832100248 832100248 832100248 832100248 832100248 832100248 832100248 832100248 832100248 832100248 832100248 832100248 832100248 832100248 832100248 832100248 832100248 832100248 832100248 832100248 832100248 832100248 832100248 832100248 832100248 832100248 832100248 832100248 832100248 832100248 832100248 832100248 832100248 832100248 832100248 832100248 832100248 832100248 
832100248 832100248 832100248 832100248 832100248 832100248 832100248 832100248 832100248 832100248 832100248 832100248 832100248 832100248 832100248 832100248 832100248 832100248 832100248 832100248 832100248 832100248 832100248 832100248 832100248 832100248 832100248 832100248 832100248 832100248 832100248 832100248 832100248 832100248 832100248 832100248 832100248 832100248 
832100248 832100248 832100248 832100248 832100248 832100248 832100248 832100248 832100248 832100248 832100248 832100248 832100248 832100248 832100248 832100248 832100248 832100248 832100248 832100248 832100248 832100248 832100248 832100248 832100248 832100248 832100248 832100248 832100248 832100248 832100248 832100248 832100248 832100248 832100248 832100248 832100248 832100248 
832100248 832100248 832100248 832100248 832100248 832100248 832100248 832100248 832100248 832100248 832100248 832100248 832100248 832100248 832100248 832100248 832100248 832100248 832100248 832100248 832100248 832100248 832100248 832100248 832100248 832100248 832100248 832100248 832100248 832100248 832100248 832100248 832100248 832100248 832100248 832100248 832100248 832100248 
832100248 832100248 832100248 832100248 832100248 832100248 832100248 832100248 832100248 832100248 832100248 832100248 832100248 832100248 832100248 832100248 832100248 832100248 832100248 832100248 832100248 832100248 832100248 832100248 832100248 832100248 832100248 832100248 832100248 832100248 832100248 832100248 832100248 832100248 832100248 832100248 832100248 832100248 
832100248 832100248 832100248 832100248 832100248 832100248 832100248 832100248 832100248 832100248 832100248 832100248 832100248 832100248 832100248 832100248 832100248 832100248 832100248 832100248 832100248 832100248 832100248 832100248 832100248 832100248 832100248 832100248 832100248 832100248 832100248 832100248 832100248 832100248 832100248 832100248 832100248 832100248 
832100248 832100248 832100248 832100248 832100248 832100248 832100248 832100248 832100248 832100248 832100248 832100248 832100248 832100248 832100248 832100248 832100248 832100248 832100248 832100248 832100248 832100248 832100248 832100248 832100248 832100248 832100248 832100248 832100248 832100248 832100248 832100248 832100248 832100248 832100248 832100248 832100248 832100248 
832100248 832100248 832100248 832100248 832100248 832100248 832100248 832100248 832100248 832100248 832100248 832100248 832100248 832100248 832100248 832100248 832100248 832100248 832100248 832100248 832100248 832100248 832100248 832100248 832100248 832100248 832100248 832100248 832100248 832100248 832100248 832100248 832100248 832100248 832100248 832100248 832100248 832100248 
832100248 832100248 832100248 832100248 832100248 832100248 832100248 832100248 832100248 832100248 832100248 832100248 832100248 832100248 832100248 832100248 832100248 832100248 832100248 832100248 832100248 832100248 832100248 832100248 832100248 832100248 832100248 832100248 832100248 832100248 832100248 832100248 832100248 832100248 832100248 832100248 832100248 832100248 
832100248 832100248 832100248 832100248 832100248 832100248 832100248 832100248 832100248 832100248 832100248 832100248 832100248 832100248 832100248 832100248 832100248 832100248 832100248 832100248 832100248 832100248 832100248 832100248 832100248 832100248 832100248 832100248 832100248 832100248 832100248 832100248 832100248 832100248 832100248 832100248 832100248 832100248 
832100248 832100248 832100248 832100248 832100248 832100248 832100248 832100248 832100248 832100248 832100248 832100248 832100248 832100248 832100248 832100248 832100248 832100248 832100248 832100248 832100248 832100248 832100248 832100248 832100248 832100248 832100248 832100248 832100248 832100248 832100248 832100248 832100248 832100248 832100248 832100248 832100248 832100248 
832100248 832100248 832100248 832100248 832100248 832100248 832100248 832100248 832100248 832100248 832100248 832100248 832100248 832100248 832100248 832100248 832100248 832100248 832100248 832100248 832100248 832100248 832100248 832100248 832100248 832100248 832100248 832100248 832100248 832100248 832100248 832100248 832100248 832100248 832100248 832100248 832100248 832100248 
832100248 832100248 832100248 832100248 832100248 832100248 832100248 832100248 832100248 832100248 832100248 832100248 832100248 832100248 832100248 832100248 832100248 832100248 832100248 832100248 832100248 832100248 832100248 832100248 832100248 832100248 832100248 832100248 832100248 832100248 832100248 832100248 832100248 832100248 832100248 832100248 832100248 832100248 
832100248 832100248 832100248 832100248 832100248 832100248 832100248 832100248 832100248 832100248 832100248 832100248 832100248 832100248 832100248 832100248 832100248 832100248 832100248 832100248 832100248 832100248 832100248 832100248 832100248 832100248 832100248 832100248 832100248 832100248 832100248 832100248 832100248 832100248 832100248 832100248 832100248 832100248 
832100248 832100248 832100248 832100248 832100248 832100248 832100248 832100248 832100248 832100248 832100248 832100248 832100248 832100248 832100248 832100248 832100248 832100248 832100248 832100248 832100248 832100248 832100248 832100248 832100248 832100248 832100248 832100248 832100248 832100248 832100248 832100248 832100248 832100248 832100248 832100248 832100248 832100248 
832100248 832100248 832100248 832100248 832100248 832100248 832100248 832100248 832100248 832100248 832100248 832100248 832100248 832100248 832100248 832100248 832100248 832100248 832100248 832100248 832100248 832100248 832100248 832100248 832100248 832100248 832100248 832100248 832100248 832100248 832100248 832100248 832100248 832100248 832100248 832100248 832100248 832100248 
832100248 832100248 832100248 832100248 832100248 832100248 832100248 832100248 832100248 832100248 832100248 832100248 832100248 832100248 832100248 832100248 832100248 832100248 832100248 832100248 832100248 832100248 832100248 832100248 832100248 832100248 832100248 832100248 832100248 832100248 832100248 832100248 832100248 832100248 832100248 832100248 832100248 832100248 
832100248 832100248 832100248 832100248 832100248 832100248 832100248 832100248 832100248 832100248 832100248 832100248 832100248 832100248 832100248 832100248 832100248 832100248 832100248 832100248 832100248 832100248 832100248 832100248 832100248 832100248 832100248 832100248 832100248 832100248 832100248 832100248 832100248 832100248 832100248 832100248 832100248 832100248 
832100248 832100248 832100248 832100248 832100248 832100248 832100248 832100248 832100248 832100248 832100248 832100248 832100248 832100248 832100248 832100248 832100248 832100248 832100248 832100248 832100248 832100248 832100248 832100248 832100248 832100248 832100248 832100248 832100248 832100248 832100248 832100248 832100248 832100248 832100248 832100248 832100248 832100248 
832100248 832100248 832100248 832100248 832100248 832100248 832100248 832100248 832100248 832100248 832100248 832100248 832100248 832100248 832100248 832100248 832100248 832100248 832100248 832100248 832100248 832100248 832100248 832100248 832100248 832100248 832100248 832100248 832100248 832100248 832100248 832100248 832100248 832100248 832100248 832100248 832100248 832100248 
832100248 832100248 832100248 832100248 832100248 832100248 832100248 832100248 832100248 832100248 832100248 832100248 832100248 832100248 832100248 832100248 832100248 832100248 832100248 832100248 832100248 832100248 832100248 832100248 832100248 832100248 832100248 832100248 832100248 832100248 832100248 832100248 832100248 832100248 832100248 832100248 832100248 832100248 
832100248 832100248 832100248 832100248 832100248 832100248 832100248 832100248 832100248 832100248 832100248 832100248 832100248 832100248 832100248 832100248 832100248 832100248 832100248 832100248 832100248 832100248 832100248 832100248 832100248 832100248 832100248 832100248 832100248 832100248 832100248 832100248 832100248 832100248 832100248 832100248 832100248 832100248 
832100248 832100248 832100248 832100248 832100248 832100248 832100248 832100248 832100248 832100248 832100248 832100248 832100248 832100248 832100248 832100248 832100248 832100248 832100248 832100248 832100248 832100248 832100248 832100248 832100248 832100248 832100248 832100248 832100248 832100248 832100248 832100248 832100248 832100248 832100248 832100248 832100248 832100248 
832100248 832100248 832100248 832100248 832100248 832100248 832100248 832100248 832100248 832100248 832100248 832100248 832100248 832100248 832100248 832100248 832100248 832100248 832100248 832100248 832100248 832100248 832100248 832100248 832100248 832100248 832100248 832100248 832100248 832100248 832100248 832100248 832100248 832100248 832100248 832100248 832100248 832100248 
832100248 832100248 832100248 832100248 832100248 832100248 832100248 832100248 832100248 832100248 832100248 832100248 832100248 832100248 832100248 832100248 832100248 832100248 832100248 832100248 832100248 832100248 832100248 832100248 832100248 832100248 832100248 832100248 832100248 832100248 832100248 832100248 832100248 832100248 832100248 832100248 832100248 832100248 
832100248 832100248 832100248 832100248 832100248 832100248 832100248 832100248 832100248 832100248 832100248 832100248 832100248 832100248 832100248 832100248 832100248 832100248 832100248 832100248 832100248 832100248 832100248 832100248 832100248 832100248 832100248 832100248 832100248 832100248 832100248 832100248 832100248 832100248 832100248 832100248 832100248 832100248 
832100248 832100248 832100248 832100248 832100248 832100248 832100248 832100248 832100248 832100248 832100248 832100248 832100248 832100248 832100248 832100248 832100248 832100248 832100248 832100248 832100248 832100248 832100248 832100248 832100248 832100248 832100248 832100248 832100248 832100248 832100248 832100248 832100248 832100248 832100248 832100248 832100248 832100248 
832100248 832100248 832100248 832100248 832100248 832100248 832100248 832100248 832100248 832100248 832100248 832100248 832100248 832100248 832100248 832100248 832100248 832100248 832100248 832100248 832100248 832100248 832100248 832100248 832100248 832100248 832100248 832100248 832100248 832100248 832100248 832100248 832100248 832100248 832100248 832100248 832100248 832100248 
832100248 832100248 832100248 832100248 832100248 832100248 832100248 832100248 832100248 832100248 832100248 832100248 832100248 832100248 832100248 832100248 832100248 832100248 832100248 832100248 832100248 832100248 832100248 832100248 832100248 832100248 832100248 832100248 832100248 832100248 832100248 832100248 832100248 832100248 832100248 832100248 832100248 832100248 
832100248 832100248 832100248 832100248 832100248 832100248 832100248 832100248 832100248 832100248 832100248 832100248 832100248 832100248 832100248 832100248 832100248 832100248 832100248 832100248 832100248 832100248 832100248 832100248 832100248 832100248 832100248 832100248 832100248 832100248 832100248 832100248 832100248 832100248 832100248 832100248 832100248 832100248 
832100248 832100248 832100248 832100248 832100248 832100248 832100248 832100248 832100248 832100248 832100248 832100248 832100248 832100248 832100248 832100248 832100248 832100248 832100248 832100248 832100248 832100248 832100248 832100248 832100248 832100248 832100248 832100248 832100248 832100248 832100248 832100248 832100248 832100248 832100248 832100248 832100248 832100248 
832100248 832100248 832100248 832100248 832100248 832100248 832100248 832100248 832100248 832100248 832100248 832100248 832100248 832100248 832100248 832100248 832100248 832100248 832100248 832100248 832100248 832100248 832100248 832100248 832100248 832100248 832100248 832100248 832100248 832100248 832100248 832100248 832100248 832100248 832100248 832100248 832100248 832100248 
832100248 832100248 832100248 832100248 832100248 832100248 832100248 832100248 832100248 832100248 832100248 832100248 832100248 832100248 832100248 832100248 832100248 832100248 832100248 832100248 832100248 832100248 832100248 832100248 832100248 832100248 832100248 832100248 832100248 832100248 832100248 832100248 832100248 832100248 832100248 832100248 832100248 832100248 
832100248 832100248 832100248 832100248 832100248 832100248 832100248 832100248 832100248 832100248 832100248 832100248 832100248 832100248 832100248 832100248 832100248 832100248 832100248 832100248 832100248 832100248 832100248 832100248 832100248 832100248 832100248 832100248 832100248 832100248 832100248 832100248 832100248 832100248 832100248 832100248 832100248 832100248 
832100248 832100248 832100248 832100248 832100248 832100248 832100248 832100248 832100248 832100248 832100248 832100248 832100248 832100248 832100248 832100248 832100248 832100248 832100248 832100248 832100248 832100248 832100248 832100248 832100248 832100248 832100248 832100248 832100248 832100248 832100248 832100248 832100248 832100248 832100248 832100248 832100248 832100248 
832100248 832100248 832100248 832100248 832100248 832100248 832100248 832100248 832100248 832100248 832100248 832100248 832100248 832100248 832100248 832100248 832100248 832100248 832100248 832100248 832100248 832100248 832100248 832100248 832100248 832100248 832100248 832100248 832100248 832100248 832100248 832100248 832100248 832100248 832100248 832100248 832100248 832100248 
832100248 832100248 832100248 832100248 832100248 832100248 832100248 832100248 832100248 832100248 832100248 832100248 832100248 832100248 832100248 832100248 832100248 832100248 832100248 832100248 832100248 832100248 832100248 832100248 832100248 832100248 832100248 832100248 832100248 832100248 832100248 832100248 832100248 832100248 832100248 832100248 832100248 832100248 
