832099092 832099088/n832100208 832100208 832100208 832100208 832100208 832100208 832100208 832100208 832100208 832100208 832100208 832100208 832100208 832100208 832100208 832100208 832100208 832100208 832100208 832100208 832100208 832100208 832100208 832100208 
832100208 832100208 832100208 832100208 832100208 832100208 832100208 832100208 832100208 832100208 832100208 832100208 832100208 832100208 832100208 832100208 832100208 832100208 832100208 832100208 832100208 832100208 832100208 832100208 
832100208 832100208 832100208 832100208 832100208 832100208 832100208 832100208 832100208 832100208 832100208 832100208 832100208 832100208 832100208 832100208 832100208 832100208 832100208 832100208 832100208 832100208 832100208 832100208 
832100208 832100208 832100208 832100208 832100208 832100208 832100208 832100208 832100208 832100208 832100208 832100208 832100208 832100208 832100208 832100208 832100208 832100208 832100208 832100208 832100208 832100208 832100208 832100208 
832100208 832100208 832100208 832100208 832100208 832100208 832100208 832100208 832100208 832100208 832100208 832100208 832100208 832100208 832100208 832100208 832100208 832100208 832100208 832100208 832100208 832100208 832100208 832100208 
832100208 832100208 832100208 832100208 832100208 832100208 832100208 832100208 832100208 832100208 832100208 832100208 832100208 832100208 832100208 832100208 832100208 832100208 832100208 832100208 832100208 832100208 832100208 832100208 
832100208 832100208 832100208 832100208 832100208 832100208 832100208 832100208 832100208 832100208 832100208 832100208 832100208 832100208 832100208 832100208 832100208 832100208 832100208 832100208 832100208 832100208 832100208 832100208 
832100208 832100208 832100208 832100208 832100208 832100208 832100208 832100208 832100208 832100208 832100208 832100208 832100208 832100208 832100208 832100208 832100208 832100208 832100208 832100208 832100208 832100208 832100208 832100208 
832100208 832100208 832100208 832100208 832100208 832100208 832100208 832100208 832100208 832100208 832100208 832100208 832100208 832100208 832100208 832100208 832100208 832100208 832100208 832100208 832100208 832100208 832100208 832100208 
832100208 832100208 832100208 832100208 832100208 832100208 832100208 832100208 832100208 832100208 832100208 832100208 832100208 832100208 832100208 832100208 832100208 832100208 832100208 832100208 832100208 832100208 832100208 832100208 
832100208 832100208 832100208 832100208 832100208 832100208 832100208 832100208 832100208 832100208 832100208 832100208 832100208 832100208 832100208 832100208 832100208 832100208 832100208 832100208 832100208 832100208 832100208 832100208 
832100208 832100208 832100208 832100208 832100208 832100208 832100208 832100208 832100208 832100208 832100208 832100208 832100208 832100208 832100208 832100208 832100208 832100208 832100208 832100208 832100208 832100208 832100208 832100208 
832100208 832100208 832100208 832100208 832100208 832100208 832100208 832100208 832100208 832100208 832100208 832100208 832100208 832100208 832100208 832100208 832100208 832100208 832100208 832100208 832100208 832100208 832100208 832100208 
832100208 832100208 832100208 832100208 832100208 832100208 832100208 832100208 832100208 832100208 832100208 832100208 832100208 832100208 832100208 832100208 832100208 832100208 832100208 832100208 832100208 832100208 832100208 832100208 
832100208 832100208 832100208 832100208 832100208 832100208 832100208 832100208 832100208 832100208 832100208 832100208 832100208 832100208 832100208 832100208 832100208 832100208 832100208 832100208 832100208 832100208 832100208 832100208 
832100208 832100208 832100208 832100208 832100208 832100208 832100208 832100208 832100208 832100208 832100208 832100208 832100208 832100208 832100208 832100208 832100208 832100208 832100208 832100208 832100208 832100208 832100208 832100208 
832100208 832100208 832100208 832100208 832100208 832100208 832100208 832100208 832100208 832100208 832100208 832100208 832100208 832100208 832100208 832100208 832100208 832100208 832100208 832100208 832100208 832100208 832100208 832100208 
832100208 832100208 832100208 832100208 832100208 832100208 832100208 832100208 832100208 832100208 832100208 832100208 832100208 832100208 832100208 832100208 832100208 832100208 832100208 832100208 832100208 832100208 832100208 832100208 
832100208 832100208 832100208 832100208 832100208 832100208 832100208 832100208 832100208 832100208 832100208 832100208 832100208 832100208 832100208 832100208 832100208 832100208 832100208 832100208 832100208 832100208 832100208 832100208 
832100208 832100208 832100208 832100208 832100208 832100208 832100208 832100208 832100208 832100208 832100208 832100208 832100208 832100208 832100208 832100208 832100208 832100208 832100208 832100208 832100208 832100208 832100208 832100208 
832100208 832100208 832100208 832100208 832100208 832100208 832100208 832100208 832100208 832100208 832100208 832100208 832100208 832100208 832100208 832100208 832100208 832100208 832100208 832100208 832100208 832100208 832100208 832100208 
832100208 832100208 832100208 832100208 832100208 832100208 832100208 832100208 832100208 832100208 832100208 832100208 832100208 832100208 832100208 832100208 832100208 832100208 832100208 832100208 832100208 832100208 832100208 832100208 
832100208 832100208 832100208 832100208 832100208 832100208 832100208 832100208 832100208 832100208 832100208 832100208 832100208 832100208 832100208 832100208 832100208 832100208 832100208 832100208 832100208 832100208 832100208 832100208 
832100208 832100208 832100208 832100208 832100208 832100208 832100208 832100208 832100208 832100208 832100208 832100208 832100208 832100208 832100208 832100208 832100208 832100208 832100208 832100208 832100208 832100208 832100208 832100208 
832100208 832100208 832100208 832100208 832100208 832100208 832100208 832100208 832100208 832100208 832100208 832100208 832100208 832100208 832100208 832100208 832100208 832100208 832100208 832100208 832100208 832100208 832100208 832100208 
832100208 832100208 832100208 832100208 832100208 832100208 832100208 832100208 832100208 832100208 832100208 832100208 832100208 832100208 832100208 832100208 832100208 832100208 832100208 832100208 832100208 832100208 832100208 832100208 
832100208 832100208 832100208 832100208 832100208 832100208 832100208 832100208 832100208 832100208 832100208 832100208 832100208 832100208 832100208 832100208 832100208 832100208 832100208 832100208 832100208 832100208 832100208 832100208 
832100208 832100208 832100208 832100208 832100208 832100208 832100208 832100208 832100208 832100208 832100208 832100208 832100208 832100208 832100208 832100208 832100208 832100208 832100208 832100208 832100208 832100208 832100208 832100208 
832100208 832100208 832100208 832100208 832100208 832100208 832100208 832100208 832100208 832100208 832100208 832100208 832100208 832100208 832100208 832100208 832100208 832100208 832100208 832100208 832100208 832100208 832100208 832100208 
832100208 832100208 832100208 832100208 832100208 832100208 832100208 832100208 832100208 832100208 832100208 832100208 832100208 832100208 832100208 832100208 832100208 832100208 832100208 832100208 832100208 832100208 832100208 832100208 
832100208 832100208 832100208 832100208 832100208 832100208 832100208 832100208 832100208 832100208 832100208 832100208 832100208 832100208 832100208 832100208 832100208 832100208 832100208 832100208 832100208 832100208 832100208 832100208 
832100208 832100208 832100208 832100208 832100208 832100208 832100208 832100208 832100208 832100208 832100208 832100208 832100208 832100208 832100208 832100208 832100208 832100208 832100208 832100208 832100208 832100208 832100208 832100208 
832100208 832100208 832100208 832100208 832100208 832100208 832100208 832100208 832100208 832100208 832100208 832100208 832100208 832100208 832100208 832100208 832100208 832100208 832100208 832100208 832100208 832100208 832100208 832100208 
832100208 832100208 832100208 832100208 832100208 832100208 832100208 832100208 832100208 832100208 832100208 832100208 832100208 832100208 832100208 832100208 832100208 832100208 832100208 832100208 832100208 832100208 832100208 832100208 
832100208 832100208 832100208 832100208 832100208 832100208 832100208 832100208 832100208 832100208 832100208 832100208 832100208 832100208 832100208 832100208 832100208 832100208 832100208 832100208 832100208 832100208 832100208 832100208 
832100208 832100208 832100208 832100208 832100208 832100208 832100208 832100208 832100208 832100208 832100208 832100208 832100208 832100208 832100208 832100208 832100208 832100208 832100208 832100208 832100208 832100208 832100208 832100208 
832100208 832100208 832100208 832100208 832100208 832100208 832100208 832100208 832100208 832100208 832100208 832100208 832100208 832100208 832100208 832100208 832100208 832100208 832100208 832100208 832100208 832100208 832100208 832100208 
832100208 832100208 832100208 832100208 832100208 832100208 832100208 832100208 832100208 832100208 832100208 832100208 832100208 832100208 832100208 832100208 832100208 832100208 832100208 832100208 832100208 832100208 832100208 832100208 
832100208 832100208 832100208 832100208 832100208 832100208 832100208 832100208 832100208 832100208 832100208 832100208 832100208 832100208 832100208 832100208 832100208 832100208 832100208 832100208 832100208 832100208 832100208 832100208 
832100208 832100208 832100208 832100208 832100208 832100208 832100208 832100208 832100208 832100208 832100208 832100208 832100208 832100208 832100208 832100208 832100208 832100208 832100208 832100208 832100208 832100208 832100208 832100208 
832100208 832100208 832100208 832100208 832100208 832100208 832100208 832100208 832100208 832100208 832100208 832100208 832100208 832100208 832100208 832100208 832100208 832100208 832100208 832100208 832100208 832100208 832100208 832100208 
832100208 832100208 832100208 832100208 832100208 832100208 832100208 832100208 832100208 832100208 832100208 832100208 832100208 832100208 832100208 832100208 832100208 832100208 832100208 832100208 832100208 832100208 832100208 832100208 
832100208 832100208 832100208 832100208 832100208 832100208 832100208 832100208 832100208 832100208 832100208 832100208 832100208 832100208 832100208 832100208 832100208 832100208 832100208 832100208 832100208 832100208 832100208 832100208 
