832099092 832099088/n832100368 832100368 832100368 832100368 832100368 832100368 832100368 832100368 832100368 832100368 832100368 832100368 832100368 832100368 832100368 832100368 832100368 832100368 832100368 832100368 832100368 832100368 832100368 832100368 832100368 832100368 832100368 832100368 832100368 832100368 832100368 832100368 832100368 832100368 832100368 832100368 
832100368 832100368 832100368 832100368 832100368 832100368 832100368 832100368 832100368 832100368 832100368 832100368 832100368 832100368 832100368 832100368 832100368 832100368 832100368 832100368 832100368 832100368 832100368 832100368 832100368 832100368 832100368 832100368 832100368 832100368 832100368 832100368 832100368 832100368 832100368 832100368 
832100368 832100368 832100368 832100368 832100368 832100368 832100368 832100368 832100368 832100368 832100368 832100368 832100368 832100368 832100368 832100368 832100368 832100368 832100368 832100368 832100368 832100368 832100368 832100368 832100368 832100368 832100368 832100368 832100368 832100368 832100368 832100368 832100368 832100368 832100368 832100368 
832100368 832100368 832100368 832100368 832100368 832100368 832100368 832100368 832100368 832100368 832100368 832100368 832100368 832100368 832100368 832100368 832100368 832100368 832100368 832100368 832100368 832100368 832100368 832100368 832100368 832100368 832100368 832100368 832100368 832100368 832100368 832100368 832100368 832100368 832100368 832100368 
832100368 832100368 832100368 832100368 832100368 832100368 832100368 832100368 832100368 832100368 832100368 832100368 832100368 832100368 832100368 832100368 832100368 832100368 832100368 832100368 832100368 832100368 832100368 832100368 832100368 832100368 832100368 832100368 832100368 832100368 832100368 832100368 832100368 832100368 832100368 832100368 
832100368 832100368 832100368 832100368 832100368 832100368 832100368 832100368 832100368 832100368 832100368 832100368 832100368 832100368 832100368 832100368 832100368 832100368 832100368 832100368 832100368 832100368 832100368 832100368 832100368 832100368 832100368 832100368 832100368 832100368 832100368 832100368 832100368 832100368 832100368 832100368 
832100368 832100368 832100368 832100368 832100368 832100368 832100368 832100368 832100368 832100368 832100368 832100368 832100368 832100368 832100368 832100368 832100368 832100368 832100368 832100368 832100368 832100368 832100368 832100368 832100368 832100368 832100368 832100368 832100368 832100368 832100368 832100368 832100368 832100368 832100368 832100368 
832100368 832100368 832100368 832100368 832100368 832100368 832100368 832100368 832100368 832100368 832100368 832100368 832100368 832100368 832100368 832100368 832100368 832100368 832100368 832100368 832100368 832100368 832100368 832100368 832100368 832100368 832100368 832100368 832100368 832100368 832100368 832100368 832100368 832100368 832100368 832100368 
832100368 832100368 832100368 832100368 832100368 832100368 832100368 832100368 832100368 832100368 832100368 832100368 832100368 832100368 832100368 832100368 832100368 832100368 832100368 832100368 832100368 832100368 832100368 832100368 832100368 832100368 832100368 832100368 832100368 832100368 832100368 832100368 832100368 832100368 832100368 832100368 
832100368 832100368 832100368 832100368 832100368 832100368 832100368 832100368 832100368 832100368 832100368 832100368 832100368 832100368 832100368 832100368 832100368 832100368 832100368 832100368 832100368 832100368 832100368 832100368 832100368 832100368 832100368 832100368 832100368 832100368 832100368 832100368 832100368 832100368 832100368 832100368 
832100368 832100368 832100368 832100368 832100368 832100368 832100368 832100368 832100368 832100368 832100368 832100368 832100368 832100368 832100368 832100368 832100368 832100368 832100368 832100368 832100368 832100368 832100368 832100368 832100368 832100368 832100368 832100368 832100368 832100368 832100368 832100368 832100368 832100368 832100368 832100368 
832100368 832100368 832100368 832100368 832100368 832100368 832100368 832100368 832100368 832100368 832100368 832100368 832100368 832100368 832100368 832100368 832100368 832100368 832100368 832100368 832100368 832100368 832100368 832100368 832100368 832100368 832100368 832100368 832100368 832100368 832100368 832100368 832100368 832100368 832100368 832100368 
832100368 832100368 832100368 832100368 832100368 832100368 832100368 832100368 832100368 832100368 832100368 832100368 832100368 832100368 832100368 832100368 832100368 832100368 832100368 832100368 832100368 832100368 832100368 832100368 832100368 832100368 832100368 832100368 832100368 832100368 832100368 832100368 832100368 832100368 832100368 832100368 
832100368 832100368 832100368 832100368 832100368 832100368 832100368 832100368 832100368 832100368 832100368 832100368 832100368 832100368 832100368 832100368 832100368 832100368 832100368 832100368 832100368 832100368 832100368 832100368 832100368 832100368 832100368 832100368 832100368 832100368 832100368 832100368 832100368 832100368 832100368 832100368 
832100368 832100368 832100368 832100368 832100368 832100368 832100368 832100368 832100368 832100368 832100368 832100368 832100368 832100368 832100368 832100368 832100368 832100368 832100368 832100368 832100368 832100368 832100368 832100368 832100368 832100368 832100368 832100368 832100368 832100368 832100368 832100368 832100368 832100368 832100368 832100368 
832100368 832100368 832100368 832100368 832100368 832100368 832100368 832100368 832100368 832100368 832100368 832100368 832100368 832100368 832100368 832100368 832100368 832100368 832100368 832100368 832100368 832100368 832100368 832100368 832100368 832100368 832100368 832100368 832100368 832100368 832100368 832100368 832100368 832100368 832100368 832100368 
832100368 832100368 832100368 832100368 832100368 832100368 832100368 832100368 832100368 832100368 832100368 832100368 832100368 832100368 832100368 832100368 832100368 832100368 832100368 832100368 832100368 832100368 832100368 832100368 832100368 832100368 832100368 832100368 832100368 832100368 832100368 832100368 832100368 832100368 832100368 832100368 
832100368 832100368 832100368 832100368 832100368 832100368 832100368 832100368 832100368 832100368 832100368 832100368 832100368 832100368 832100368 832100368 832100368 832100368 832100368 832100368 832100368 832100368 832100368 832100368 832100368 832100368 832100368 832100368 832100368 832100368 832100368 832100368 832100368 832100368 832100368 832100368 
832100368 832100368 832100368 832100368 832100368 832100368 832100368 832100368 832100368 832100368 832100368 832100368 832100368 832100368 832100368 832100368 832100368 832100368 832100368 832100368 832100368 832100368 832100368 832100368 832100368 832100368 832100368 832100368 832100368 832100368 832100368 832100368 832100368 832100368 832100368 832100368 
832100368 832100368 832100368 832100368 832100368 832100368 832100368 832100368 832100368 832100368 832100368 832100368 832100368 832100368 832100368 832100368 832100368 832100368 832100368 832100368 832100368 832100368 832100368 832100368 832100368 832100368 832100368 832100368 832100368 832100368 832100368 832100368 832100368 832100368 832100368 832100368 
832100368 832100368 832100368 832100368 832100368 832100368 832100368 832100368 832100368 832100368 832100368 832100368 832100368 832100368 832100368 832100368 832100368 832100368 832100368 832100368 832100368 832100368 832100368 832100368 832100368 832100368 832100368 832100368 832100368 832100368 832100368 832100368 832100368 832100368 832100368 832100368 
832100368 832100368 832100368 832100368 832100368 832100368 832100368 832100368 832100368 832100368 832100368 832100368 832100368 832100368 832100368 832100368 832100368 832100368 832100368 832100368 832100368 832100368 832100368 832100368 832100368 832100368 832100368 832100368 832100368 832100368 832100368 832100368 832100368 832100368 832100368 832100368 
832100368 832100368 832100368 832100368 832100368 832100368 832100368 832100368 832100368 832100368 832100368 832100368 832100368 832100368 832100368 832100368 832100368 832100368 832100368 832100368 832100368 832100368 832100368 832100368 832100368 832100368 832100368 832100368 832100368 832100368 832100368 832100368 832100368 832100368 832100368 832100368 
832100368 832100368 832100368 832100368 832100368 832100368 832100368 832100368 832100368 832100368 832100368 832100368 832100368 832100368 832100368 832100368 832100368 832100368 832100368 832100368 832100368 832100368 832100368 832100368 832100368 832100368 832100368 832100368 832100368 832100368 832100368 832100368 832100368 832100368 832100368 832100368 
832100368 832100368 832100368 832100368 832100368 832100368 832100368 832100368 832100368 832100368 832100368 832100368 832100368 832100368 832100368 832100368 832100368 832100368 832100368 832100368 832100368 832100368 832100368 832100368 832100368 832100368 832100368 832100368 832100368 832100368 832100368 832100368 832100368 832100368 832100368 832100368 
832100368 832100368 832100368 832100368 832100368 832100368 832100368 832100368 832100368 832100368 832100368 832100368 832100368 832100368 832100368 832100368 832100368 832100368 832100368 832100368 832100368 832100368 832100368 832100368 832100368 832100368 832100368 832100368 832100368 832100368 832100368 832100368 832100368 832100368 832100368 832100368 
832100368 832100368 832100368 832100368 832100368 832100368 832100368 832100368 832100368 832100368 832100368 832100368 832100368 832100368 832100368 832100368 832100368 832100368 832100368 832100368 832100368 832100368 832100368 832100368 832100368 832100368 832100368 832100368 832100368 832100368 832100368 832100368 832100368 832100368 832100368 832100368 
832100368 832100368 832100368 832100368 832100368 832100368 832100368 832100368 832100368 832100368 832100368 832100368 832100368 832100368 832100368 832100368 832100368 832100368 832100368 832100368 832100368 832100368 832100368 832100368 832100368 832100368 832100368 832100368 832100368 832100368 832100368 832100368 832100368 832100368 832100368 832100368 
832100368 832100368 832100368 832100368 832100368 832100368 832100368 832100368 832100368 832100368 832100368 832100368 832100368 832100368 832100368 832100368 832100368 832100368 832100368 832100368 832100368 832100368 832100368 832100368 832100368 832100368 832100368 832100368 832100368 832100368 832100368 832100368 832100368 832100368 832100368 832100368 
832100368 832100368 832100368 832100368 832100368 832100368 832100368 832100368 832100368 832100368 832100368 832100368 832100368 832100368 832100368 832100368 832100368 832100368 832100368 832100368 832100368 832100368 832100368 832100368 832100368 832100368 832100368 832100368 832100368 832100368 832100368 832100368 832100368 832100368 832100368 832100368 
832100368 832100368 832100368 832100368 832100368 832100368 832100368 832100368 832100368 832100368 832100368 832100368 832100368 832100368 832100368 832100368 832100368 832100368 832100368 832100368 832100368 832100368 832100368 832100368 832100368 832100368 832100368 832100368 832100368 832100368 832100368 832100368 832100368 832100368 832100368 832100368 
832100368 832100368 832100368 832100368 832100368 832100368 832100368 832100368 832100368 832100368 832100368 832100368 832100368 832100368 832100368 832100368 832100368 832100368 832100368 832100368 832100368 832100368 832100368 832100368 832100368 832100368 832100368 832100368 832100368 832100368 832100368 832100368 832100368 832100368 832100368 832100368 
832100368 832100368 832100368 832100368 832100368 832100368 832100368 832100368 832100368 832100368 832100368 832100368 832100368 832100368 832100368 832100368 832100368 832100368 832100368 832100368 832100368 832100368 832100368 832100368 832100368 832100368 832100368 832100368 832100368 832100368 832100368 832100368 832100368 832100368 832100368 832100368 
832100368 832100368 832100368 832100368 832100368 832100368 832100368 832100368 832100368 832100368 832100368 832100368 832100368 832100368 832100368 832100368 832100368 832100368 832100368 832100368 832100368 832100368 832100368 832100368 832100368 832100368 832100368 832100368 832100368 832100368 832100368 832100368 832100368 832100368 832100368 832100368 
832100368 832100368 832100368 832100368 832100368 832100368 832100368 832100368 832100368 832100368 832100368 832100368 832100368 832100368 832100368 832100368 832100368 832100368 832100368 832100368 832100368 832100368 832100368 832100368 832100368 832100368 832100368 832100368 832100368 832100368 832100368 832100368 832100368 832100368 832100368 832100368 
832100368 832100368 832100368 832100368 832100368 832100368 832100368 832100368 832100368 832100368 832100368 832100368 832100368 832100368 832100368 832100368 832100368 832100368 832100368 832100368 832100368 832100368 832100368 832100368 832100368 832100368 832100368 832100368 832100368 832100368 832100368 832100368 832100368 832100368 832100368 832100368 
832100368 832100368 832100368 832100368 832100368 832100368 832100368 832100368 832100368 832100368 832100368 832100368 832100368 832100368 832100368 832100368 832100368 832100368 832100368 832100368 832100368 832100368 832100368 832100368 832100368 832100368 832100368 832100368 832100368 832100368 832100368 832100368 832100368 832100368 832100368 832100368 
832100368 832100368 832100368 832100368 832100368 832100368 832100368 832100368 832100368 832100368 832100368 832100368 832100368 832100368 832100368 832100368 832100368 832100368 832100368 832100368 832100368 832100368 832100368 832100368 832100368 832100368 832100368 832100368 832100368 832100368 832100368 832100368 832100368 832100368 832100368 832100368 
832100368 832100368 832100368 832100368 832100368 832100368 832100368 832100368 832100368 832100368 832100368 832100368 832100368 832100368 832100368 832100368 832100368 832100368 832100368 832100368 832100368 832100368 832100368 832100368 832100368 832100368 832100368 832100368 832100368 832100368 832100368 832100368 832100368 832100368 832100368 832100368 
832100368 832100368 832100368 832100368 832100368 832100368 832100368 832100368 832100368 832100368 832100368 832100368 832100368 832100368 832100368 832100368 832100368 832100368 832100368 832100368 832100368 832100368 832100368 832100368 832100368 832100368 832100368 832100368 832100368 832100368 832100368 832100368 832100368 832100368 832100368 832100368 
832100368 832100368 832100368 832100368 832100368 832100368 832100368 832100368 832100368 832100368 832100368 832100368 832100368 832100368 832100368 832100368 832100368 832100368 832100368 832100368 832100368 832100368 832100368 832100368 832100368 832100368 832100368 832100368 832100368 832100368 832100368 832100368 832100368 832100368 832100368 832100368 
832100368 832100368 832100368 832100368 832100368 832100368 832100368 832100368 832100368 832100368 832100368 832100368 832100368 832100368 832100368 832100368 832100368 832100368 832100368 832100368 832100368 832100368 832100368 832100368 832100368 832100368 832100368 832100368 832100368 832100368 832100368 832100368 832100368 832100368 832100368 832100368 
832100368 832100368 832100368 832100368 832100368 832100368 832100368 832100368 832100368 832100368 832100368 832100368 832100368 832100368 832100368 832100368 832100368 832100368 832100368 832100368 832100368 832100368 832100368 832100368 832100368 832100368 832100368 832100368 832100368 832100368 832100368 832100368 832100368 832100368 832100368 832100368 
832100368 832100368 832100368 832100368 832100368 832100368 832100368 832100368 832100368 832100368 832100368 832100368 832100368 832100368 832100368 832100368 832100368 832100368 832100368 832100368 832100368 832100368 832100368 832100368 832100368 832100368 832100368 832100368 832100368 832100368 832100368 832100368 832100368 832100368 832100368 832100368 
832100368 832100368 832100368 832100368 832100368 832100368 832100368 832100368 832100368 832100368 832100368 832100368 832100368 832100368 832100368 832100368 832100368 832100368 832100368 832100368 832100368 832100368 832100368 832100368 832100368 832100368 832100368 832100368 832100368 832100368 832100368 832100368 832100368 832100368 832100368 832100368 
832100368 832100368 832100368 832100368 832100368 832100368 832100368 832100368 832100368 832100368 832100368 832100368 832100368 832100368 832100368 832100368 832100368 832100368 832100368 832100368 832100368 832100368 832100368 832100368 832100368 832100368 832100368 832100368 832100368 832100368 832100368 832100368 832100368 832100368 832100368 832100368 
832100368 832100368 832100368 832100368 832100368 832100368 832100368 832100368 832100368 832100368 832100368 832100368 832100368 832100368 832100368 832100368 832100368 832100368 832100368 832100368 832100368 832100368 832100368 832100368 832100368 832100368 832100368 832100368 832100368 832100368 832100368 832100368 832100368 832100368 832100368 832100368 
832100368 832100368 832100368 832100368 832100368 832100368 832100368 832100368 832100368 832100368 832100368 832100368 832100368 832100368 832100368 832100368 832100368 832100368 832100368 832100368 832100368 832100368 832100368 832100368 832100368 832100368 832100368 832100368 832100368 832100368 832100368 832100368 832100368 832100368 832100368 832100368 
832100368 832100368 832100368 832100368 832100368 832100368 832100368 832100368 832100368 832100368 832100368 832100368 832100368 832100368 832100368 832100368 832100368 832100368 832100368 832100368 832100368 832100368 832100368 832100368 832100368 832100368 832100368 832100368 832100368 832100368 832100368 832100368 832100368 832100368 832100368 832100368 
832100368 832100368 832100368 832100368 832100368 832100368 832100368 832100368 832100368 832100368 832100368 832100368 832100368 832100368 832100368 832100368 832100368 832100368 832100368 832100368 832100368 832100368 832100368 832100368 832100368 832100368 832100368 832100368 832100368 832100368 832100368 832100368 832100368 832100368 832100368 832100368 
