832099092 832099088/n832099832 832099832 832099832 832099832 832099832 832099832 832099832 832099832 832099832 832099832 832099832 832099832 832099832 832099832 
832099832 832099832 832099832 832099832 832099832 832099832 832099832 832099832 832099832 832099832 832099832 832099832 832099832 832099832 
832099832 832099832 832099832 832099832 832099832 832099832 832099832 832099832 832099832 832099832 832099832 832099832 832099832 832099832 
832099832 832099832 832099832 832099832 832099832 832099832 832099832 832099832 832099832 832099832 832099832 832099832 832099832 832099832 
832099832 832099832 832099832 832099832 832099832 832099832 832099832 832099832 832099832 832099832 832099832 832099832 832099832 832099832 
832099832 832099832 832099832 832099832 832099832 832099832 832099832 832099832 832099832 832099832 832099832 832099832 832099832 832099832 
832099832 832099832 832099832 832099832 832099832 832099832 832099832 832099832 832099832 832099832 832099832 832099832 832099832 832099832 
832099832 832099832 832099832 832099832 832099832 832099832 832099832 832099832 832099832 832099832 832099832 832099832 832099832 832099832 
832099832 832099832 832099832 832099832 832099832 832099832 832099832 832099832 832099832 832099832 832099832 832099832 832099832 832099832 
832099832 832099832 832099832 832099832 832099832 832099832 832099832 832099832 832099832 832099832 832099832 832099832 832099832 832099832 
832099832 832099832 832099832 832099832 832099832 832099832 832099832 832099832 832099832 832099832 832099832 832099832 832099832 832099832 
832099832 832099832 832099832 832099832 832099832 832099832 832099832 832099832 832099832 832099832 832099832 832099832 832099832 832099832 
832099832 832099832 832099832 832099832 832099832 832099832 832099832 832099832 832099832 832099832 832099832 832099832 832099832 832099832 
832099832 832099832 832099832 832099832 832099832 832099832 832099832 832099832 832099832 832099832 832099832 832099832 832099832 832099832 
832099832 832099832 832099832 832099832 832099832 832099832 832099832 832099832 832099832 832099832 832099832 832099832 832099832 832099832 
832099832 832099832 832099832 832099832 832099832 832099832 832099832 832099832 832099832 832099832 832099832 832099832 832099832 832099832 
832099832 832099832 832099832 832099832 832099832 832099832 832099832 832099832 832099832 832099832 832099832 832099832 832099832 832099832 
832099832 832099832 832099832 832099832 832099832 832099832 832099832 832099832 832099832 832099832 832099832 832099832 832099832 832099832 
832099832 832099832 832099832 832099832 832099832 832099832 832099832 832099832 832099832 832099832 832099832 832099832 832099832 832099832 
832099832 832099832 832099832 832099832 832099832 832099832 832099832 832099832 832099832 832099832 832099832 832099832 832099832 832099832 
832099832 832099832 832099832 832099832 832099832 832099832 832099832 832099832 832099832 832099832 832099832 832099832 832099832 832099832 
832099832 832099832 832099832 832099832 832099832 832099832 832099832 832099832 832099832 832099832 832099832 832099832 832099832 832099832 
