832099092 832099088/n832100108 832100108 832100108 832100108 832100108 832100108 832100108 832100108 832100108 832100108 832100108 832100108 832100108 832100108 832100108 
832100108 832100108 832100108 832100108 832100108 832100108 832100108 832100108 832100108 832100108 832100108 832100108 832100108 832100108 832100108 
832100108 832100108 832100108 832100108 832100108 832100108 832100108 832100108 832100108 832100108 832100108 832100108 832100108 832100108 832100108 
832100108 832100108 832100108 832100108 832100108 832100108 832100108 832100108 832100108 832100108 832100108 832100108 832100108 832100108 832100108 
832100108 832100108 832100108 832100108 832100108 832100108 832100108 832100108 832100108 832100108 832100108 832100108 832100108 832100108 832100108 
832100108 832100108 832100108 832100108 832100108 832100108 832100108 832100108 832100108 832100108 832100108 832100108 832100108 832100108 832100108 
832100108 832100108 832100108 832100108 832100108 832100108 832100108 832100108 832100108 832100108 832100108 832100108 832100108 832100108 832100108 
832100108 832100108 832100108 832100108 832100108 832100108 832100108 832100108 832100108 832100108 832100108 832100108 832100108 832100108 832100108 
832100108 832100108 832100108 832100108 832100108 832100108 832100108 832100108 832100108 832100108 832100108 832100108 832100108 832100108 832100108 
832100108 832100108 832100108 832100108 832100108 832100108 832100108 832100108 832100108 832100108 832100108 832100108 832100108 832100108 832100108 
832100108 832100108 832100108 832100108 832100108 832100108 832100108 832100108 832100108 832100108 832100108 832100108 832100108 832100108 832100108 
832100108 832100108 832100108 832100108 832100108 832100108 832100108 832100108 832100108 832100108 832100108 832100108 832100108 832100108 832100108 
832100108 832100108 832100108 832100108 832100108 832100108 832100108 832100108 832100108 832100108 832100108 832100108 832100108 832100108 832100108 
832100108 832100108 832100108 832100108 832100108 832100108 832100108 832100108 832100108 832100108 832100108 832100108 832100108 832100108 832100108 
832100108 832100108 832100108 832100108 832100108 832100108 832100108 832100108 832100108 832100108 832100108 832100108 832100108 832100108 832100108 
832100108 832100108 832100108 832100108 832100108 832100108 832100108 832100108 832100108 832100108 832100108 832100108 832100108 832100108 832100108 
832100108 832100108 832100108 832100108 832100108 832100108 832100108 832100108 832100108 832100108 832100108 832100108 832100108 832100108 832100108 
832100108 832100108 832100108 832100108 832100108 832100108 832100108 832100108 832100108 832100108 832100108 832100108 832100108 832100108 832100108 
832100108 832100108 832100108 832100108 832100108 832100108 832100108 832100108 832100108 832100108 832100108 832100108 832100108 832100108 832100108 
832100108 832100108 832100108 832100108 832100108 832100108 832100108 832100108 832100108 832100108 832100108 832100108 832100108 832100108 832100108 
832100108 832100108 832100108 832100108 832100108 832100108 832100108 832100108 832100108 832100108 832100108 832100108 832100108 832100108 832100108 
832100108 832100108 832100108 832100108 832100108 832100108 832100108 832100108 832100108 832100108 832100108 832100108 832100108 832100108 832100108 
832100108 832100108 832100108 832100108 832100108 832100108 832100108 832100108 832100108 832100108 832100108 832100108 832100108 832100108 832100108 
832100108 832100108 832100108 832100108 832100108 832100108 832100108 832100108 832100108 832100108 832100108 832100108 832100108 832100108 832100108 
832100108 832100108 832100108 832100108 832100108 832100108 832100108 832100108 832100108 832100108 832100108 832100108 832100108 832100108 832100108 
832100108 832100108 832100108 832100108 832100108 832100108 832100108 832100108 832100108 832100108 832100108 832100108 832100108 832100108 832100108 
832100108 832100108 832100108 832100108 832100108 832100108 832100108 832100108 832100108 832100108 832100108 832100108 832100108 832100108 832100108 
832100108 832100108 832100108 832100108 832100108 832100108 832100108 832100108 832100108 832100108 832100108 832100108 832100108 832100108 832100108 
832100108 832100108 832100108 832100108 832100108 832100108 832100108 832100108 832100108 832100108 832100108 832100108 832100108 832100108 832100108 
832100108 832100108 832100108 832100108 832100108 832100108 832100108 832100108 832100108 832100108 832100108 832100108 832100108 832100108 832100108 
832100108 832100108 832100108 832100108 832100108 832100108 832100108 832100108 832100108 832100108 832100108 832100108 832100108 832100108 832100108 
832100108 832100108 832100108 832100108 832100108 832100108 832100108 832100108 832100108 832100108 832100108 832100108 832100108 832100108 832100108 
832100108 832100108 832100108 832100108 832100108 832100108 832100108 832100108 832100108 832100108 832100108 832100108 832100108 832100108 832100108 
832100108 832100108 832100108 832100108 832100108 832100108 832100108 832100108 832100108 832100108 832100108 832100108 832100108 832100108 832100108 
832100108 832100108 832100108 832100108 832100108 832100108 832100108 832100108 832100108 832100108 832100108 832100108 832100108 832100108 832100108 
832100108 832100108 832100108 832100108 832100108 832100108 832100108 832100108 832100108 832100108 832100108 832100108 832100108 832100108 832100108 
832100108 832100108 832100108 832100108 832100108 832100108 832100108 832100108 832100108 832100108 832100108 832100108 832100108 832100108 832100108 
832100108 832100108 832100108 832100108 832100108 832100108 832100108 832100108 832100108 832100108 832100108 832100108 832100108 832100108 832100108 
832100108 832100108 832100108 832100108 832100108 832100108 832100108 832100108 832100108 832100108 832100108 832100108 832100108 832100108 832100108 
