832099092 832099088/n832099872 832099872 832099872 832099872 832099872 832099872 832099872 832099872 832099872 832099872 832099872 832099872 
832099872 832099872 832099872 832099872 832099872 832099872 832099872 832099872 832099872 832099872 832099872 832099872 
832099872 832099872 832099872 832099872 832099872 832099872 832099872 832099872 832099872 832099872 832099872 832099872 
832099872 832099872 832099872 832099872 832099872 832099872 832099872 832099872 832099872 832099872 832099872 832099872 
832099872 832099872 832099872 832099872 832099872 832099872 832099872 832099872 832099872 832099872 832099872 832099872 
832099872 832099872 832099872 832099872 832099872 832099872 832099872 832099872 832099872 832099872 832099872 832099872 
832099872 832099872 832099872 832099872 832099872 832099872 832099872 832099872 832099872 832099872 832099872 832099872 
832099872 832099872 832099872 832099872 832099872 832099872 832099872 832099872 832099872 832099872 832099872 832099872 
832099872 832099872 832099872 832099872 832099872 832099872 832099872 832099872 832099872 832099872 832099872 832099872 
832099872 832099872 832099872 832099872 832099872 832099872 832099872 832099872 832099872 832099872 832099872 832099872 
832099872 832099872 832099872 832099872 832099872 832099872 832099872 832099872 832099872 832099872 832099872 832099872 
832099872 832099872 832099872 832099872 832099872 832099872 832099872 832099872 832099872 832099872 832099872 832099872 
832099872 832099872 832099872 832099872 832099872 832099872 832099872 832099872 832099872 832099872 832099872 832099872 
832099872 832099872 832099872 832099872 832099872 832099872 832099872 832099872 832099872 832099872 832099872 832099872 
832099872 832099872 832099872 832099872 832099872 832099872 832099872 832099872 832099872 832099872 832099872 832099872 
832099872 832099872 832099872 832099872 832099872 832099872 832099872 832099872 832099872 832099872 832099872 832099872 
832099872 832099872 832099872 832099872 832099872 832099872 832099872 832099872 832099872 832099872 832099872 832099872 
832099872 832099872 832099872 832099872 832099872 832099872 832099872 832099872 832099872 832099872 832099872 832099872 
832099872 832099872 832099872 832099872 832099872 832099872 832099872 832099872 832099872 832099872 832099872 832099872 
832099872 832099872 832099872 832099872 832099872 832099872 832099872 832099872 832099872 832099872 832099872 832099872 
832099872 832099872 832099872 832099872 832099872 832099872 832099872 832099872 832099872 832099872 832099872 832099872 
832099872 832099872 832099872 832099872 832099872 832099872 832099872 832099872 832099872 832099872 832099872 832099872 
832099872 832099872 832099872 832099872 832099872 832099872 832099872 832099872 832099872 832099872 832099872 832099872 
832099872 832099872 832099872 832099872 832099872 832099872 832099872 832099872 832099872 832099872 832099872 832099872 
832099872 832099872 832099872 832099872 832099872 832099872 832099872 832099872 832099872 832099872 832099872 832099872 
