832099092 832099088/n832100076 832100076 832100076 832100076 832100076 832100076 832100076 832100076 832100076 832100076 832100076 832100076 832100076 832100076 832100076 832100076 832100076 832100076 832100076 832100076 832100076 832100076 832100076 832100076 832100076 832100076 832100076 832100076 832100076 832100076 832100076 832100076 832100076 832100076 832100076 
832100076 832100076 832100076 832100076 832100076 832100076 832100076 832100076 832100076 832100076 832100076 832100076 832100076 832100076 832100076 832100076 832100076 832100076 832100076 832100076 832100076 832100076 832100076 832100076 832100076 832100076 832100076 832100076 832100076 832100076 832100076 832100076 832100076 832100076 832100076 
832100076 832100076 832100076 832100076 832100076 832100076 832100076 832100076 832100076 832100076 832100076 832100076 832100076 832100076 832100076 832100076 832100076 832100076 832100076 832100076 832100076 832100076 832100076 832100076 832100076 832100076 832100076 832100076 832100076 832100076 832100076 832100076 832100076 832100076 832100076 
832100076 832100076 832100076 832100076 832100076 832100076 832100076 832100076 832100076 832100076 832100076 832100076 832100076 832100076 832100076 832100076 832100076 832100076 832100076 832100076 832100076 832100076 832100076 832100076 832100076 832100076 832100076 832100076 832100076 832100076 832100076 832100076 832100076 832100076 832100076 
832100076 832100076 832100076 832100076 832100076 832100076 832100076 832100076 832100076 832100076 832100076 832100076 832100076 832100076 832100076 832100076 832100076 832100076 832100076 832100076 832100076 832100076 832100076 832100076 832100076 832100076 832100076 832100076 832100076 832100076 832100076 832100076 832100076 832100076 832100076 
832100076 832100076 832100076 832100076 832100076 832100076 832100076 832100076 832100076 832100076 832100076 832100076 832100076 832100076 832100076 832100076 832100076 832100076 832100076 832100076 832100076 832100076 832100076 832100076 832100076 832100076 832100076 832100076 832100076 832100076 832100076 832100076 832100076 832100076 832100076 
832100076 832100076 832100076 832100076 832100076 832100076 832100076 832100076 832100076 832100076 832100076 832100076 832100076 832100076 832100076 832100076 832100076 832100076 832100076 832100076 832100076 832100076 832100076 832100076 832100076 832100076 832100076 832100076 832100076 832100076 832100076 832100076 832100076 832100076 832100076 
832100076 832100076 832100076 832100076 832100076 832100076 832100076 832100076 832100076 832100076 832100076 832100076 832100076 832100076 832100076 832100076 832100076 832100076 832100076 832100076 832100076 832100076 832100076 832100076 832100076 832100076 832100076 832100076 832100076 832100076 832100076 832100076 832100076 832100076 832100076 
832100076 832100076 832100076 832100076 832100076 832100076 832100076 832100076 832100076 832100076 832100076 832100076 832100076 832100076 832100076 832100076 832100076 832100076 832100076 832100076 832100076 832100076 832100076 832100076 832100076 832100076 832100076 832100076 832100076 832100076 832100076 832100076 832100076 832100076 832100076 
832100076 832100076 832100076 832100076 832100076 832100076 832100076 832100076 832100076 832100076 832100076 832100076 832100076 832100076 832100076 832100076 832100076 832100076 832100076 832100076 832100076 832100076 832100076 832100076 832100076 832100076 832100076 832100076 832100076 832100076 832100076 832100076 832100076 832100076 832100076 
832100076 832100076 832100076 832100076 832100076 832100076 832100076 832100076 832100076 832100076 832100076 832100076 832100076 832100076 832100076 832100076 832100076 832100076 832100076 832100076 832100076 832100076 832100076 832100076 832100076 832100076 832100076 832100076 832100076 832100076 832100076 832100076 832100076 832100076 832100076 
832100076 832100076 832100076 832100076 832100076 832100076 832100076 832100076 832100076 832100076 832100076 832100076 832100076 832100076 832100076 832100076 832100076 832100076 832100076 832100076 832100076 832100076 832100076 832100076 832100076 832100076 832100076 832100076 832100076 832100076 832100076 832100076 832100076 832100076 832100076 
832100076 832100076 832100076 832100076 832100076 832100076 832100076 832100076 832100076 832100076 832100076 832100076 832100076 832100076 832100076 832100076 832100076 832100076 832100076 832100076 832100076 832100076 832100076 832100076 832100076 832100076 832100076 832100076 832100076 832100076 832100076 832100076 832100076 832100076 832100076 
832100076 832100076 832100076 832100076 832100076 832100076 832100076 832100076 832100076 832100076 832100076 832100076 832100076 832100076 832100076 832100076 832100076 832100076 832100076 832100076 832100076 832100076 832100076 832100076 832100076 832100076 832100076 832100076 832100076 832100076 832100076 832100076 832100076 832100076 832100076 
832100076 832100076 832100076 832100076 832100076 832100076 832100076 832100076 832100076 832100076 832100076 832100076 832100076 832100076 832100076 832100076 832100076 832100076 832100076 832100076 832100076 832100076 832100076 832100076 832100076 832100076 832100076 832100076 832100076 832100076 832100076 832100076 832100076 832100076 832100076 
832100076 832100076 832100076 832100076 832100076 832100076 832100076 832100076 832100076 832100076 832100076 832100076 832100076 832100076 832100076 832100076 832100076 832100076 832100076 832100076 832100076 832100076 832100076 832100076 832100076 832100076 832100076 832100076 832100076 832100076 832100076 832100076 832100076 832100076 832100076 
832100076 832100076 832100076 832100076 832100076 832100076 832100076 832100076 832100076 832100076 832100076 832100076 832100076 832100076 832100076 832100076 832100076 832100076 832100076 832100076 832100076 832100076 832100076 832100076 832100076 832100076 832100076 832100076 832100076 832100076 832100076 832100076 832100076 832100076 832100076 
832100076 832100076 832100076 832100076 832100076 832100076 832100076 832100076 832100076 832100076 832100076 832100076 832100076 832100076 832100076 832100076 832100076 832100076 832100076 832100076 832100076 832100076 832100076 832100076 832100076 832100076 832100076 832100076 832100076 832100076 832100076 832100076 832100076 832100076 832100076 
832100076 832100076 832100076 832100076 832100076 832100076 832100076 832100076 832100076 832100076 832100076 832100076 832100076 832100076 832100076 832100076 832100076 832100076 832100076 832100076 832100076 832100076 832100076 832100076 832100076 832100076 832100076 832100076 832100076 832100076 832100076 832100076 832100076 832100076 832100076 
832100076 832100076 832100076 832100076 832100076 832100076 832100076 832100076 832100076 832100076 832100076 832100076 832100076 832100076 832100076 832100076 832100076 832100076 832100076 832100076 832100076 832100076 832100076 832100076 832100076 832100076 832100076 832100076 832100076 832100076 832100076 832100076 832100076 832100076 832100076 
832100076 832100076 832100076 832100076 832100076 832100076 832100076 832100076 832100076 832100076 832100076 832100076 832100076 832100076 832100076 832100076 832100076 832100076 832100076 832100076 832100076 832100076 832100076 832100076 832100076 832100076 832100076 832100076 832100076 832100076 832100076 832100076 832100076 832100076 832100076 
832100076 832100076 832100076 832100076 832100076 832100076 832100076 832100076 832100076 832100076 832100076 832100076 832100076 832100076 832100076 832100076 832100076 832100076 832100076 832100076 832100076 832100076 832100076 832100076 832100076 832100076 832100076 832100076 832100076 832100076 832100076 832100076 832100076 832100076 832100076 
832100076 832100076 832100076 832100076 832100076 832100076 832100076 832100076 832100076 832100076 832100076 832100076 832100076 832100076 832100076 832100076 832100076 832100076 832100076 832100076 832100076 832100076 832100076 832100076 832100076 832100076 832100076 832100076 832100076 832100076 832100076 832100076 832100076 832100076 832100076 
832100076 832100076 832100076 832100076 832100076 832100076 832100076 832100076 832100076 832100076 832100076 832100076 832100076 832100076 832100076 832100076 832100076 832100076 832100076 832100076 832100076 832100076 832100076 832100076 832100076 832100076 832100076 832100076 832100076 832100076 832100076 832100076 832100076 832100076 832100076 
832100076 832100076 832100076 832100076 832100076 832100076 832100076 832100076 832100076 832100076 832100076 832100076 832100076 832100076 832100076 832100076 832100076 832100076 832100076 832100076 832100076 832100076 832100076 832100076 832100076 832100076 832100076 832100076 832100076 832100076 832100076 832100076 832100076 832100076 832100076 
832100076 832100076 832100076 832100076 832100076 832100076 832100076 832100076 832100076 832100076 832100076 832100076 832100076 832100076 832100076 832100076 832100076 832100076 832100076 832100076 832100076 832100076 832100076 832100076 832100076 832100076 832100076 832100076 832100076 832100076 832100076 832100076 832100076 832100076 832100076 
832100076 832100076 832100076 832100076 832100076 832100076 832100076 832100076 832100076 832100076 832100076 832100076 832100076 832100076 832100076 832100076 832100076 832100076 832100076 832100076 832100076 832100076 832100076 832100076 832100076 832100076 832100076 832100076 832100076 832100076 832100076 832100076 832100076 832100076 832100076 
832100076 832100076 832100076 832100076 832100076 832100076 832100076 832100076 832100076 832100076 832100076 832100076 832100076 832100076 832100076 832100076 832100076 832100076 832100076 832100076 832100076 832100076 832100076 832100076 832100076 832100076 832100076 832100076 832100076 832100076 832100076 832100076 832100076 832100076 832100076 
832100076 832100076 832100076 832100076 832100076 832100076 832100076 832100076 832100076 832100076 832100076 832100076 832100076 832100076 832100076 832100076 832100076 832100076 832100076 832100076 832100076 832100076 832100076 832100076 832100076 832100076 832100076 832100076 832100076 832100076 832100076 832100076 832100076 832100076 832100076 
832100076 832100076 832100076 832100076 832100076 832100076 832100076 832100076 832100076 832100076 832100076 832100076 832100076 832100076 832100076 832100076 832100076 832100076 832100076 832100076 832100076 832100076 832100076 832100076 832100076 832100076 832100076 832100076 832100076 832100076 832100076 832100076 832100076 832100076 832100076 
832100076 832100076 832100076 832100076 832100076 832100076 832100076 832100076 832100076 832100076 832100076 832100076 832100076 832100076 832100076 832100076 832100076 832100076 832100076 832100076 832100076 832100076 832100076 832100076 832100076 832100076 832100076 832100076 832100076 832100076 832100076 832100076 832100076 832100076 832100076 
832100076 832100076 832100076 832100076 832100076 832100076 832100076 832100076 832100076 832100076 832100076 832100076 832100076 832100076 832100076 832100076 832100076 832100076 832100076 832100076 832100076 832100076 832100076 832100076 832100076 832100076 832100076 832100076 832100076 832100076 832100076 832100076 832100076 832100076 832100076 
