832099092 832099088/n832099844 832099844 832099844 832099844 832099844 832099844 832099844 832099844 832099844 
832099844 832099844 832099844 832099844 832099844 832099844 832099844 832099844 832099844 
832099844 832099844 832099844 832099844 832099844 832099844 832099844 832099844 832099844 
832099844 832099844 832099844 832099844 832099844 832099844 832099844 832099844 832099844 
832099844 832099844 832099844 832099844 832099844 832099844 832099844 832099844 832099844 
832099844 832099844 832099844 832099844 832099844 832099844 832099844 832099844 832099844 
832099844 832099844 832099844 832099844 832099844 832099844 832099844 832099844 832099844 
832099844 832099844 832099844 832099844 832099844 832099844 832099844 832099844 832099844 
832099844 832099844 832099844 832099844 832099844 832099844 832099844 832099844 832099844 
832099844 832099844 832099844 832099844 832099844 832099844 832099844 832099844 832099844 
832099844 832099844 832099844 832099844 832099844 832099844 832099844 832099844 832099844 
832099844 832099844 832099844 832099844 832099844 832099844 832099844 832099844 832099844 
832099844 832099844 832099844 832099844 832099844 832099844 832099844 832099844 832099844 
832099844 832099844 832099844 832099844 832099844 832099844 832099844 832099844 832099844 
832099844 832099844 832099844 832099844 832099844 832099844 832099844 832099844 832099844 
832099844 832099844 832099844 832099844 832099844 832099844 832099844 832099844 832099844 
832099844 832099844 832099844 832099844 832099844 832099844 832099844 832099844 832099844 
832099844 832099844 832099844 832099844 832099844 832099844 832099844 832099844 832099844 
832099844 832099844 832099844 832099844 832099844 832099844 832099844 832099844 832099844 
832099844 832099844 832099844 832099844 832099844 832099844 832099844 832099844 832099844 
832099844 832099844 832099844 832099844 832099844 832099844 832099844 832099844 832099844 
832099844 832099844 832099844 832099844 832099844 832099844 832099844 832099844 832099844 
832099844 832099844 832099844 832099844 832099844 832099844 832099844 832099844 832099844 
832099844 832099844 832099844 832099844 832099844 832099844 832099844 832099844 832099844 
