832099092 832099088/n832099840 832099840 832099840 832099840 832099840 832099840 832099840 832099840 832099840 832099840 832099840 832099840 832099840 832099840 832099840 832099840 
832099840 832099840 832099840 832099840 832099840 832099840 832099840 832099840 832099840 832099840 832099840 832099840 832099840 832099840 832099840 832099840 
832099840 832099840 832099840 832099840 832099840 832099840 832099840 832099840 832099840 832099840 832099840 832099840 832099840 832099840 832099840 832099840 
832099840 832099840 832099840 832099840 832099840 832099840 832099840 832099840 832099840 832099840 832099840 832099840 832099840 832099840 832099840 832099840 
832099840 832099840 832099840 832099840 832099840 832099840 832099840 832099840 832099840 832099840 832099840 832099840 832099840 832099840 832099840 832099840 
832099840 832099840 832099840 832099840 832099840 832099840 832099840 832099840 832099840 832099840 832099840 832099840 832099840 832099840 832099840 832099840 
832099840 832099840 832099840 832099840 832099840 832099840 832099840 832099840 832099840 832099840 832099840 832099840 832099840 832099840 832099840 832099840 
832099840 832099840 832099840 832099840 832099840 832099840 832099840 832099840 832099840 832099840 832099840 832099840 832099840 832099840 832099840 832099840 
832099840 832099840 832099840 832099840 832099840 832099840 832099840 832099840 832099840 832099840 832099840 832099840 832099840 832099840 832099840 832099840 
832099840 832099840 832099840 832099840 832099840 832099840 832099840 832099840 832099840 832099840 832099840 832099840 832099840 832099840 832099840 832099840 
832099840 832099840 832099840 832099840 832099840 832099840 832099840 832099840 832099840 832099840 832099840 832099840 832099840 832099840 832099840 832099840 
832099840 832099840 832099840 832099840 832099840 832099840 832099840 832099840 832099840 832099840 832099840 832099840 832099840 832099840 832099840 832099840 
832099840 832099840 832099840 832099840 832099840 832099840 832099840 832099840 832099840 832099840 832099840 832099840 832099840 832099840 832099840 832099840 
832099840 832099840 832099840 832099840 832099840 832099840 832099840 832099840 832099840 832099840 832099840 832099840 832099840 832099840 832099840 832099840 
832099840 832099840 832099840 832099840 832099840 832099840 832099840 832099840 832099840 832099840 832099840 832099840 832099840 832099840 832099840 832099840 
832099840 832099840 832099840 832099840 832099840 832099840 832099840 832099840 832099840 832099840 832099840 832099840 832099840 832099840 832099840 832099840 
832099840 832099840 832099840 832099840 832099840 832099840 832099840 832099840 832099840 832099840 832099840 832099840 832099840 832099840 832099840 832099840 
832099840 832099840 832099840 832099840 832099840 832099840 832099840 832099840 832099840 832099840 832099840 832099840 832099840 832099840 832099840 832099840 
832099840 832099840 832099840 832099840 832099840 832099840 832099840 832099840 832099840 832099840 832099840 832099840 832099840 832099840 832099840 832099840 
832099840 832099840 832099840 832099840 832099840 832099840 832099840 832099840 832099840 832099840 832099840 832099840 832099840 832099840 832099840 832099840 
832099840 832099840 832099840 832099840 832099840 832099840 832099840 832099840 832099840 832099840 832099840 832099840 832099840 832099840 832099840 832099840 
832099840 832099840 832099840 832099840 832099840 832099840 832099840 832099840 832099840 832099840 832099840 832099840 832099840 832099840 832099840 832099840 
