832099092 832099088/n832100024 832100024 832100024 832100024 832100024 832100024 832100024 832100024 832100024 832100024 832100024 832100024 832100024 832100024 832100024 832100024 832100024 832100024 832100024 832100024 832100024 832100024 
832100024 832100024 832100024 832100024 832100024 832100024 832100024 832100024 832100024 832100024 832100024 832100024 832100024 832100024 832100024 832100024 832100024 832100024 832100024 832100024 832100024 832100024 
832100024 832100024 832100024 832100024 832100024 832100024 832100024 832100024 832100024 832100024 832100024 832100024 832100024 832100024 832100024 832100024 832100024 832100024 832100024 832100024 832100024 832100024 
832100024 832100024 832100024 832100024 832100024 832100024 832100024 832100024 832100024 832100024 832100024 832100024 832100024 832100024 832100024 832100024 832100024 832100024 832100024 832100024 832100024 832100024 
832100024 832100024 832100024 832100024 832100024 832100024 832100024 832100024 832100024 832100024 832100024 832100024 832100024 832100024 832100024 832100024 832100024 832100024 832100024 832100024 832100024 832100024 
832100024 832100024 832100024 832100024 832100024 832100024 832100024 832100024 832100024 832100024 832100024 832100024 832100024 832100024 832100024 832100024 832100024 832100024 832100024 832100024 832100024 832100024 
832100024 832100024 832100024 832100024 832100024 832100024 832100024 832100024 832100024 832100024 832100024 832100024 832100024 832100024 832100024 832100024 832100024 832100024 832100024 832100024 832100024 832100024 
832100024 832100024 832100024 832100024 832100024 832100024 832100024 832100024 832100024 832100024 832100024 832100024 832100024 832100024 832100024 832100024 832100024 832100024 832100024 832100024 832100024 832100024 
832100024 832100024 832100024 832100024 832100024 832100024 832100024 832100024 832100024 832100024 832100024 832100024 832100024 832100024 832100024 832100024 832100024 832100024 832100024 832100024 832100024 832100024 
832100024 832100024 832100024 832100024 832100024 832100024 832100024 832100024 832100024 832100024 832100024 832100024 832100024 832100024 832100024 832100024 832100024 832100024 832100024 832100024 832100024 832100024 
832100024 832100024 832100024 832100024 832100024 832100024 832100024 832100024 832100024 832100024 832100024 832100024 832100024 832100024 832100024 832100024 832100024 832100024 832100024 832100024 832100024 832100024 
832100024 832100024 832100024 832100024 832100024 832100024 832100024 832100024 832100024 832100024 832100024 832100024 832100024 832100024 832100024 832100024 832100024 832100024 832100024 832100024 832100024 832100024 
832100024 832100024 832100024 832100024 832100024 832100024 832100024 832100024 832100024 832100024 832100024 832100024 832100024 832100024 832100024 832100024 832100024 832100024 832100024 832100024 832100024 832100024 
832100024 832100024 832100024 832100024 832100024 832100024 832100024 832100024 832100024 832100024 832100024 832100024 832100024 832100024 832100024 832100024 832100024 832100024 832100024 832100024 832100024 832100024 
832100024 832100024 832100024 832100024 832100024 832100024 832100024 832100024 832100024 832100024 832100024 832100024 832100024 832100024 832100024 832100024 832100024 832100024 832100024 832100024 832100024 832100024 
832100024 832100024 832100024 832100024 832100024 832100024 832100024 832100024 832100024 832100024 832100024 832100024 832100024 832100024 832100024 832100024 832100024 832100024 832100024 832100024 832100024 832100024 
832100024 832100024 832100024 832100024 832100024 832100024 832100024 832100024 832100024 832100024 832100024 832100024 832100024 832100024 832100024 832100024 832100024 832100024 832100024 832100024 832100024 832100024 
832100024 832100024 832100024 832100024 832100024 832100024 832100024 832100024 832100024 832100024 832100024 832100024 832100024 832100024 832100024 832100024 832100024 832100024 832100024 832100024 832100024 832100024 
832100024 832100024 832100024 832100024 832100024 832100024 832100024 832100024 832100024 832100024 832100024 832100024 832100024 832100024 832100024 832100024 832100024 832100024 832100024 832100024 832100024 832100024 
832100024 832100024 832100024 832100024 832100024 832100024 832100024 832100024 832100024 832100024 832100024 832100024 832100024 832100024 832100024 832100024 832100024 832100024 832100024 832100024 832100024 832100024 
832100024 832100024 832100024 832100024 832100024 832100024 832100024 832100024 832100024 832100024 832100024 832100024 832100024 832100024 832100024 832100024 832100024 832100024 832100024 832100024 832100024 832100024 
832100024 832100024 832100024 832100024 832100024 832100024 832100024 832100024 832100024 832100024 832100024 832100024 832100024 832100024 832100024 832100024 832100024 832100024 832100024 832100024 832100024 832100024 
832100024 832100024 832100024 832100024 832100024 832100024 832100024 832100024 832100024 832100024 832100024 832100024 832100024 832100024 832100024 832100024 832100024 832100024 832100024 832100024 832100024 832100024 
832100024 832100024 832100024 832100024 832100024 832100024 832100024 832100024 832100024 832100024 832100024 832100024 832100024 832100024 832100024 832100024 832100024 832100024 832100024 832100024 832100024 832100024 
832100024 832100024 832100024 832100024 832100024 832100024 832100024 832100024 832100024 832100024 832100024 832100024 832100024 832100024 832100024 832100024 832100024 832100024 832100024 832100024 832100024 832100024 
832100024 832100024 832100024 832100024 832100024 832100024 832100024 832100024 832100024 832100024 832100024 832100024 832100024 832100024 832100024 832100024 832100024 832100024 832100024 832100024 832100024 832100024 
832100024 832100024 832100024 832100024 832100024 832100024 832100024 832100024 832100024 832100024 832100024 832100024 832100024 832100024 832100024 832100024 832100024 832100024 832100024 832100024 832100024 832100024 
832100024 832100024 832100024 832100024 832100024 832100024 832100024 832100024 832100024 832100024 832100024 832100024 832100024 832100024 832100024 832100024 832100024 832100024 832100024 832100024 832100024 832100024 
832100024 832100024 832100024 832100024 832100024 832100024 832100024 832100024 832100024 832100024 832100024 832100024 832100024 832100024 832100024 832100024 832100024 832100024 832100024 832100024 832100024 832100024 
832100024 832100024 832100024 832100024 832100024 832100024 832100024 832100024 832100024 832100024 832100024 832100024 832100024 832100024 832100024 832100024 832100024 832100024 832100024 832100024 832100024 832100024 
832100024 832100024 832100024 832100024 832100024 832100024 832100024 832100024 832100024 832100024 832100024 832100024 832100024 832100024 832100024 832100024 832100024 832100024 832100024 832100024 832100024 832100024 
832100024 832100024 832100024 832100024 832100024 832100024 832100024 832100024 832100024 832100024 832100024 832100024 832100024 832100024 832100024 832100024 832100024 832100024 832100024 832100024 832100024 832100024 
