832099092 832099088/n832099964 832099964 832099964 832099964 832099964 832099964 832099964 832099964 832099964 832099964 832099964 832099964 832099964 832099964 832099964 832099964 832099964 832099964 832099964 832099964 832099964 832099964 832099964 
832099964 832099964 832099964 832099964 832099964 832099964 832099964 832099964 832099964 832099964 832099964 832099964 832099964 832099964 832099964 832099964 832099964 832099964 832099964 832099964 832099964 832099964 832099964 
832099964 832099964 832099964 832099964 832099964 832099964 832099964 832099964 832099964 832099964 832099964 832099964 832099964 832099964 832099964 832099964 832099964 832099964 832099964 832099964 832099964 832099964 832099964 
832099964 832099964 832099964 832099964 832099964 832099964 832099964 832099964 832099964 832099964 832099964 832099964 832099964 832099964 832099964 832099964 832099964 832099964 832099964 832099964 832099964 832099964 832099964 
832099964 832099964 832099964 832099964 832099964 832099964 832099964 832099964 832099964 832099964 832099964 832099964 832099964 832099964 832099964 832099964 832099964 832099964 832099964 832099964 832099964 832099964 832099964 
832099964 832099964 832099964 832099964 832099964 832099964 832099964 832099964 832099964 832099964 832099964 832099964 832099964 832099964 832099964 832099964 832099964 832099964 832099964 832099964 832099964 832099964 832099964 
832099964 832099964 832099964 832099964 832099964 832099964 832099964 832099964 832099964 832099964 832099964 832099964 832099964 832099964 832099964 832099964 832099964 832099964 832099964 832099964 832099964 832099964 832099964 
832099964 832099964 832099964 832099964 832099964 832099964 832099964 832099964 832099964 832099964 832099964 832099964 832099964 832099964 832099964 832099964 832099964 832099964 832099964 832099964 832099964 832099964 832099964 
832099964 832099964 832099964 832099964 832099964 832099964 832099964 832099964 832099964 832099964 832099964 832099964 832099964 832099964 832099964 832099964 832099964 832099964 832099964 832099964 832099964 832099964 832099964 
832099964 832099964 832099964 832099964 832099964 832099964 832099964 832099964 832099964 832099964 832099964 832099964 832099964 832099964 832099964 832099964 832099964 832099964 832099964 832099964 832099964 832099964 832099964 
832099964 832099964 832099964 832099964 832099964 832099964 832099964 832099964 832099964 832099964 832099964 832099964 832099964 832099964 832099964 832099964 832099964 832099964 832099964 832099964 832099964 832099964 832099964 
832099964 832099964 832099964 832099964 832099964 832099964 832099964 832099964 832099964 832099964 832099964 832099964 832099964 832099964 832099964 832099964 832099964 832099964 832099964 832099964 832099964 832099964 832099964 
832099964 832099964 832099964 832099964 832099964 832099964 832099964 832099964 832099964 832099964 832099964 832099964 832099964 832099964 832099964 832099964 832099964 832099964 832099964 832099964 832099964 832099964 832099964 
832099964 832099964 832099964 832099964 832099964 832099964 832099964 832099964 832099964 832099964 832099964 832099964 832099964 832099964 832099964 832099964 832099964 832099964 832099964 832099964 832099964 832099964 832099964 
832099964 832099964 832099964 832099964 832099964 832099964 832099964 832099964 832099964 832099964 832099964 832099964 832099964 832099964 832099964 832099964 832099964 832099964 832099964 832099964 832099964 832099964 832099964 
832099964 832099964 832099964 832099964 832099964 832099964 832099964 832099964 832099964 832099964 832099964 832099964 832099964 832099964 832099964 832099964 832099964 832099964 832099964 832099964 832099964 832099964 832099964 
832099964 832099964 832099964 832099964 832099964 832099964 832099964 832099964 832099964 832099964 832099964 832099964 832099964 832099964 832099964 832099964 832099964 832099964 832099964 832099964 832099964 832099964 832099964 
832099964 832099964 832099964 832099964 832099964 832099964 832099964 832099964 832099964 832099964 832099964 832099964 832099964 832099964 832099964 832099964 832099964 832099964 832099964 832099964 832099964 832099964 832099964 
832099964 832099964 832099964 832099964 832099964 832099964 832099964 832099964 832099964 832099964 832099964 832099964 832099964 832099964 832099964 832099964 832099964 832099964 832099964 832099964 832099964 832099964 832099964 
832099964 832099964 832099964 832099964 832099964 832099964 832099964 832099964 832099964 832099964 832099964 832099964 832099964 832099964 832099964 832099964 832099964 832099964 832099964 832099964 832099964 832099964 832099964 
832099964 832099964 832099964 832099964 832099964 832099964 832099964 832099964 832099964 832099964 832099964 832099964 832099964 832099964 832099964 832099964 832099964 832099964 832099964 832099964 832099964 832099964 832099964 
832099964 832099964 832099964 832099964 832099964 832099964 832099964 832099964 832099964 832099964 832099964 832099964 832099964 832099964 832099964 832099964 832099964 832099964 832099964 832099964 832099964 832099964 832099964 
832099964 832099964 832099964 832099964 832099964 832099964 832099964 832099964 832099964 832099964 832099964 832099964 832099964 832099964 832099964 832099964 832099964 832099964 832099964 832099964 832099964 832099964 832099964 
832099964 832099964 832099964 832099964 832099964 832099964 832099964 832099964 832099964 832099964 832099964 832099964 832099964 832099964 832099964 832099964 832099964 832099964 832099964 832099964 832099964 832099964 832099964 
832099964 832099964 832099964 832099964 832099964 832099964 832099964 832099964 832099964 832099964 832099964 832099964 832099964 832099964 832099964 832099964 832099964 832099964 832099964 832099964 832099964 832099964 832099964 
832099964 832099964 832099964 832099964 832099964 832099964 832099964 832099964 832099964 832099964 832099964 832099964 832099964 832099964 832099964 832099964 832099964 832099964 832099964 832099964 832099964 832099964 832099964 
832099964 832099964 832099964 832099964 832099964 832099964 832099964 832099964 832099964 832099964 832099964 832099964 832099964 832099964 832099964 832099964 832099964 832099964 832099964 832099964 832099964 832099964 832099964 
832099964 832099964 832099964 832099964 832099964 832099964 832099964 832099964 832099964 832099964 832099964 832099964 832099964 832099964 832099964 832099964 832099964 832099964 832099964 832099964 832099964 832099964 832099964 
