832099092 832099088/n832100352 832100352 832100352 832100352 832100352 832100352 832100352 832100352 832100352 832100352 832100352 832100352 832100352 832100352 832100352 832100352 832100352 832100352 832100352 832100352 832100352 832100352 832100352 832100352 832100352 832100352 832100352 832100352 832100352 832100352 832100352 832100352 832100352 832100352 832100352 832100352 
832100352 832100352 832100352 832100352 832100352 832100352 832100352 832100352 832100352 832100352 832100352 832100352 832100352 832100352 832100352 832100352 832100352 832100352 832100352 832100352 832100352 832100352 832100352 832100352 832100352 832100352 832100352 832100352 832100352 832100352 832100352 832100352 832100352 832100352 832100352 832100352 
832100352 832100352 832100352 832100352 832100352 832100352 832100352 832100352 832100352 832100352 832100352 832100352 832100352 832100352 832100352 832100352 832100352 832100352 832100352 832100352 832100352 832100352 832100352 832100352 832100352 832100352 832100352 832100352 832100352 832100352 832100352 832100352 832100352 832100352 832100352 832100352 
832100352 832100352 832100352 832100352 832100352 832100352 832100352 832100352 832100352 832100352 832100352 832100352 832100352 832100352 832100352 832100352 832100352 832100352 832100352 832100352 832100352 832100352 832100352 832100352 832100352 832100352 832100352 832100352 832100352 832100352 832100352 832100352 832100352 832100352 832100352 832100352 
832100352 832100352 832100352 832100352 832100352 832100352 832100352 832100352 832100352 832100352 832100352 832100352 832100352 832100352 832100352 832100352 832100352 832100352 832100352 832100352 832100352 832100352 832100352 832100352 832100352 832100352 832100352 832100352 832100352 832100352 832100352 832100352 832100352 832100352 832100352 832100352 
832100352 832100352 832100352 832100352 832100352 832100352 832100352 832100352 832100352 832100352 832100352 832100352 832100352 832100352 832100352 832100352 832100352 832100352 832100352 832100352 832100352 832100352 832100352 832100352 832100352 832100352 832100352 832100352 832100352 832100352 832100352 832100352 832100352 832100352 832100352 832100352 
832100352 832100352 832100352 832100352 832100352 832100352 832100352 832100352 832100352 832100352 832100352 832100352 832100352 832100352 832100352 832100352 832100352 832100352 832100352 832100352 832100352 832100352 832100352 832100352 832100352 832100352 832100352 832100352 832100352 832100352 832100352 832100352 832100352 832100352 832100352 832100352 
832100352 832100352 832100352 832100352 832100352 832100352 832100352 832100352 832100352 832100352 832100352 832100352 832100352 832100352 832100352 832100352 832100352 832100352 832100352 832100352 832100352 832100352 832100352 832100352 832100352 832100352 832100352 832100352 832100352 832100352 832100352 832100352 832100352 832100352 832100352 832100352 
832100352 832100352 832100352 832100352 832100352 832100352 832100352 832100352 832100352 832100352 832100352 832100352 832100352 832100352 832100352 832100352 832100352 832100352 832100352 832100352 832100352 832100352 832100352 832100352 832100352 832100352 832100352 832100352 832100352 832100352 832100352 832100352 832100352 832100352 832100352 832100352 
832100352 832100352 832100352 832100352 832100352 832100352 832100352 832100352 832100352 832100352 832100352 832100352 832100352 832100352 832100352 832100352 832100352 832100352 832100352 832100352 832100352 832100352 832100352 832100352 832100352 832100352 832100352 832100352 832100352 832100352 832100352 832100352 832100352 832100352 832100352 832100352 
832100352 832100352 832100352 832100352 832100352 832100352 832100352 832100352 832100352 832100352 832100352 832100352 832100352 832100352 832100352 832100352 832100352 832100352 832100352 832100352 832100352 832100352 832100352 832100352 832100352 832100352 832100352 832100352 832100352 832100352 832100352 832100352 832100352 832100352 832100352 832100352 
832100352 832100352 832100352 832100352 832100352 832100352 832100352 832100352 832100352 832100352 832100352 832100352 832100352 832100352 832100352 832100352 832100352 832100352 832100352 832100352 832100352 832100352 832100352 832100352 832100352 832100352 832100352 832100352 832100352 832100352 832100352 832100352 832100352 832100352 832100352 832100352 
832100352 832100352 832100352 832100352 832100352 832100352 832100352 832100352 832100352 832100352 832100352 832100352 832100352 832100352 832100352 832100352 832100352 832100352 832100352 832100352 832100352 832100352 832100352 832100352 832100352 832100352 832100352 832100352 832100352 832100352 832100352 832100352 832100352 832100352 832100352 832100352 
832100352 832100352 832100352 832100352 832100352 832100352 832100352 832100352 832100352 832100352 832100352 832100352 832100352 832100352 832100352 832100352 832100352 832100352 832100352 832100352 832100352 832100352 832100352 832100352 832100352 832100352 832100352 832100352 832100352 832100352 832100352 832100352 832100352 832100352 832100352 832100352 
832100352 832100352 832100352 832100352 832100352 832100352 832100352 832100352 832100352 832100352 832100352 832100352 832100352 832100352 832100352 832100352 832100352 832100352 832100352 832100352 832100352 832100352 832100352 832100352 832100352 832100352 832100352 832100352 832100352 832100352 832100352 832100352 832100352 832100352 832100352 832100352 
832100352 832100352 832100352 832100352 832100352 832100352 832100352 832100352 832100352 832100352 832100352 832100352 832100352 832100352 832100352 832100352 832100352 832100352 832100352 832100352 832100352 832100352 832100352 832100352 832100352 832100352 832100352 832100352 832100352 832100352 832100352 832100352 832100352 832100352 832100352 832100352 
832100352 832100352 832100352 832100352 832100352 832100352 832100352 832100352 832100352 832100352 832100352 832100352 832100352 832100352 832100352 832100352 832100352 832100352 832100352 832100352 832100352 832100352 832100352 832100352 832100352 832100352 832100352 832100352 832100352 832100352 832100352 832100352 832100352 832100352 832100352 832100352 
832100352 832100352 832100352 832100352 832100352 832100352 832100352 832100352 832100352 832100352 832100352 832100352 832100352 832100352 832100352 832100352 832100352 832100352 832100352 832100352 832100352 832100352 832100352 832100352 832100352 832100352 832100352 832100352 832100352 832100352 832100352 832100352 832100352 832100352 832100352 832100352 
832100352 832100352 832100352 832100352 832100352 832100352 832100352 832100352 832100352 832100352 832100352 832100352 832100352 832100352 832100352 832100352 832100352 832100352 832100352 832100352 832100352 832100352 832100352 832100352 832100352 832100352 832100352 832100352 832100352 832100352 832100352 832100352 832100352 832100352 832100352 832100352 
832100352 832100352 832100352 832100352 832100352 832100352 832100352 832100352 832100352 832100352 832100352 832100352 832100352 832100352 832100352 832100352 832100352 832100352 832100352 832100352 832100352 832100352 832100352 832100352 832100352 832100352 832100352 832100352 832100352 832100352 832100352 832100352 832100352 832100352 832100352 832100352 
832100352 832100352 832100352 832100352 832100352 832100352 832100352 832100352 832100352 832100352 832100352 832100352 832100352 832100352 832100352 832100352 832100352 832100352 832100352 832100352 832100352 832100352 832100352 832100352 832100352 832100352 832100352 832100352 832100352 832100352 832100352 832100352 832100352 832100352 832100352 832100352 
832100352 832100352 832100352 832100352 832100352 832100352 832100352 832100352 832100352 832100352 832100352 832100352 832100352 832100352 832100352 832100352 832100352 832100352 832100352 832100352 832100352 832100352 832100352 832100352 832100352 832100352 832100352 832100352 832100352 832100352 832100352 832100352 832100352 832100352 832100352 832100352 
832100352 832100352 832100352 832100352 832100352 832100352 832100352 832100352 832100352 832100352 832100352 832100352 832100352 832100352 832100352 832100352 832100352 832100352 832100352 832100352 832100352 832100352 832100352 832100352 832100352 832100352 832100352 832100352 832100352 832100352 832100352 832100352 832100352 832100352 832100352 832100352 
832100352 832100352 832100352 832100352 832100352 832100352 832100352 832100352 832100352 832100352 832100352 832100352 832100352 832100352 832100352 832100352 832100352 832100352 832100352 832100352 832100352 832100352 832100352 832100352 832100352 832100352 832100352 832100352 832100352 832100352 832100352 832100352 832100352 832100352 832100352 832100352 
832100352 832100352 832100352 832100352 832100352 832100352 832100352 832100352 832100352 832100352 832100352 832100352 832100352 832100352 832100352 832100352 832100352 832100352 832100352 832100352 832100352 832100352 832100352 832100352 832100352 832100352 832100352 832100352 832100352 832100352 832100352 832100352 832100352 832100352 832100352 832100352 
832100352 832100352 832100352 832100352 832100352 832100352 832100352 832100352 832100352 832100352 832100352 832100352 832100352 832100352 832100352 832100352 832100352 832100352 832100352 832100352 832100352 832100352 832100352 832100352 832100352 832100352 832100352 832100352 832100352 832100352 832100352 832100352 832100352 832100352 832100352 832100352 
832100352 832100352 832100352 832100352 832100352 832100352 832100352 832100352 832100352 832100352 832100352 832100352 832100352 832100352 832100352 832100352 832100352 832100352 832100352 832100352 832100352 832100352 832100352 832100352 832100352 832100352 832100352 832100352 832100352 832100352 832100352 832100352 832100352 832100352 832100352 832100352 
832100352 832100352 832100352 832100352 832100352 832100352 832100352 832100352 832100352 832100352 832100352 832100352 832100352 832100352 832100352 832100352 832100352 832100352 832100352 832100352 832100352 832100352 832100352 832100352 832100352 832100352 832100352 832100352 832100352 832100352 832100352 832100352 832100352 832100352 832100352 832100352 
832100352 832100352 832100352 832100352 832100352 832100352 832100352 832100352 832100352 832100352 832100352 832100352 832100352 832100352 832100352 832100352 832100352 832100352 832100352 832100352 832100352 832100352 832100352 832100352 832100352 832100352 832100352 832100352 832100352 832100352 832100352 832100352 832100352 832100352 832100352 832100352 
832100352 832100352 832100352 832100352 832100352 832100352 832100352 832100352 832100352 832100352 832100352 832100352 832100352 832100352 832100352 832100352 832100352 832100352 832100352 832100352 832100352 832100352 832100352 832100352 832100352 832100352 832100352 832100352 832100352 832100352 832100352 832100352 832100352 832100352 832100352 832100352 
832100352 832100352 832100352 832100352 832100352 832100352 832100352 832100352 832100352 832100352 832100352 832100352 832100352 832100352 832100352 832100352 832100352 832100352 832100352 832100352 832100352 832100352 832100352 832100352 832100352 832100352 832100352 832100352 832100352 832100352 832100352 832100352 832100352 832100352 832100352 832100352 
832100352 832100352 832100352 832100352 832100352 832100352 832100352 832100352 832100352 832100352 832100352 832100352 832100352 832100352 832100352 832100352 832100352 832100352 832100352 832100352 832100352 832100352 832100352 832100352 832100352 832100352 832100352 832100352 832100352 832100352 832100352 832100352 832100352 832100352 832100352 832100352 
832100352 832100352 832100352 832100352 832100352 832100352 832100352 832100352 832100352 832100352 832100352 832100352 832100352 832100352 832100352 832100352 832100352 832100352 832100352 832100352 832100352 832100352 832100352 832100352 832100352 832100352 832100352 832100352 832100352 832100352 832100352 832100352 832100352 832100352 832100352 832100352 
832100352 832100352 832100352 832100352 832100352 832100352 832100352 832100352 832100352 832100352 832100352 832100352 832100352 832100352 832100352 832100352 832100352 832100352 832100352 832100352 832100352 832100352 832100352 832100352 832100352 832100352 832100352 832100352 832100352 832100352 832100352 832100352 832100352 832100352 832100352 832100352 
832100352 832100352 832100352 832100352 832100352 832100352 832100352 832100352 832100352 832100352 832100352 832100352 832100352 832100352 832100352 832100352 832100352 832100352 832100352 832100352 832100352 832100352 832100352 832100352 832100352 832100352 832100352 832100352 832100352 832100352 832100352 832100352 832100352 832100352 832100352 832100352 
832100352 832100352 832100352 832100352 832100352 832100352 832100352 832100352 832100352 832100352 832100352 832100352 832100352 832100352 832100352 832100352 832100352 832100352 832100352 832100352 832100352 832100352 832100352 832100352 832100352 832100352 832100352 832100352 832100352 832100352 832100352 832100352 832100352 832100352 832100352 832100352 
832100352 832100352 832100352 832100352 832100352 832100352 832100352 832100352 832100352 832100352 832100352 832100352 832100352 832100352 832100352 832100352 832100352 832100352 832100352 832100352 832100352 832100352 832100352 832100352 832100352 832100352 832100352 832100352 832100352 832100352 832100352 832100352 832100352 832100352 832100352 832100352 
832100352 832100352 832100352 832100352 832100352 832100352 832100352 832100352 832100352 832100352 832100352 832100352 832100352 832100352 832100352 832100352 832100352 832100352 832100352 832100352 832100352 832100352 832100352 832100352 832100352 832100352 832100352 832100352 832100352 832100352 832100352 832100352 832100352 832100352 832100352 832100352 
832100352 832100352 832100352 832100352 832100352 832100352 832100352 832100352 832100352 832100352 832100352 832100352 832100352 832100352 832100352 832100352 832100352 832100352 832100352 832100352 832100352 832100352 832100352 832100352 832100352 832100352 832100352 832100352 832100352 832100352 832100352 832100352 832100352 832100352 832100352 832100352 
832100352 832100352 832100352 832100352 832100352 832100352 832100352 832100352 832100352 832100352 832100352 832100352 832100352 832100352 832100352 832100352 832100352 832100352 832100352 832100352 832100352 832100352 832100352 832100352 832100352 832100352 832100352 832100352 832100352 832100352 832100352 832100352 832100352 832100352 832100352 832100352 
832100352 832100352 832100352 832100352 832100352 832100352 832100352 832100352 832100352 832100352 832100352 832100352 832100352 832100352 832100352 832100352 832100352 832100352 832100352 832100352 832100352 832100352 832100352 832100352 832100352 832100352 832100352 832100352 832100352 832100352 832100352 832100352 832100352 832100352 832100352 832100352 
832100352 832100352 832100352 832100352 832100352 832100352 832100352 832100352 832100352 832100352 832100352 832100352 832100352 832100352 832100352 832100352 832100352 832100352 832100352 832100352 832100352 832100352 832100352 832100352 832100352 832100352 832100352 832100352 832100352 832100352 832100352 832100352 832100352 832100352 832100352 832100352 
832100352 832100352 832100352 832100352 832100352 832100352 832100352 832100352 832100352 832100352 832100352 832100352 832100352 832100352 832100352 832100352 832100352 832100352 832100352 832100352 832100352 832100352 832100352 832100352 832100352 832100352 832100352 832100352 832100352 832100352 832100352 832100352 832100352 832100352 832100352 832100352 
832100352 832100352 832100352 832100352 832100352 832100352 832100352 832100352 832100352 832100352 832100352 832100352 832100352 832100352 832100352 832100352 832100352 832100352 832100352 832100352 832100352 832100352 832100352 832100352 832100352 832100352 832100352 832100352 832100352 832100352 832100352 832100352 832100352 832100352 832100352 832100352 
832100352 832100352 832100352 832100352 832100352 832100352 832100352 832100352 832100352 832100352 832100352 832100352 832100352 832100352 832100352 832100352 832100352 832100352 832100352 832100352 832100352 832100352 832100352 832100352 832100352 832100352 832100352 832100352 832100352 832100352 832100352 832100352 832100352 832100352 832100352 832100352 
832100352 832100352 832100352 832100352 832100352 832100352 832100352 832100352 832100352 832100352 832100352 832100352 832100352 832100352 832100352 832100352 832100352 832100352 832100352 832100352 832100352 832100352 832100352 832100352 832100352 832100352 832100352 832100352 832100352 832100352 832100352 832100352 832100352 832100352 832100352 832100352 
832100352 832100352 832100352 832100352 832100352 832100352 832100352 832100352 832100352 832100352 832100352 832100352 832100352 832100352 832100352 832100352 832100352 832100352 832100352 832100352 832100352 832100352 832100352 832100352 832100352 832100352 832100352 832100352 832100352 832100352 832100352 832100352 832100352 832100352 832100352 832100352 
832100352 832100352 832100352 832100352 832100352 832100352 832100352 832100352 832100352 832100352 832100352 832100352 832100352 832100352 832100352 832100352 832100352 832100352 832100352 832100352 832100352 832100352 832100352 832100352 832100352 832100352 832100352 832100352 832100352 832100352 832100352 832100352 832100352 832100352 832100352 832100352 
832100352 832100352 832100352 832100352 832100352 832100352 832100352 832100352 832100352 832100352 832100352 832100352 832100352 832100352 832100352 832100352 832100352 832100352 832100352 832100352 832100352 832100352 832100352 832100352 832100352 832100352 832100352 832100352 832100352 832100352 832100352 832100352 832100352 832100352 832100352 832100352 
