832099092 832099088/n832100448 832100448 832100448 832100448 832100448 832100448 832100448 832100448 832100448 832100448 832100448 832100448 832100448 832100448 832100448 832100448 832100448 832100448 832100448 832100448 832100448 832100448 832100448 832100448 832100448 832100448 832100448 832100448 832100448 832100448 832100448 832100448 
832100448 832100448 832100448 832100448 832100448 832100448 832100448 832100448 832100448 832100448 832100448 832100448 832100448 832100448 832100448 832100448 832100448 832100448 832100448 832100448 832100448 832100448 832100448 832100448 832100448 832100448 832100448 832100448 832100448 832100448 832100448 832100448 
832100448 832100448 832100448 832100448 832100448 832100448 832100448 832100448 832100448 832100448 832100448 832100448 832100448 832100448 832100448 832100448 832100448 832100448 832100448 832100448 832100448 832100448 832100448 832100448 832100448 832100448 832100448 832100448 832100448 832100448 832100448 832100448 
832100448 832100448 832100448 832100448 832100448 832100448 832100448 832100448 832100448 832100448 832100448 832100448 832100448 832100448 832100448 832100448 832100448 832100448 832100448 832100448 832100448 832100448 832100448 832100448 832100448 832100448 832100448 832100448 832100448 832100448 832100448 832100448 
832100448 832100448 832100448 832100448 832100448 832100448 832100448 832100448 832100448 832100448 832100448 832100448 832100448 832100448 832100448 832100448 832100448 832100448 832100448 832100448 832100448 832100448 832100448 832100448 832100448 832100448 832100448 832100448 832100448 832100448 832100448 832100448 
832100448 832100448 832100448 832100448 832100448 832100448 832100448 832100448 832100448 832100448 832100448 832100448 832100448 832100448 832100448 832100448 832100448 832100448 832100448 832100448 832100448 832100448 832100448 832100448 832100448 832100448 832100448 832100448 832100448 832100448 832100448 832100448 
832100448 832100448 832100448 832100448 832100448 832100448 832100448 832100448 832100448 832100448 832100448 832100448 832100448 832100448 832100448 832100448 832100448 832100448 832100448 832100448 832100448 832100448 832100448 832100448 832100448 832100448 832100448 832100448 832100448 832100448 832100448 832100448 
832100448 832100448 832100448 832100448 832100448 832100448 832100448 832100448 832100448 832100448 832100448 832100448 832100448 832100448 832100448 832100448 832100448 832100448 832100448 832100448 832100448 832100448 832100448 832100448 832100448 832100448 832100448 832100448 832100448 832100448 832100448 832100448 
832100448 832100448 832100448 832100448 832100448 832100448 832100448 832100448 832100448 832100448 832100448 832100448 832100448 832100448 832100448 832100448 832100448 832100448 832100448 832100448 832100448 832100448 832100448 832100448 832100448 832100448 832100448 832100448 832100448 832100448 832100448 832100448 
832100448 832100448 832100448 832100448 832100448 832100448 832100448 832100448 832100448 832100448 832100448 832100448 832100448 832100448 832100448 832100448 832100448 832100448 832100448 832100448 832100448 832100448 832100448 832100448 832100448 832100448 832100448 832100448 832100448 832100448 832100448 832100448 
832100448 832100448 832100448 832100448 832100448 832100448 832100448 832100448 832100448 832100448 832100448 832100448 832100448 832100448 832100448 832100448 832100448 832100448 832100448 832100448 832100448 832100448 832100448 832100448 832100448 832100448 832100448 832100448 832100448 832100448 832100448 832100448 
832100448 832100448 832100448 832100448 832100448 832100448 832100448 832100448 832100448 832100448 832100448 832100448 832100448 832100448 832100448 832100448 832100448 832100448 832100448 832100448 832100448 832100448 832100448 832100448 832100448 832100448 832100448 832100448 832100448 832100448 832100448 832100448 
832100448 832100448 832100448 832100448 832100448 832100448 832100448 832100448 832100448 832100448 832100448 832100448 832100448 832100448 832100448 832100448 832100448 832100448 832100448 832100448 832100448 832100448 832100448 832100448 832100448 832100448 832100448 832100448 832100448 832100448 832100448 832100448 
832100448 832100448 832100448 832100448 832100448 832100448 832100448 832100448 832100448 832100448 832100448 832100448 832100448 832100448 832100448 832100448 832100448 832100448 832100448 832100448 832100448 832100448 832100448 832100448 832100448 832100448 832100448 832100448 832100448 832100448 832100448 832100448 
832100448 832100448 832100448 832100448 832100448 832100448 832100448 832100448 832100448 832100448 832100448 832100448 832100448 832100448 832100448 832100448 832100448 832100448 832100448 832100448 832100448 832100448 832100448 832100448 832100448 832100448 832100448 832100448 832100448 832100448 832100448 832100448 
832100448 832100448 832100448 832100448 832100448 832100448 832100448 832100448 832100448 832100448 832100448 832100448 832100448 832100448 832100448 832100448 832100448 832100448 832100448 832100448 832100448 832100448 832100448 832100448 832100448 832100448 832100448 832100448 832100448 832100448 832100448 832100448 
832100448 832100448 832100448 832100448 832100448 832100448 832100448 832100448 832100448 832100448 832100448 832100448 832100448 832100448 832100448 832100448 832100448 832100448 832100448 832100448 832100448 832100448 832100448 832100448 832100448 832100448 832100448 832100448 832100448 832100448 832100448 832100448 
832100448 832100448 832100448 832100448 832100448 832100448 832100448 832100448 832100448 832100448 832100448 832100448 832100448 832100448 832100448 832100448 832100448 832100448 832100448 832100448 832100448 832100448 832100448 832100448 832100448 832100448 832100448 832100448 832100448 832100448 832100448 832100448 
832100448 832100448 832100448 832100448 832100448 832100448 832100448 832100448 832100448 832100448 832100448 832100448 832100448 832100448 832100448 832100448 832100448 832100448 832100448 832100448 832100448 832100448 832100448 832100448 832100448 832100448 832100448 832100448 832100448 832100448 832100448 832100448 
832100448 832100448 832100448 832100448 832100448 832100448 832100448 832100448 832100448 832100448 832100448 832100448 832100448 832100448 832100448 832100448 832100448 832100448 832100448 832100448 832100448 832100448 832100448 832100448 832100448 832100448 832100448 832100448 832100448 832100448 832100448 832100448 
832100448 832100448 832100448 832100448 832100448 832100448 832100448 832100448 832100448 832100448 832100448 832100448 832100448 832100448 832100448 832100448 832100448 832100448 832100448 832100448 832100448 832100448 832100448 832100448 832100448 832100448 832100448 832100448 832100448 832100448 832100448 832100448 
832100448 832100448 832100448 832100448 832100448 832100448 832100448 832100448 832100448 832100448 832100448 832100448 832100448 832100448 832100448 832100448 832100448 832100448 832100448 832100448 832100448 832100448 832100448 832100448 832100448 832100448 832100448 832100448 832100448 832100448 832100448 832100448 
832100448 832100448 832100448 832100448 832100448 832100448 832100448 832100448 832100448 832100448 832100448 832100448 832100448 832100448 832100448 832100448 832100448 832100448 832100448 832100448 832100448 832100448 832100448 832100448 832100448 832100448 832100448 832100448 832100448 832100448 832100448 832100448 
832100448 832100448 832100448 832100448 832100448 832100448 832100448 832100448 832100448 832100448 832100448 832100448 832100448 832100448 832100448 832100448 832100448 832100448 832100448 832100448 832100448 832100448 832100448 832100448 832100448 832100448 832100448 832100448 832100448 832100448 832100448 832100448 
832100448 832100448 832100448 832100448 832100448 832100448 832100448 832100448 832100448 832100448 832100448 832100448 832100448 832100448 832100448 832100448 832100448 832100448 832100448 832100448 832100448 832100448 832100448 832100448 832100448 832100448 832100448 832100448 832100448 832100448 832100448 832100448 
832100448 832100448 832100448 832100448 832100448 832100448 832100448 832100448 832100448 832100448 832100448 832100448 832100448 832100448 832100448 832100448 832100448 832100448 832100448 832100448 832100448 832100448 832100448 832100448 832100448 832100448 832100448 832100448 832100448 832100448 832100448 832100448 
832100448 832100448 832100448 832100448 832100448 832100448 832100448 832100448 832100448 832100448 832100448 832100448 832100448 832100448 832100448 832100448 832100448 832100448 832100448 832100448 832100448 832100448 832100448 832100448 832100448 832100448 832100448 832100448 832100448 832100448 832100448 832100448 
832100448 832100448 832100448 832100448 832100448 832100448 832100448 832100448 832100448 832100448 832100448 832100448 832100448 832100448 832100448 832100448 832100448 832100448 832100448 832100448 832100448 832100448 832100448 832100448 832100448 832100448 832100448 832100448 832100448 832100448 832100448 832100448 
832100448 832100448 832100448 832100448 832100448 832100448 832100448 832100448 832100448 832100448 832100448 832100448 832100448 832100448 832100448 832100448 832100448 832100448 832100448 832100448 832100448 832100448 832100448 832100448 832100448 832100448 832100448 832100448 832100448 832100448 832100448 832100448 
832100448 832100448 832100448 832100448 832100448 832100448 832100448 832100448 832100448 832100448 832100448 832100448 832100448 832100448 832100448 832100448 832100448 832100448 832100448 832100448 832100448 832100448 832100448 832100448 832100448 832100448 832100448 832100448 832100448 832100448 832100448 832100448 
832100448 832100448 832100448 832100448 832100448 832100448 832100448 832100448 832100448 832100448 832100448 832100448 832100448 832100448 832100448 832100448 832100448 832100448 832100448 832100448 832100448 832100448 832100448 832100448 832100448 832100448 832100448 832100448 832100448 832100448 832100448 832100448 
832100448 832100448 832100448 832100448 832100448 832100448 832100448 832100448 832100448 832100448 832100448 832100448 832100448 832100448 832100448 832100448 832100448 832100448 832100448 832100448 832100448 832100448 832100448 832100448 832100448 832100448 832100448 832100448 832100448 832100448 832100448 832100448 
832100448 832100448 832100448 832100448 832100448 832100448 832100448 832100448 832100448 832100448 832100448 832100448 832100448 832100448 832100448 832100448 832100448 832100448 832100448 832100448 832100448 832100448 832100448 832100448 832100448 832100448 832100448 832100448 832100448 832100448 832100448 832100448 
832100448 832100448 832100448 832100448 832100448 832100448 832100448 832100448 832100448 832100448 832100448 832100448 832100448 832100448 832100448 832100448 832100448 832100448 832100448 832100448 832100448 832100448 832100448 832100448 832100448 832100448 832100448 832100448 832100448 832100448 832100448 832100448 
832100448 832100448 832100448 832100448 832100448 832100448 832100448 832100448 832100448 832100448 832100448 832100448 832100448 832100448 832100448 832100448 832100448 832100448 832100448 832100448 832100448 832100448 832100448 832100448 832100448 832100448 832100448 832100448 832100448 832100448 832100448 832100448 
832100448 832100448 832100448 832100448 832100448 832100448 832100448 832100448 832100448 832100448 832100448 832100448 832100448 832100448 832100448 832100448 832100448 832100448 832100448 832100448 832100448 832100448 832100448 832100448 832100448 832100448 832100448 832100448 832100448 832100448 832100448 832100448 
832100448 832100448 832100448 832100448 832100448 832100448 832100448 832100448 832100448 832100448 832100448 832100448 832100448 832100448 832100448 832100448 832100448 832100448 832100448 832100448 832100448 832100448 832100448 832100448 832100448 832100448 832100448 832100448 832100448 832100448 832100448 832100448 
832100448 832100448 832100448 832100448 832100448 832100448 832100448 832100448 832100448 832100448 832100448 832100448 832100448 832100448 832100448 832100448 832100448 832100448 832100448 832100448 832100448 832100448 832100448 832100448 832100448 832100448 832100448 832100448 832100448 832100448 832100448 832100448 
832100448 832100448 832100448 832100448 832100448 832100448 832100448 832100448 832100448 832100448 832100448 832100448 832100448 832100448 832100448 832100448 832100448 832100448 832100448 832100448 832100448 832100448 832100448 832100448 832100448 832100448 832100448 832100448 832100448 832100448 832100448 832100448 
832100448 832100448 832100448 832100448 832100448 832100448 832100448 832100448 832100448 832100448 832100448 832100448 832100448 832100448 832100448 832100448 832100448 832100448 832100448 832100448 832100448 832100448 832100448 832100448 832100448 832100448 832100448 832100448 832100448 832100448 832100448 832100448 
832100448 832100448 832100448 832100448 832100448 832100448 832100448 832100448 832100448 832100448 832100448 832100448 832100448 832100448 832100448 832100448 832100448 832100448 832100448 832100448 832100448 832100448 832100448 832100448 832100448 832100448 832100448 832100448 832100448 832100448 832100448 832100448 
832100448 832100448 832100448 832100448 832100448 832100448 832100448 832100448 832100448 832100448 832100448 832100448 832100448 832100448 832100448 832100448 832100448 832100448 832100448 832100448 832100448 832100448 832100448 832100448 832100448 832100448 832100448 832100448 832100448 832100448 832100448 832100448 
832100448 832100448 832100448 832100448 832100448 832100448 832100448 832100448 832100448 832100448 832100448 832100448 832100448 832100448 832100448 832100448 832100448 832100448 832100448 832100448 832100448 832100448 832100448 832100448 832100448 832100448 832100448 832100448 832100448 832100448 832100448 832100448 
832100448 832100448 832100448 832100448 832100448 832100448 832100448 832100448 832100448 832100448 832100448 832100448 832100448 832100448 832100448 832100448 832100448 832100448 832100448 832100448 832100448 832100448 832100448 832100448 832100448 832100448 832100448 832100448 832100448 832100448 832100448 832100448 
832100448 832100448 832100448 832100448 832100448 832100448 832100448 832100448 832100448 832100448 832100448 832100448 832100448 832100448 832100448 832100448 832100448 832100448 832100448 832100448 832100448 832100448 832100448 832100448 832100448 832100448 832100448 832100448 832100448 832100448 832100448 832100448 
832100448 832100448 832100448 832100448 832100448 832100448 832100448 832100448 832100448 832100448 832100448 832100448 832100448 832100448 832100448 832100448 832100448 832100448 832100448 832100448 832100448 832100448 832100448 832100448 832100448 832100448 832100448 832100448 832100448 832100448 832100448 832100448 
832100448 832100448 832100448 832100448 832100448 832100448 832100448 832100448 832100448 832100448 832100448 832100448 832100448 832100448 832100448 832100448 832100448 832100448 832100448 832100448 832100448 832100448 832100448 832100448 832100448 832100448 832100448 832100448 832100448 832100448 832100448 832100448 
832100448 832100448 832100448 832100448 832100448 832100448 832100448 832100448 832100448 832100448 832100448 832100448 832100448 832100448 832100448 832100448 832100448 832100448 832100448 832100448 832100448 832100448 832100448 832100448 832100448 832100448 832100448 832100448 832100448 832100448 832100448 832100448 
832100448 832100448 832100448 832100448 832100448 832100448 832100448 832100448 832100448 832100448 832100448 832100448 832100448 832100448 832100448 832100448 832100448 832100448 832100448 832100448 832100448 832100448 832100448 832100448 832100448 832100448 832100448 832100448 832100448 832100448 832100448 832100448 
832100448 832100448 832100448 832100448 832100448 832100448 832100448 832100448 832100448 832100448 832100448 832100448 832100448 832100448 832100448 832100448 832100448 832100448 832100448 832100448 832100448 832100448 832100448 832100448 832100448 832100448 832100448 832100448 832100448 832100448 832100448 832100448 
832100448 832100448 832100448 832100448 832100448 832100448 832100448 832100448 832100448 832100448 832100448 832100448 832100448 832100448 832100448 832100448 832100448 832100448 832100448 832100448 832100448 832100448 832100448 832100448 832100448 832100448 832100448 832100448 832100448 832100448 832100448 832100448 
832100448 832100448 832100448 832100448 832100448 832100448 832100448 832100448 832100448 832100448 832100448 832100448 832100448 832100448 832100448 832100448 832100448 832100448 832100448 832100448 832100448 832100448 832100448 832100448 832100448 832100448 832100448 832100448 832100448 832100448 832100448 832100448 
832100448 832100448 832100448 832100448 832100448 832100448 832100448 832100448 832100448 832100448 832100448 832100448 832100448 832100448 832100448 832100448 832100448 832100448 832100448 832100448 832100448 832100448 832100448 832100448 832100448 832100448 832100448 832100448 832100448 832100448 832100448 832100448 
832100448 832100448 832100448 832100448 832100448 832100448 832100448 832100448 832100448 832100448 832100448 832100448 832100448 832100448 832100448 832100448 832100448 832100448 832100448 832100448 832100448 832100448 832100448 832100448 832100448 832100448 832100448 832100448 832100448 832100448 832100448 832100448 
832100448 832100448 832100448 832100448 832100448 832100448 832100448 832100448 832100448 832100448 832100448 832100448 832100448 832100448 832100448 832100448 832100448 832100448 832100448 832100448 832100448 832100448 832100448 832100448 832100448 832100448 832100448 832100448 832100448 832100448 832100448 832100448 
832100448 832100448 832100448 832100448 832100448 832100448 832100448 832100448 832100448 832100448 832100448 832100448 832100448 832100448 832100448 832100448 832100448 832100448 832100448 832100448 832100448 832100448 832100448 832100448 832100448 832100448 832100448 832100448 832100448 832100448 832100448 832100448 
