832099092 832099088/n832099728 832099728 832099728 832099728 832099728 832099728 832099728 832099728 832099728 832099728 832099728 832099728 
832099728 832099728 832099728 832099728 832099728 832099728 832099728 832099728 832099728 832099728 832099728 832099728 
832099728 832099728 832099728 832099728 832099728 832099728 832099728 832099728 832099728 832099728 832099728 832099728 
832099728 832099728 832099728 832099728 832099728 832099728 832099728 832099728 832099728 832099728 832099728 832099728 
832099728 832099728 832099728 832099728 832099728 832099728 832099728 832099728 832099728 832099728 832099728 832099728 
832099728 832099728 832099728 832099728 832099728 832099728 832099728 832099728 832099728 832099728 832099728 832099728 
832099728 832099728 832099728 832099728 832099728 832099728 832099728 832099728 832099728 832099728 832099728 832099728 
832099728 832099728 832099728 832099728 832099728 832099728 832099728 832099728 832099728 832099728 832099728 832099728 
832099728 832099728 832099728 832099728 832099728 832099728 832099728 832099728 832099728 832099728 832099728 832099728 
832099728 832099728 832099728 832099728 832099728 832099728 832099728 832099728 832099728 832099728 832099728 832099728 
832099728 832099728 832099728 832099728 832099728 832099728 832099728 832099728 832099728 832099728 832099728 832099728 
832099728 832099728 832099728 832099728 832099728 832099728 832099728 832099728 832099728 832099728 832099728 832099728 
832099728 832099728 832099728 832099728 832099728 832099728 832099728 832099728 832099728 832099728 832099728 832099728 
832099728 832099728 832099728 832099728 832099728 832099728 832099728 832099728 832099728 832099728 832099728 832099728 
832099728 832099728 832099728 832099728 832099728 832099728 832099728 832099728 832099728 832099728 832099728 832099728 
832099728 832099728 832099728 832099728 832099728 832099728 832099728 832099728 832099728 832099728 832099728 832099728 
