832099092 832099088/n832100236 832100236 832100236 832100236 832100236 832100236 832100236 832100236 832100236 832100236 832100236 832100236 832100236 832100236 832100236 
832100236 832100236 832100236 832100236 832100236 832100236 832100236 832100236 832100236 832100236 832100236 832100236 832100236 832100236 832100236 
832100236 832100236 832100236 832100236 832100236 832100236 832100236 832100236 832100236 832100236 832100236 832100236 832100236 832100236 832100236 
832100236 832100236 832100236 832100236 832100236 832100236 832100236 832100236 832100236 832100236 832100236 832100236 832100236 832100236 832100236 
832100236 832100236 832100236 832100236 832100236 832100236 832100236 832100236 832100236 832100236 832100236 832100236 832100236 832100236 832100236 
832100236 832100236 832100236 832100236 832100236 832100236 832100236 832100236 832100236 832100236 832100236 832100236 832100236 832100236 832100236 
832100236 832100236 832100236 832100236 832100236 832100236 832100236 832100236 832100236 832100236 832100236 832100236 832100236 832100236 832100236 
832100236 832100236 832100236 832100236 832100236 832100236 832100236 832100236 832100236 832100236 832100236 832100236 832100236 832100236 832100236 
832100236 832100236 832100236 832100236 832100236 832100236 832100236 832100236 832100236 832100236 832100236 832100236 832100236 832100236 832100236 
832100236 832100236 832100236 832100236 832100236 832100236 832100236 832100236 832100236 832100236 832100236 832100236 832100236 832100236 832100236 
832100236 832100236 832100236 832100236 832100236 832100236 832100236 832100236 832100236 832100236 832100236 832100236 832100236 832100236 832100236 
832100236 832100236 832100236 832100236 832100236 832100236 832100236 832100236 832100236 832100236 832100236 832100236 832100236 832100236 832100236 
832100236 832100236 832100236 832100236 832100236 832100236 832100236 832100236 832100236 832100236 832100236 832100236 832100236 832100236 832100236 
832100236 832100236 832100236 832100236 832100236 832100236 832100236 832100236 832100236 832100236 832100236 832100236 832100236 832100236 832100236 
832100236 832100236 832100236 832100236 832100236 832100236 832100236 832100236 832100236 832100236 832100236 832100236 832100236 832100236 832100236 
832100236 832100236 832100236 832100236 832100236 832100236 832100236 832100236 832100236 832100236 832100236 832100236 832100236 832100236 832100236 
832100236 832100236 832100236 832100236 832100236 832100236 832100236 832100236 832100236 832100236 832100236 832100236 832100236 832100236 832100236 
832100236 832100236 832100236 832100236 832100236 832100236 832100236 832100236 832100236 832100236 832100236 832100236 832100236 832100236 832100236 
832100236 832100236 832100236 832100236 832100236 832100236 832100236 832100236 832100236 832100236 832100236 832100236 832100236 832100236 832100236 
832100236 832100236 832100236 832100236 832100236 832100236 832100236 832100236 832100236 832100236 832100236 832100236 832100236 832100236 832100236 
832100236 832100236 832100236 832100236 832100236 832100236 832100236 832100236 832100236 832100236 832100236 832100236 832100236 832100236 832100236 
832100236 832100236 832100236 832100236 832100236 832100236 832100236 832100236 832100236 832100236 832100236 832100236 832100236 832100236 832100236 
832100236 832100236 832100236 832100236 832100236 832100236 832100236 832100236 832100236 832100236 832100236 832100236 832100236 832100236 832100236 
832100236 832100236 832100236 832100236 832100236 832100236 832100236 832100236 832100236 832100236 832100236 832100236 832100236 832100236 832100236 
832100236 832100236 832100236 832100236 832100236 832100236 832100236 832100236 832100236 832100236 832100236 832100236 832100236 832100236 832100236 
832100236 832100236 832100236 832100236 832100236 832100236 832100236 832100236 832100236 832100236 832100236 832100236 832100236 832100236 832100236 
832100236 832100236 832100236 832100236 832100236 832100236 832100236 832100236 832100236 832100236 832100236 832100236 832100236 832100236 832100236 
832100236 832100236 832100236 832100236 832100236 832100236 832100236 832100236 832100236 832100236 832100236 832100236 832100236 832100236 832100236 
832100236 832100236 832100236 832100236 832100236 832100236 832100236 832100236 832100236 832100236 832100236 832100236 832100236 832100236 832100236 
832100236 832100236 832100236 832100236 832100236 832100236 832100236 832100236 832100236 832100236 832100236 832100236 832100236 832100236 832100236 
832100236 832100236 832100236 832100236 832100236 832100236 832100236 832100236 832100236 832100236 832100236 832100236 832100236 832100236 832100236 
832100236 832100236 832100236 832100236 832100236 832100236 832100236 832100236 832100236 832100236 832100236 832100236 832100236 832100236 832100236 
832100236 832100236 832100236 832100236 832100236 832100236 832100236 832100236 832100236 832100236 832100236 832100236 832100236 832100236 832100236 
832100236 832100236 832100236 832100236 832100236 832100236 832100236 832100236 832100236 832100236 832100236 832100236 832100236 832100236 832100236 
832100236 832100236 832100236 832100236 832100236 832100236 832100236 832100236 832100236 832100236 832100236 832100236 832100236 832100236 832100236 
832100236 832100236 832100236 832100236 832100236 832100236 832100236 832100236 832100236 832100236 832100236 832100236 832100236 832100236 832100236 
832100236 832100236 832100236 832100236 832100236 832100236 832100236 832100236 832100236 832100236 832100236 832100236 832100236 832100236 832100236 
832100236 832100236 832100236 832100236 832100236 832100236 832100236 832100236 832100236 832100236 832100236 832100236 832100236 832100236 832100236 
832100236 832100236 832100236 832100236 832100236 832100236 832100236 832100236 832100236 832100236 832100236 832100236 832100236 832100236 832100236 
832100236 832100236 832100236 832100236 832100236 832100236 832100236 832100236 832100236 832100236 832100236 832100236 832100236 832100236 832100236 
832100236 832100236 832100236 832100236 832100236 832100236 832100236 832100236 832100236 832100236 832100236 832100236 832100236 832100236 832100236 
832100236 832100236 832100236 832100236 832100236 832100236 832100236 832100236 832100236 832100236 832100236 832100236 832100236 832100236 832100236 
832100236 832100236 832100236 832100236 832100236 832100236 832100236 832100236 832100236 832100236 832100236 832100236 832100236 832100236 832100236 
832100236 832100236 832100236 832100236 832100236 832100236 832100236 832100236 832100236 832100236 832100236 832100236 832100236 832100236 832100236 
832100236 832100236 832100236 832100236 832100236 832100236 832100236 832100236 832100236 832100236 832100236 832100236 832100236 832100236 832100236 
832100236 832100236 832100236 832100236 832100236 832100236 832100236 832100236 832100236 832100236 832100236 832100236 832100236 832100236 832100236 
832100236 832100236 832100236 832100236 832100236 832100236 832100236 832100236 832100236 832100236 832100236 832100236 832100236 832100236 832100236 
