832099092 832099088/n832100040 832100040 832100040 832100040 832100040 832100040 832100040 832100040 832100040 832100040 832100040 832100040 832100040 832100040 832100040 832100040 832100040 832100040 832100040 832100040 832100040 832100040 
832100040 832100040 832100040 832100040 832100040 832100040 832100040 832100040 832100040 832100040 832100040 832100040 832100040 832100040 832100040 832100040 832100040 832100040 832100040 832100040 832100040 832100040 
832100040 832100040 832100040 832100040 832100040 832100040 832100040 832100040 832100040 832100040 832100040 832100040 832100040 832100040 832100040 832100040 832100040 832100040 832100040 832100040 832100040 832100040 
832100040 832100040 832100040 832100040 832100040 832100040 832100040 832100040 832100040 832100040 832100040 832100040 832100040 832100040 832100040 832100040 832100040 832100040 832100040 832100040 832100040 832100040 
832100040 832100040 832100040 832100040 832100040 832100040 832100040 832100040 832100040 832100040 832100040 832100040 832100040 832100040 832100040 832100040 832100040 832100040 832100040 832100040 832100040 832100040 
832100040 832100040 832100040 832100040 832100040 832100040 832100040 832100040 832100040 832100040 832100040 832100040 832100040 832100040 832100040 832100040 832100040 832100040 832100040 832100040 832100040 832100040 
832100040 832100040 832100040 832100040 832100040 832100040 832100040 832100040 832100040 832100040 832100040 832100040 832100040 832100040 832100040 832100040 832100040 832100040 832100040 832100040 832100040 832100040 
832100040 832100040 832100040 832100040 832100040 832100040 832100040 832100040 832100040 832100040 832100040 832100040 832100040 832100040 832100040 832100040 832100040 832100040 832100040 832100040 832100040 832100040 
832100040 832100040 832100040 832100040 832100040 832100040 832100040 832100040 832100040 832100040 832100040 832100040 832100040 832100040 832100040 832100040 832100040 832100040 832100040 832100040 832100040 832100040 
832100040 832100040 832100040 832100040 832100040 832100040 832100040 832100040 832100040 832100040 832100040 832100040 832100040 832100040 832100040 832100040 832100040 832100040 832100040 832100040 832100040 832100040 
832100040 832100040 832100040 832100040 832100040 832100040 832100040 832100040 832100040 832100040 832100040 832100040 832100040 832100040 832100040 832100040 832100040 832100040 832100040 832100040 832100040 832100040 
832100040 832100040 832100040 832100040 832100040 832100040 832100040 832100040 832100040 832100040 832100040 832100040 832100040 832100040 832100040 832100040 832100040 832100040 832100040 832100040 832100040 832100040 
832100040 832100040 832100040 832100040 832100040 832100040 832100040 832100040 832100040 832100040 832100040 832100040 832100040 832100040 832100040 832100040 832100040 832100040 832100040 832100040 832100040 832100040 
832100040 832100040 832100040 832100040 832100040 832100040 832100040 832100040 832100040 832100040 832100040 832100040 832100040 832100040 832100040 832100040 832100040 832100040 832100040 832100040 832100040 832100040 
832100040 832100040 832100040 832100040 832100040 832100040 832100040 832100040 832100040 832100040 832100040 832100040 832100040 832100040 832100040 832100040 832100040 832100040 832100040 832100040 832100040 832100040 
832100040 832100040 832100040 832100040 832100040 832100040 832100040 832100040 832100040 832100040 832100040 832100040 832100040 832100040 832100040 832100040 832100040 832100040 832100040 832100040 832100040 832100040 
832100040 832100040 832100040 832100040 832100040 832100040 832100040 832100040 832100040 832100040 832100040 832100040 832100040 832100040 832100040 832100040 832100040 832100040 832100040 832100040 832100040 832100040 
832100040 832100040 832100040 832100040 832100040 832100040 832100040 832100040 832100040 832100040 832100040 832100040 832100040 832100040 832100040 832100040 832100040 832100040 832100040 832100040 832100040 832100040 
832100040 832100040 832100040 832100040 832100040 832100040 832100040 832100040 832100040 832100040 832100040 832100040 832100040 832100040 832100040 832100040 832100040 832100040 832100040 832100040 832100040 832100040 
832100040 832100040 832100040 832100040 832100040 832100040 832100040 832100040 832100040 832100040 832100040 832100040 832100040 832100040 832100040 832100040 832100040 832100040 832100040 832100040 832100040 832100040 
832100040 832100040 832100040 832100040 832100040 832100040 832100040 832100040 832100040 832100040 832100040 832100040 832100040 832100040 832100040 832100040 832100040 832100040 832100040 832100040 832100040 832100040 
832100040 832100040 832100040 832100040 832100040 832100040 832100040 832100040 832100040 832100040 832100040 832100040 832100040 832100040 832100040 832100040 832100040 832100040 832100040 832100040 832100040 832100040 
832100040 832100040 832100040 832100040 832100040 832100040 832100040 832100040 832100040 832100040 832100040 832100040 832100040 832100040 832100040 832100040 832100040 832100040 832100040 832100040 832100040 832100040 
832100040 832100040 832100040 832100040 832100040 832100040 832100040 832100040 832100040 832100040 832100040 832100040 832100040 832100040 832100040 832100040 832100040 832100040 832100040 832100040 832100040 832100040 
832100040 832100040 832100040 832100040 832100040 832100040 832100040 832100040 832100040 832100040 832100040 832100040 832100040 832100040 832100040 832100040 832100040 832100040 832100040 832100040 832100040 832100040 
832100040 832100040 832100040 832100040 832100040 832100040 832100040 832100040 832100040 832100040 832100040 832100040 832100040 832100040 832100040 832100040 832100040 832100040 832100040 832100040 832100040 832100040 
832100040 832100040 832100040 832100040 832100040 832100040 832100040 832100040 832100040 832100040 832100040 832100040 832100040 832100040 832100040 832100040 832100040 832100040 832100040 832100040 832100040 832100040 
832100040 832100040 832100040 832100040 832100040 832100040 832100040 832100040 832100040 832100040 832100040 832100040 832100040 832100040 832100040 832100040 832100040 832100040 832100040 832100040 832100040 832100040 
832100040 832100040 832100040 832100040 832100040 832100040 832100040 832100040 832100040 832100040 832100040 832100040 832100040 832100040 832100040 832100040 832100040 832100040 832100040 832100040 832100040 832100040 
832100040 832100040 832100040 832100040 832100040 832100040 832100040 832100040 832100040 832100040 832100040 832100040 832100040 832100040 832100040 832100040 832100040 832100040 832100040 832100040 832100040 832100040 
832100040 832100040 832100040 832100040 832100040 832100040 832100040 832100040 832100040 832100040 832100040 832100040 832100040 832100040 832100040 832100040 832100040 832100040 832100040 832100040 832100040 832100040 
832100040 832100040 832100040 832100040 832100040 832100040 832100040 832100040 832100040 832100040 832100040 832100040 832100040 832100040 832100040 832100040 832100040 832100040 832100040 832100040 832100040 832100040 
832100040 832100040 832100040 832100040 832100040 832100040 832100040 832100040 832100040 832100040 832100040 832100040 832100040 832100040 832100040 832100040 832100040 832100040 832100040 832100040 832100040 832100040 
