832099092 832099088/n832099808 832099808 832099808 832099808 832099808 832099808 832099808 832099808 832099808 832099808 832099808 832099808 
832099808 832099808 832099808 832099808 832099808 832099808 832099808 832099808 832099808 832099808 832099808 832099808 
832099808 832099808 832099808 832099808 832099808 832099808 832099808 832099808 832099808 832099808 832099808 832099808 
832099808 832099808 832099808 832099808 832099808 832099808 832099808 832099808 832099808 832099808 832099808 832099808 
832099808 832099808 832099808 832099808 832099808 832099808 832099808 832099808 832099808 832099808 832099808 832099808 
832099808 832099808 832099808 832099808 832099808 832099808 832099808 832099808 832099808 832099808 832099808 832099808 
832099808 832099808 832099808 832099808 832099808 832099808 832099808 832099808 832099808 832099808 832099808 832099808 
832099808 832099808 832099808 832099808 832099808 832099808 832099808 832099808 832099808 832099808 832099808 832099808 
832099808 832099808 832099808 832099808 832099808 832099808 832099808 832099808 832099808 832099808 832099808 832099808 
832099808 832099808 832099808 832099808 832099808 832099808 832099808 832099808 832099808 832099808 832099808 832099808 
832099808 832099808 832099808 832099808 832099808 832099808 832099808 832099808 832099808 832099808 832099808 832099808 
832099808 832099808 832099808 832099808 832099808 832099808 832099808 832099808 832099808 832099808 832099808 832099808 
832099808 832099808 832099808 832099808 832099808 832099808 832099808 832099808 832099808 832099808 832099808 832099808 
832099808 832099808 832099808 832099808 832099808 832099808 832099808 832099808 832099808 832099808 832099808 832099808 
832099808 832099808 832099808 832099808 832099808 832099808 832099808 832099808 832099808 832099808 832099808 832099808 
832099808 832099808 832099808 832099808 832099808 832099808 832099808 832099808 832099808 832099808 832099808 832099808 
832099808 832099808 832099808 832099808 832099808 832099808 832099808 832099808 832099808 832099808 832099808 832099808 
832099808 832099808 832099808 832099808 832099808 832099808 832099808 832099808 832099808 832099808 832099808 832099808 
832099808 832099808 832099808 832099808 832099808 832099808 832099808 832099808 832099808 832099808 832099808 832099808 
832099808 832099808 832099808 832099808 832099808 832099808 832099808 832099808 832099808 832099808 832099808 832099808 
832099808 832099808 832099808 832099808 832099808 832099808 832099808 832099808 832099808 832099808 832099808 832099808 
