832099092 832099088/n832099916 832099916 832099916 832099916 832099916 832099916 832099916 832099916 832099916 832099916 832099916 832099916 832099916 832099916 832099916 832099916 832099916 832099916 832099916 832099916 832099916 832099916 832099916 
832099916 832099916 832099916 832099916 832099916 832099916 832099916 832099916 832099916 832099916 832099916 832099916 832099916 832099916 832099916 832099916 832099916 832099916 832099916 832099916 832099916 832099916 832099916 
832099916 832099916 832099916 832099916 832099916 832099916 832099916 832099916 832099916 832099916 832099916 832099916 832099916 832099916 832099916 832099916 832099916 832099916 832099916 832099916 832099916 832099916 832099916 
832099916 832099916 832099916 832099916 832099916 832099916 832099916 832099916 832099916 832099916 832099916 832099916 832099916 832099916 832099916 832099916 832099916 832099916 832099916 832099916 832099916 832099916 832099916 
832099916 832099916 832099916 832099916 832099916 832099916 832099916 832099916 832099916 832099916 832099916 832099916 832099916 832099916 832099916 832099916 832099916 832099916 832099916 832099916 832099916 832099916 832099916 
832099916 832099916 832099916 832099916 832099916 832099916 832099916 832099916 832099916 832099916 832099916 832099916 832099916 832099916 832099916 832099916 832099916 832099916 832099916 832099916 832099916 832099916 832099916 
832099916 832099916 832099916 832099916 832099916 832099916 832099916 832099916 832099916 832099916 832099916 832099916 832099916 832099916 832099916 832099916 832099916 832099916 832099916 832099916 832099916 832099916 832099916 
832099916 832099916 832099916 832099916 832099916 832099916 832099916 832099916 832099916 832099916 832099916 832099916 832099916 832099916 832099916 832099916 832099916 832099916 832099916 832099916 832099916 832099916 832099916 
832099916 832099916 832099916 832099916 832099916 832099916 832099916 832099916 832099916 832099916 832099916 832099916 832099916 832099916 832099916 832099916 832099916 832099916 832099916 832099916 832099916 832099916 832099916 
832099916 832099916 832099916 832099916 832099916 832099916 832099916 832099916 832099916 832099916 832099916 832099916 832099916 832099916 832099916 832099916 832099916 832099916 832099916 832099916 832099916 832099916 832099916 
832099916 832099916 832099916 832099916 832099916 832099916 832099916 832099916 832099916 832099916 832099916 832099916 832099916 832099916 832099916 832099916 832099916 832099916 832099916 832099916 832099916 832099916 832099916 
832099916 832099916 832099916 832099916 832099916 832099916 832099916 832099916 832099916 832099916 832099916 832099916 832099916 832099916 832099916 832099916 832099916 832099916 832099916 832099916 832099916 832099916 832099916 
832099916 832099916 832099916 832099916 832099916 832099916 832099916 832099916 832099916 832099916 832099916 832099916 832099916 832099916 832099916 832099916 832099916 832099916 832099916 832099916 832099916 832099916 832099916 
832099916 832099916 832099916 832099916 832099916 832099916 832099916 832099916 832099916 832099916 832099916 832099916 832099916 832099916 832099916 832099916 832099916 832099916 832099916 832099916 832099916 832099916 832099916 
832099916 832099916 832099916 832099916 832099916 832099916 832099916 832099916 832099916 832099916 832099916 832099916 832099916 832099916 832099916 832099916 832099916 832099916 832099916 832099916 832099916 832099916 832099916 
832099916 832099916 832099916 832099916 832099916 832099916 832099916 832099916 832099916 832099916 832099916 832099916 832099916 832099916 832099916 832099916 832099916 832099916 832099916 832099916 832099916 832099916 832099916 
832099916 832099916 832099916 832099916 832099916 832099916 832099916 832099916 832099916 832099916 832099916 832099916 832099916 832099916 832099916 832099916 832099916 832099916 832099916 832099916 832099916 832099916 832099916 
832099916 832099916 832099916 832099916 832099916 832099916 832099916 832099916 832099916 832099916 832099916 832099916 832099916 832099916 832099916 832099916 832099916 832099916 832099916 832099916 832099916 832099916 832099916 
832099916 832099916 832099916 832099916 832099916 832099916 832099916 832099916 832099916 832099916 832099916 832099916 832099916 832099916 832099916 832099916 832099916 832099916 832099916 832099916 832099916 832099916 832099916 
832099916 832099916 832099916 832099916 832099916 832099916 832099916 832099916 832099916 832099916 832099916 832099916 832099916 832099916 832099916 832099916 832099916 832099916 832099916 832099916 832099916 832099916 832099916 
832099916 832099916 832099916 832099916 832099916 832099916 832099916 832099916 832099916 832099916 832099916 832099916 832099916 832099916 832099916 832099916 832099916 832099916 832099916 832099916 832099916 832099916 832099916 
832099916 832099916 832099916 832099916 832099916 832099916 832099916 832099916 832099916 832099916 832099916 832099916 832099916 832099916 832099916 832099916 832099916 832099916 832099916 832099916 832099916 832099916 832099916 
832099916 832099916 832099916 832099916 832099916 832099916 832099916 832099916 832099916 832099916 832099916 832099916 832099916 832099916 832099916 832099916 832099916 832099916 832099916 832099916 832099916 832099916 832099916 
832099916 832099916 832099916 832099916 832099916 832099916 832099916 832099916 832099916 832099916 832099916 832099916 832099916 832099916 832099916 832099916 832099916 832099916 832099916 832099916 832099916 832099916 832099916 
832099916 832099916 832099916 832099916 832099916 832099916 832099916 832099916 832099916 832099916 832099916 832099916 832099916 832099916 832099916 832099916 832099916 832099916 832099916 832099916 832099916 832099916 832099916 
