832099092 832099088/n832099956 832099956 832099956 832099956 832099956 832099956 832099956 832099956 832099956 832099956 832099956 832099956 832099956 832099956 832099956 832099956 832099956 832099956 832099956 832099956 832099956 832099956 832099956 832099956 832099956 
832099956 832099956 832099956 832099956 832099956 832099956 832099956 832099956 832099956 832099956 832099956 832099956 832099956 832099956 832099956 832099956 832099956 832099956 832099956 832099956 832099956 832099956 832099956 832099956 832099956 
832099956 832099956 832099956 832099956 832099956 832099956 832099956 832099956 832099956 832099956 832099956 832099956 832099956 832099956 832099956 832099956 832099956 832099956 832099956 832099956 832099956 832099956 832099956 832099956 832099956 
832099956 832099956 832099956 832099956 832099956 832099956 832099956 832099956 832099956 832099956 832099956 832099956 832099956 832099956 832099956 832099956 832099956 832099956 832099956 832099956 832099956 832099956 832099956 832099956 832099956 
832099956 832099956 832099956 832099956 832099956 832099956 832099956 832099956 832099956 832099956 832099956 832099956 832099956 832099956 832099956 832099956 832099956 832099956 832099956 832099956 832099956 832099956 832099956 832099956 832099956 
832099956 832099956 832099956 832099956 832099956 832099956 832099956 832099956 832099956 832099956 832099956 832099956 832099956 832099956 832099956 832099956 832099956 832099956 832099956 832099956 832099956 832099956 832099956 832099956 832099956 
832099956 832099956 832099956 832099956 832099956 832099956 832099956 832099956 832099956 832099956 832099956 832099956 832099956 832099956 832099956 832099956 832099956 832099956 832099956 832099956 832099956 832099956 832099956 832099956 832099956 
832099956 832099956 832099956 832099956 832099956 832099956 832099956 832099956 832099956 832099956 832099956 832099956 832099956 832099956 832099956 832099956 832099956 832099956 832099956 832099956 832099956 832099956 832099956 832099956 832099956 
832099956 832099956 832099956 832099956 832099956 832099956 832099956 832099956 832099956 832099956 832099956 832099956 832099956 832099956 832099956 832099956 832099956 832099956 832099956 832099956 832099956 832099956 832099956 832099956 832099956 
832099956 832099956 832099956 832099956 832099956 832099956 832099956 832099956 832099956 832099956 832099956 832099956 832099956 832099956 832099956 832099956 832099956 832099956 832099956 832099956 832099956 832099956 832099956 832099956 832099956 
832099956 832099956 832099956 832099956 832099956 832099956 832099956 832099956 832099956 832099956 832099956 832099956 832099956 832099956 832099956 832099956 832099956 832099956 832099956 832099956 832099956 832099956 832099956 832099956 832099956 
832099956 832099956 832099956 832099956 832099956 832099956 832099956 832099956 832099956 832099956 832099956 832099956 832099956 832099956 832099956 832099956 832099956 832099956 832099956 832099956 832099956 832099956 832099956 832099956 832099956 
832099956 832099956 832099956 832099956 832099956 832099956 832099956 832099956 832099956 832099956 832099956 832099956 832099956 832099956 832099956 832099956 832099956 832099956 832099956 832099956 832099956 832099956 832099956 832099956 832099956 
832099956 832099956 832099956 832099956 832099956 832099956 832099956 832099956 832099956 832099956 832099956 832099956 832099956 832099956 832099956 832099956 832099956 832099956 832099956 832099956 832099956 832099956 832099956 832099956 832099956 
832099956 832099956 832099956 832099956 832099956 832099956 832099956 832099956 832099956 832099956 832099956 832099956 832099956 832099956 832099956 832099956 832099956 832099956 832099956 832099956 832099956 832099956 832099956 832099956 832099956 
832099956 832099956 832099956 832099956 832099956 832099956 832099956 832099956 832099956 832099956 832099956 832099956 832099956 832099956 832099956 832099956 832099956 832099956 832099956 832099956 832099956 832099956 832099956 832099956 832099956 
832099956 832099956 832099956 832099956 832099956 832099956 832099956 832099956 832099956 832099956 832099956 832099956 832099956 832099956 832099956 832099956 832099956 832099956 832099956 832099956 832099956 832099956 832099956 832099956 832099956 
832099956 832099956 832099956 832099956 832099956 832099956 832099956 832099956 832099956 832099956 832099956 832099956 832099956 832099956 832099956 832099956 832099956 832099956 832099956 832099956 832099956 832099956 832099956 832099956 832099956 
832099956 832099956 832099956 832099956 832099956 832099956 832099956 832099956 832099956 832099956 832099956 832099956 832099956 832099956 832099956 832099956 832099956 832099956 832099956 832099956 832099956 832099956 832099956 832099956 832099956 
832099956 832099956 832099956 832099956 832099956 832099956 832099956 832099956 832099956 832099956 832099956 832099956 832099956 832099956 832099956 832099956 832099956 832099956 832099956 832099956 832099956 832099956 832099956 832099956 832099956 
832099956 832099956 832099956 832099956 832099956 832099956 832099956 832099956 832099956 832099956 832099956 832099956 832099956 832099956 832099956 832099956 832099956 832099956 832099956 832099956 832099956 832099956 832099956 832099956 832099956 
832099956 832099956 832099956 832099956 832099956 832099956 832099956 832099956 832099956 832099956 832099956 832099956 832099956 832099956 832099956 832099956 832099956 832099956 832099956 832099956 832099956 832099956 832099956 832099956 832099956 
832099956 832099956 832099956 832099956 832099956 832099956 832099956 832099956 832099956 832099956 832099956 832099956 832099956 832099956 832099956 832099956 832099956 832099956 832099956 832099956 832099956 832099956 832099956 832099956 832099956 
832099956 832099956 832099956 832099956 832099956 832099956 832099956 832099956 832099956 832099956 832099956 832099956 832099956 832099956 832099956 832099956 832099956 832099956 832099956 832099956 832099956 832099956 832099956 832099956 832099956 
832099956 832099956 832099956 832099956 832099956 832099956 832099956 832099956 832099956 832099956 832099956 832099956 832099956 832099956 832099956 832099956 832099956 832099956 832099956 832099956 832099956 832099956 832099956 832099956 832099956 
832099956 832099956 832099956 832099956 832099956 832099956 832099956 832099956 832099956 832099956 832099956 832099956 832099956 832099956 832099956 832099956 832099956 832099956 832099956 832099956 832099956 832099956 832099956 832099956 832099956 
832099956 832099956 832099956 832099956 832099956 832099956 832099956 832099956 832099956 832099956 832099956 832099956 832099956 832099956 832099956 832099956 832099956 832099956 832099956 832099956 832099956 832099956 832099956 832099956 832099956 
