832099092 832099088/n832099860 832099860 832099860 832099860 832099860 832099860 832099860 832099860 832099860 
832099860 832099860 832099860 832099860 832099860 832099860 832099860 832099860 832099860 
832099860 832099860 832099860 832099860 832099860 832099860 832099860 832099860 832099860 
832099860 832099860 832099860 832099860 832099860 832099860 832099860 832099860 832099860 
832099860 832099860 832099860 832099860 832099860 832099860 832099860 832099860 832099860 
832099860 832099860 832099860 832099860 832099860 832099860 832099860 832099860 832099860 
832099860 832099860 832099860 832099860 832099860 832099860 832099860 832099860 832099860 
832099860 832099860 832099860 832099860 832099860 832099860 832099860 832099860 832099860 
832099860 832099860 832099860 832099860 832099860 832099860 832099860 832099860 832099860 
832099860 832099860 832099860 832099860 832099860 832099860 832099860 832099860 832099860 
832099860 832099860 832099860 832099860 832099860 832099860 832099860 832099860 832099860 
832099860 832099860 832099860 832099860 832099860 832099860 832099860 832099860 832099860 
832099860 832099860 832099860 832099860 832099860 832099860 832099860 832099860 832099860 
832099860 832099860 832099860 832099860 832099860 832099860 832099860 832099860 832099860 
832099860 832099860 832099860 832099860 832099860 832099860 832099860 832099860 832099860 
832099860 832099860 832099860 832099860 832099860 832099860 832099860 832099860 832099860 
832099860 832099860 832099860 832099860 832099860 832099860 832099860 832099860 832099860 
832099860 832099860 832099860 832099860 832099860 832099860 832099860 832099860 832099860 
832099860 832099860 832099860 832099860 832099860 832099860 832099860 832099860 832099860 
832099860 832099860 832099860 832099860 832099860 832099860 832099860 832099860 832099860 
832099860 832099860 832099860 832099860 832099860 832099860 832099860 832099860 832099860 
832099860 832099860 832099860 832099860 832099860 832099860 832099860 832099860 832099860 
832099860 832099860 832099860 832099860 832099860 832099860 832099860 832099860 832099860 
832099860 832099860 832099860 832099860 832099860 832099860 832099860 832099860 832099860 
832099860 832099860 832099860 832099860 832099860 832099860 832099860 832099860 832099860 
