832099092 832099088/n832100200 832100200 832100200 832100200 832100200 832100200 832100200 832100200 832100200 832100200 832100200 832100200 832100200 832100200 832100200 832100200 832100200 832100200 832100200 832100200 832100200 832100200 832100200 832100200 832100200 832100200 832100200 832100200 832100200 832100200 832100200 832100200 832100200 832100200 
832100200 832100200 832100200 832100200 832100200 832100200 832100200 832100200 832100200 832100200 832100200 832100200 832100200 832100200 832100200 832100200 832100200 832100200 832100200 832100200 832100200 832100200 832100200 832100200 832100200 832100200 832100200 832100200 832100200 832100200 832100200 832100200 832100200 832100200 
832100200 832100200 832100200 832100200 832100200 832100200 832100200 832100200 832100200 832100200 832100200 832100200 832100200 832100200 832100200 832100200 832100200 832100200 832100200 832100200 832100200 832100200 832100200 832100200 832100200 832100200 832100200 832100200 832100200 832100200 832100200 832100200 832100200 832100200 
832100200 832100200 832100200 832100200 832100200 832100200 832100200 832100200 832100200 832100200 832100200 832100200 832100200 832100200 832100200 832100200 832100200 832100200 832100200 832100200 832100200 832100200 832100200 832100200 832100200 832100200 832100200 832100200 832100200 832100200 832100200 832100200 832100200 832100200 
832100200 832100200 832100200 832100200 832100200 832100200 832100200 832100200 832100200 832100200 832100200 832100200 832100200 832100200 832100200 832100200 832100200 832100200 832100200 832100200 832100200 832100200 832100200 832100200 832100200 832100200 832100200 832100200 832100200 832100200 832100200 832100200 832100200 832100200 
832100200 832100200 832100200 832100200 832100200 832100200 832100200 832100200 832100200 832100200 832100200 832100200 832100200 832100200 832100200 832100200 832100200 832100200 832100200 832100200 832100200 832100200 832100200 832100200 832100200 832100200 832100200 832100200 832100200 832100200 832100200 832100200 832100200 832100200 
832100200 832100200 832100200 832100200 832100200 832100200 832100200 832100200 832100200 832100200 832100200 832100200 832100200 832100200 832100200 832100200 832100200 832100200 832100200 832100200 832100200 832100200 832100200 832100200 832100200 832100200 832100200 832100200 832100200 832100200 832100200 832100200 832100200 832100200 
832100200 832100200 832100200 832100200 832100200 832100200 832100200 832100200 832100200 832100200 832100200 832100200 832100200 832100200 832100200 832100200 832100200 832100200 832100200 832100200 832100200 832100200 832100200 832100200 832100200 832100200 832100200 832100200 832100200 832100200 832100200 832100200 832100200 832100200 
832100200 832100200 832100200 832100200 832100200 832100200 832100200 832100200 832100200 832100200 832100200 832100200 832100200 832100200 832100200 832100200 832100200 832100200 832100200 832100200 832100200 832100200 832100200 832100200 832100200 832100200 832100200 832100200 832100200 832100200 832100200 832100200 832100200 832100200 
832100200 832100200 832100200 832100200 832100200 832100200 832100200 832100200 832100200 832100200 832100200 832100200 832100200 832100200 832100200 832100200 832100200 832100200 832100200 832100200 832100200 832100200 832100200 832100200 832100200 832100200 832100200 832100200 832100200 832100200 832100200 832100200 832100200 832100200 
832100200 832100200 832100200 832100200 832100200 832100200 832100200 832100200 832100200 832100200 832100200 832100200 832100200 832100200 832100200 832100200 832100200 832100200 832100200 832100200 832100200 832100200 832100200 832100200 832100200 832100200 832100200 832100200 832100200 832100200 832100200 832100200 832100200 832100200 
832100200 832100200 832100200 832100200 832100200 832100200 832100200 832100200 832100200 832100200 832100200 832100200 832100200 832100200 832100200 832100200 832100200 832100200 832100200 832100200 832100200 832100200 832100200 832100200 832100200 832100200 832100200 832100200 832100200 832100200 832100200 832100200 832100200 832100200 
832100200 832100200 832100200 832100200 832100200 832100200 832100200 832100200 832100200 832100200 832100200 832100200 832100200 832100200 832100200 832100200 832100200 832100200 832100200 832100200 832100200 832100200 832100200 832100200 832100200 832100200 832100200 832100200 832100200 832100200 832100200 832100200 832100200 832100200 
832100200 832100200 832100200 832100200 832100200 832100200 832100200 832100200 832100200 832100200 832100200 832100200 832100200 832100200 832100200 832100200 832100200 832100200 832100200 832100200 832100200 832100200 832100200 832100200 832100200 832100200 832100200 832100200 832100200 832100200 832100200 832100200 832100200 832100200 
832100200 832100200 832100200 832100200 832100200 832100200 832100200 832100200 832100200 832100200 832100200 832100200 832100200 832100200 832100200 832100200 832100200 832100200 832100200 832100200 832100200 832100200 832100200 832100200 832100200 832100200 832100200 832100200 832100200 832100200 832100200 832100200 832100200 832100200 
832100200 832100200 832100200 832100200 832100200 832100200 832100200 832100200 832100200 832100200 832100200 832100200 832100200 832100200 832100200 832100200 832100200 832100200 832100200 832100200 832100200 832100200 832100200 832100200 832100200 832100200 832100200 832100200 832100200 832100200 832100200 832100200 832100200 832100200 
832100200 832100200 832100200 832100200 832100200 832100200 832100200 832100200 832100200 832100200 832100200 832100200 832100200 832100200 832100200 832100200 832100200 832100200 832100200 832100200 832100200 832100200 832100200 832100200 832100200 832100200 832100200 832100200 832100200 832100200 832100200 832100200 832100200 832100200 
832100200 832100200 832100200 832100200 832100200 832100200 832100200 832100200 832100200 832100200 832100200 832100200 832100200 832100200 832100200 832100200 832100200 832100200 832100200 832100200 832100200 832100200 832100200 832100200 832100200 832100200 832100200 832100200 832100200 832100200 832100200 832100200 832100200 832100200 
832100200 832100200 832100200 832100200 832100200 832100200 832100200 832100200 832100200 832100200 832100200 832100200 832100200 832100200 832100200 832100200 832100200 832100200 832100200 832100200 832100200 832100200 832100200 832100200 832100200 832100200 832100200 832100200 832100200 832100200 832100200 832100200 832100200 832100200 
832100200 832100200 832100200 832100200 832100200 832100200 832100200 832100200 832100200 832100200 832100200 832100200 832100200 832100200 832100200 832100200 832100200 832100200 832100200 832100200 832100200 832100200 832100200 832100200 832100200 832100200 832100200 832100200 832100200 832100200 832100200 832100200 832100200 832100200 
832100200 832100200 832100200 832100200 832100200 832100200 832100200 832100200 832100200 832100200 832100200 832100200 832100200 832100200 832100200 832100200 832100200 832100200 832100200 832100200 832100200 832100200 832100200 832100200 832100200 832100200 832100200 832100200 832100200 832100200 832100200 832100200 832100200 832100200 
832100200 832100200 832100200 832100200 832100200 832100200 832100200 832100200 832100200 832100200 832100200 832100200 832100200 832100200 832100200 832100200 832100200 832100200 832100200 832100200 832100200 832100200 832100200 832100200 832100200 832100200 832100200 832100200 832100200 832100200 832100200 832100200 832100200 832100200 
832100200 832100200 832100200 832100200 832100200 832100200 832100200 832100200 832100200 832100200 832100200 832100200 832100200 832100200 832100200 832100200 832100200 832100200 832100200 832100200 832100200 832100200 832100200 832100200 832100200 832100200 832100200 832100200 832100200 832100200 832100200 832100200 832100200 832100200 
832100200 832100200 832100200 832100200 832100200 832100200 832100200 832100200 832100200 832100200 832100200 832100200 832100200 832100200 832100200 832100200 832100200 832100200 832100200 832100200 832100200 832100200 832100200 832100200 832100200 832100200 832100200 832100200 832100200 832100200 832100200 832100200 832100200 832100200 
832100200 832100200 832100200 832100200 832100200 832100200 832100200 832100200 832100200 832100200 832100200 832100200 832100200 832100200 832100200 832100200 832100200 832100200 832100200 832100200 832100200 832100200 832100200 832100200 832100200 832100200 832100200 832100200 832100200 832100200 832100200 832100200 832100200 832100200 
832100200 832100200 832100200 832100200 832100200 832100200 832100200 832100200 832100200 832100200 832100200 832100200 832100200 832100200 832100200 832100200 832100200 832100200 832100200 832100200 832100200 832100200 832100200 832100200 832100200 832100200 832100200 832100200 832100200 832100200 832100200 832100200 832100200 832100200 
832100200 832100200 832100200 832100200 832100200 832100200 832100200 832100200 832100200 832100200 832100200 832100200 832100200 832100200 832100200 832100200 832100200 832100200 832100200 832100200 832100200 832100200 832100200 832100200 832100200 832100200 832100200 832100200 832100200 832100200 832100200 832100200 832100200 832100200 
832100200 832100200 832100200 832100200 832100200 832100200 832100200 832100200 832100200 832100200 832100200 832100200 832100200 832100200 832100200 832100200 832100200 832100200 832100200 832100200 832100200 832100200 832100200 832100200 832100200 832100200 832100200 832100200 832100200 832100200 832100200 832100200 832100200 832100200 
832100200 832100200 832100200 832100200 832100200 832100200 832100200 832100200 832100200 832100200 832100200 832100200 832100200 832100200 832100200 832100200 832100200 832100200 832100200 832100200 832100200 832100200 832100200 832100200 832100200 832100200 832100200 832100200 832100200 832100200 832100200 832100200 832100200 832100200 
832100200 832100200 832100200 832100200 832100200 832100200 832100200 832100200 832100200 832100200 832100200 832100200 832100200 832100200 832100200 832100200 832100200 832100200 832100200 832100200 832100200 832100200 832100200 832100200 832100200 832100200 832100200 832100200 832100200 832100200 832100200 832100200 832100200 832100200 
832100200 832100200 832100200 832100200 832100200 832100200 832100200 832100200 832100200 832100200 832100200 832100200 832100200 832100200 832100200 832100200 832100200 832100200 832100200 832100200 832100200 832100200 832100200 832100200 832100200 832100200 832100200 832100200 832100200 832100200 832100200 832100200 832100200 832100200 
832100200 832100200 832100200 832100200 832100200 832100200 832100200 832100200 832100200 832100200 832100200 832100200 832100200 832100200 832100200 832100200 832100200 832100200 832100200 832100200 832100200 832100200 832100200 832100200 832100200 832100200 832100200 832100200 832100200 832100200 832100200 832100200 832100200 832100200 
832100200 832100200 832100200 832100200 832100200 832100200 832100200 832100200 832100200 832100200 832100200 832100200 832100200 832100200 832100200 832100200 832100200 832100200 832100200 832100200 832100200 832100200 832100200 832100200 832100200 832100200 832100200 832100200 832100200 832100200 832100200 832100200 832100200 832100200 
832100200 832100200 832100200 832100200 832100200 832100200 832100200 832100200 832100200 832100200 832100200 832100200 832100200 832100200 832100200 832100200 832100200 832100200 832100200 832100200 832100200 832100200 832100200 832100200 832100200 832100200 832100200 832100200 832100200 832100200 832100200 832100200 832100200 832100200 
832100200 832100200 832100200 832100200 832100200 832100200 832100200 832100200 832100200 832100200 832100200 832100200 832100200 832100200 832100200 832100200 832100200 832100200 832100200 832100200 832100200 832100200 832100200 832100200 832100200 832100200 832100200 832100200 832100200 832100200 832100200 832100200 832100200 832100200 
832100200 832100200 832100200 832100200 832100200 832100200 832100200 832100200 832100200 832100200 832100200 832100200 832100200 832100200 832100200 832100200 832100200 832100200 832100200 832100200 832100200 832100200 832100200 832100200 832100200 832100200 832100200 832100200 832100200 832100200 832100200 832100200 832100200 832100200 
832100200 832100200 832100200 832100200 832100200 832100200 832100200 832100200 832100200 832100200 832100200 832100200 832100200 832100200 832100200 832100200 832100200 832100200 832100200 832100200 832100200 832100200 832100200 832100200 832100200 832100200 832100200 832100200 832100200 832100200 832100200 832100200 832100200 832100200 
832100200 832100200 832100200 832100200 832100200 832100200 832100200 832100200 832100200 832100200 832100200 832100200 832100200 832100200 832100200 832100200 832100200 832100200 832100200 832100200 832100200 832100200 832100200 832100200 832100200 832100200 832100200 832100200 832100200 832100200 832100200 832100200 832100200 832100200 
832100200 832100200 832100200 832100200 832100200 832100200 832100200 832100200 832100200 832100200 832100200 832100200 832100200 832100200 832100200 832100200 832100200 832100200 832100200 832100200 832100200 832100200 832100200 832100200 832100200 832100200 832100200 832100200 832100200 832100200 832100200 832100200 832100200 832100200 
832100200 832100200 832100200 832100200 832100200 832100200 832100200 832100200 832100200 832100200 832100200 832100200 832100200 832100200 832100200 832100200 832100200 832100200 832100200 832100200 832100200 832100200 832100200 832100200 832100200 832100200 832100200 832100200 832100200 832100200 832100200 832100200 832100200 832100200 
