832099092 832099088/n832099720 832099720 832099720 832099720 832099720 832099720 
832099720 832099720 832099720 832099720 832099720 832099720 
832099720 832099720 832099720 832099720 832099720 832099720 
832099720 832099720 832099720 832099720 832099720 832099720 
832099720 832099720 832099720 832099720 832099720 832099720 
832099720 832099720 832099720 832099720 832099720 832099720 
832099720 832099720 832099720 832099720 832099720 832099720 
832099720 832099720 832099720 832099720 832099720 832099720 
832099720 832099720 832099720 832099720 832099720 832099720 
832099720 832099720 832099720 832099720 832099720 832099720 
832099720 832099720 832099720 832099720 832099720 832099720 
832099720 832099720 832099720 832099720 832099720 832099720 
832099720 832099720 832099720 832099720 832099720 832099720 
832099720 832099720 832099720 832099720 832099720 832099720 
832099720 832099720 832099720 832099720 832099720 832099720 
832099720 832099720 832099720 832099720 832099720 832099720 
832099720 832099720 832099720 832099720 832099720 832099720 
