832099092 832099088/n832099988 832099988 832099988 832099988 832099988 832099988 832099988 832099988 832099988 832099988 832099988 832099988 832099988 832099988 832099988 832099988 832099988 
832099988 832099988 832099988 832099988 832099988 832099988 832099988 832099988 832099988 832099988 832099988 832099988 832099988 832099988 832099988 832099988 832099988 
832099988 832099988 832099988 832099988 832099988 832099988 832099988 832099988 832099988 832099988 832099988 832099988 832099988 832099988 832099988 832099988 832099988 
832099988 832099988 832099988 832099988 832099988 832099988 832099988 832099988 832099988 832099988 832099988 832099988 832099988 832099988 832099988 832099988 832099988 
832099988 832099988 832099988 832099988 832099988 832099988 832099988 832099988 832099988 832099988 832099988 832099988 832099988 832099988 832099988 832099988 832099988 
832099988 832099988 832099988 832099988 832099988 832099988 832099988 832099988 832099988 832099988 832099988 832099988 832099988 832099988 832099988 832099988 832099988 
832099988 832099988 832099988 832099988 832099988 832099988 832099988 832099988 832099988 832099988 832099988 832099988 832099988 832099988 832099988 832099988 832099988 
832099988 832099988 832099988 832099988 832099988 832099988 832099988 832099988 832099988 832099988 832099988 832099988 832099988 832099988 832099988 832099988 832099988 
832099988 832099988 832099988 832099988 832099988 832099988 832099988 832099988 832099988 832099988 832099988 832099988 832099988 832099988 832099988 832099988 832099988 
832099988 832099988 832099988 832099988 832099988 832099988 832099988 832099988 832099988 832099988 832099988 832099988 832099988 832099988 832099988 832099988 832099988 
832099988 832099988 832099988 832099988 832099988 832099988 832099988 832099988 832099988 832099988 832099988 832099988 832099988 832099988 832099988 832099988 832099988 
832099988 832099988 832099988 832099988 832099988 832099988 832099988 832099988 832099988 832099988 832099988 832099988 832099988 832099988 832099988 832099988 832099988 
832099988 832099988 832099988 832099988 832099988 832099988 832099988 832099988 832099988 832099988 832099988 832099988 832099988 832099988 832099988 832099988 832099988 
832099988 832099988 832099988 832099988 832099988 832099988 832099988 832099988 832099988 832099988 832099988 832099988 832099988 832099988 832099988 832099988 832099988 
832099988 832099988 832099988 832099988 832099988 832099988 832099988 832099988 832099988 832099988 832099988 832099988 832099988 832099988 832099988 832099988 832099988 
832099988 832099988 832099988 832099988 832099988 832099988 832099988 832099988 832099988 832099988 832099988 832099988 832099988 832099988 832099988 832099988 832099988 
832099988 832099988 832099988 832099988 832099988 832099988 832099988 832099988 832099988 832099988 832099988 832099988 832099988 832099988 832099988 832099988 832099988 
832099988 832099988 832099988 832099988 832099988 832099988 832099988 832099988 832099988 832099988 832099988 832099988 832099988 832099988 832099988 832099988 832099988 
832099988 832099988 832099988 832099988 832099988 832099988 832099988 832099988 832099988 832099988 832099988 832099988 832099988 832099988 832099988 832099988 832099988 
832099988 832099988 832099988 832099988 832099988 832099988 832099988 832099988 832099988 832099988 832099988 832099988 832099988 832099988 832099988 832099988 832099988 
832099988 832099988 832099988 832099988 832099988 832099988 832099988 832099988 832099988 832099988 832099988 832099988 832099988 832099988 832099988 832099988 832099988 
832099988 832099988 832099988 832099988 832099988 832099988 832099988 832099988 832099988 832099988 832099988 832099988 832099988 832099988 832099988 832099988 832099988 
832099988 832099988 832099988 832099988 832099988 832099988 832099988 832099988 832099988 832099988 832099988 832099988 832099988 832099988 832099988 832099988 832099988 
832099988 832099988 832099988 832099988 832099988 832099988 832099988 832099988 832099988 832099988 832099988 832099988 832099988 832099988 832099988 832099988 832099988 
832099988 832099988 832099988 832099988 832099988 832099988 832099988 832099988 832099988 832099988 832099988 832099988 832099988 832099988 832099988 832099988 832099988 
832099988 832099988 832099988 832099988 832099988 832099988 832099988 832099988 832099988 832099988 832099988 832099988 832099988 832099988 832099988 832099988 832099988 
832099988 832099988 832099988 832099988 832099988 832099988 832099988 832099988 832099988 832099988 832099988 832099988 832099988 832099988 832099988 832099988 832099988 
832099988 832099988 832099988 832099988 832099988 832099988 832099988 832099988 832099988 832099988 832099988 832099988 832099988 832099988 832099988 832099988 832099988 
832099988 832099988 832099988 832099988 832099988 832099988 832099988 832099988 832099988 832099988 832099988 832099988 832099988 832099988 832099988 832099988 832099988 
832099988 832099988 832099988 832099988 832099988 832099988 832099988 832099988 832099988 832099988 832099988 832099988 832099988 832099988 832099988 832099988 832099988 
832099988 832099988 832099988 832099988 832099988 832099988 832099988 832099988 832099988 832099988 832099988 832099988 832099988 832099988 832099988 832099988 832099988 
