832099092 832099088/n832099856 832099856 832099856 832099856 832099856 832099856 832099856 832099856 832099856 832099856 832099856 832099856 832099856 832099856 832099856 832099856 832099856 832099856 832099856 832099856 832099856 832099856 832099856 832099856 
832099856 832099856 832099856 832099856 832099856 832099856 832099856 832099856 832099856 832099856 832099856 832099856 832099856 832099856 832099856 832099856 832099856 832099856 832099856 832099856 832099856 832099856 832099856 832099856 
832099856 832099856 832099856 832099856 832099856 832099856 832099856 832099856 832099856 832099856 832099856 832099856 832099856 832099856 832099856 832099856 832099856 832099856 832099856 832099856 832099856 832099856 832099856 832099856 
832099856 832099856 832099856 832099856 832099856 832099856 832099856 832099856 832099856 832099856 832099856 832099856 832099856 832099856 832099856 832099856 832099856 832099856 832099856 832099856 832099856 832099856 832099856 832099856 
832099856 832099856 832099856 832099856 832099856 832099856 832099856 832099856 832099856 832099856 832099856 832099856 832099856 832099856 832099856 832099856 832099856 832099856 832099856 832099856 832099856 832099856 832099856 832099856 
832099856 832099856 832099856 832099856 832099856 832099856 832099856 832099856 832099856 832099856 832099856 832099856 832099856 832099856 832099856 832099856 832099856 832099856 832099856 832099856 832099856 832099856 832099856 832099856 
832099856 832099856 832099856 832099856 832099856 832099856 832099856 832099856 832099856 832099856 832099856 832099856 832099856 832099856 832099856 832099856 832099856 832099856 832099856 832099856 832099856 832099856 832099856 832099856 
832099856 832099856 832099856 832099856 832099856 832099856 832099856 832099856 832099856 832099856 832099856 832099856 832099856 832099856 832099856 832099856 832099856 832099856 832099856 832099856 832099856 832099856 832099856 832099856 
832099856 832099856 832099856 832099856 832099856 832099856 832099856 832099856 832099856 832099856 832099856 832099856 832099856 832099856 832099856 832099856 832099856 832099856 832099856 832099856 832099856 832099856 832099856 832099856 
832099856 832099856 832099856 832099856 832099856 832099856 832099856 832099856 832099856 832099856 832099856 832099856 832099856 832099856 832099856 832099856 832099856 832099856 832099856 832099856 832099856 832099856 832099856 832099856 
832099856 832099856 832099856 832099856 832099856 832099856 832099856 832099856 832099856 832099856 832099856 832099856 832099856 832099856 832099856 832099856 832099856 832099856 832099856 832099856 832099856 832099856 832099856 832099856 
832099856 832099856 832099856 832099856 832099856 832099856 832099856 832099856 832099856 832099856 832099856 832099856 832099856 832099856 832099856 832099856 832099856 832099856 832099856 832099856 832099856 832099856 832099856 832099856 
832099856 832099856 832099856 832099856 832099856 832099856 832099856 832099856 832099856 832099856 832099856 832099856 832099856 832099856 832099856 832099856 832099856 832099856 832099856 832099856 832099856 832099856 832099856 832099856 
832099856 832099856 832099856 832099856 832099856 832099856 832099856 832099856 832099856 832099856 832099856 832099856 832099856 832099856 832099856 832099856 832099856 832099856 832099856 832099856 832099856 832099856 832099856 832099856 
832099856 832099856 832099856 832099856 832099856 832099856 832099856 832099856 832099856 832099856 832099856 832099856 832099856 832099856 832099856 832099856 832099856 832099856 832099856 832099856 832099856 832099856 832099856 832099856 
832099856 832099856 832099856 832099856 832099856 832099856 832099856 832099856 832099856 832099856 832099856 832099856 832099856 832099856 832099856 832099856 832099856 832099856 832099856 832099856 832099856 832099856 832099856 832099856 
832099856 832099856 832099856 832099856 832099856 832099856 832099856 832099856 832099856 832099856 832099856 832099856 832099856 832099856 832099856 832099856 832099856 832099856 832099856 832099856 832099856 832099856 832099856 832099856 
832099856 832099856 832099856 832099856 832099856 832099856 832099856 832099856 832099856 832099856 832099856 832099856 832099856 832099856 832099856 832099856 832099856 832099856 832099856 832099856 832099856 832099856 832099856 832099856 
832099856 832099856 832099856 832099856 832099856 832099856 832099856 832099856 832099856 832099856 832099856 832099856 832099856 832099856 832099856 832099856 832099856 832099856 832099856 832099856 832099856 832099856 832099856 832099856 
832099856 832099856 832099856 832099856 832099856 832099856 832099856 832099856 832099856 832099856 832099856 832099856 832099856 832099856 832099856 832099856 832099856 832099856 832099856 832099856 832099856 832099856 832099856 832099856 
832099856 832099856 832099856 832099856 832099856 832099856 832099856 832099856 832099856 832099856 832099856 832099856 832099856 832099856 832099856 832099856 832099856 832099856 832099856 832099856 832099856 832099856 832099856 832099856 
