832099092 832099088/n832100092 832100092 832100092 832100092 832100092 832100092 832100092 832100092 832100092 832100092 832100092 832100092 832100092 832100092 832100092 832100092 832100092 832100092 832100092 832100092 832100092 832100092 832100092 832100092 832100092 832100092 832100092 832100092 832100092 832100092 832100092 832100092 832100092 832100092 832100092 
832100092 832100092 832100092 832100092 832100092 832100092 832100092 832100092 832100092 832100092 832100092 832100092 832100092 832100092 832100092 832100092 832100092 832100092 832100092 832100092 832100092 832100092 832100092 832100092 832100092 832100092 832100092 832100092 832100092 832100092 832100092 832100092 832100092 832100092 832100092 
832100092 832100092 832100092 832100092 832100092 832100092 832100092 832100092 832100092 832100092 832100092 832100092 832100092 832100092 832100092 832100092 832100092 832100092 832100092 832100092 832100092 832100092 832100092 832100092 832100092 832100092 832100092 832100092 832100092 832100092 832100092 832100092 832100092 832100092 832100092 
832100092 832100092 832100092 832100092 832100092 832100092 832100092 832100092 832100092 832100092 832100092 832100092 832100092 832100092 832100092 832100092 832100092 832100092 832100092 832100092 832100092 832100092 832100092 832100092 832100092 832100092 832100092 832100092 832100092 832100092 832100092 832100092 832100092 832100092 832100092 
832100092 832100092 832100092 832100092 832100092 832100092 832100092 832100092 832100092 832100092 832100092 832100092 832100092 832100092 832100092 832100092 832100092 832100092 832100092 832100092 832100092 832100092 832100092 832100092 832100092 832100092 832100092 832100092 832100092 832100092 832100092 832100092 832100092 832100092 832100092 
832100092 832100092 832100092 832100092 832100092 832100092 832100092 832100092 832100092 832100092 832100092 832100092 832100092 832100092 832100092 832100092 832100092 832100092 832100092 832100092 832100092 832100092 832100092 832100092 832100092 832100092 832100092 832100092 832100092 832100092 832100092 832100092 832100092 832100092 832100092 
832100092 832100092 832100092 832100092 832100092 832100092 832100092 832100092 832100092 832100092 832100092 832100092 832100092 832100092 832100092 832100092 832100092 832100092 832100092 832100092 832100092 832100092 832100092 832100092 832100092 832100092 832100092 832100092 832100092 832100092 832100092 832100092 832100092 832100092 832100092 
832100092 832100092 832100092 832100092 832100092 832100092 832100092 832100092 832100092 832100092 832100092 832100092 832100092 832100092 832100092 832100092 832100092 832100092 832100092 832100092 832100092 832100092 832100092 832100092 832100092 832100092 832100092 832100092 832100092 832100092 832100092 832100092 832100092 832100092 832100092 
832100092 832100092 832100092 832100092 832100092 832100092 832100092 832100092 832100092 832100092 832100092 832100092 832100092 832100092 832100092 832100092 832100092 832100092 832100092 832100092 832100092 832100092 832100092 832100092 832100092 832100092 832100092 832100092 832100092 832100092 832100092 832100092 832100092 832100092 832100092 
832100092 832100092 832100092 832100092 832100092 832100092 832100092 832100092 832100092 832100092 832100092 832100092 832100092 832100092 832100092 832100092 832100092 832100092 832100092 832100092 832100092 832100092 832100092 832100092 832100092 832100092 832100092 832100092 832100092 832100092 832100092 832100092 832100092 832100092 832100092 
832100092 832100092 832100092 832100092 832100092 832100092 832100092 832100092 832100092 832100092 832100092 832100092 832100092 832100092 832100092 832100092 832100092 832100092 832100092 832100092 832100092 832100092 832100092 832100092 832100092 832100092 832100092 832100092 832100092 832100092 832100092 832100092 832100092 832100092 832100092 
832100092 832100092 832100092 832100092 832100092 832100092 832100092 832100092 832100092 832100092 832100092 832100092 832100092 832100092 832100092 832100092 832100092 832100092 832100092 832100092 832100092 832100092 832100092 832100092 832100092 832100092 832100092 832100092 832100092 832100092 832100092 832100092 832100092 832100092 832100092 
832100092 832100092 832100092 832100092 832100092 832100092 832100092 832100092 832100092 832100092 832100092 832100092 832100092 832100092 832100092 832100092 832100092 832100092 832100092 832100092 832100092 832100092 832100092 832100092 832100092 832100092 832100092 832100092 832100092 832100092 832100092 832100092 832100092 832100092 832100092 
832100092 832100092 832100092 832100092 832100092 832100092 832100092 832100092 832100092 832100092 832100092 832100092 832100092 832100092 832100092 832100092 832100092 832100092 832100092 832100092 832100092 832100092 832100092 832100092 832100092 832100092 832100092 832100092 832100092 832100092 832100092 832100092 832100092 832100092 832100092 
832100092 832100092 832100092 832100092 832100092 832100092 832100092 832100092 832100092 832100092 832100092 832100092 832100092 832100092 832100092 832100092 832100092 832100092 832100092 832100092 832100092 832100092 832100092 832100092 832100092 832100092 832100092 832100092 832100092 832100092 832100092 832100092 832100092 832100092 832100092 
832100092 832100092 832100092 832100092 832100092 832100092 832100092 832100092 832100092 832100092 832100092 832100092 832100092 832100092 832100092 832100092 832100092 832100092 832100092 832100092 832100092 832100092 832100092 832100092 832100092 832100092 832100092 832100092 832100092 832100092 832100092 832100092 832100092 832100092 832100092 
832100092 832100092 832100092 832100092 832100092 832100092 832100092 832100092 832100092 832100092 832100092 832100092 832100092 832100092 832100092 832100092 832100092 832100092 832100092 832100092 832100092 832100092 832100092 832100092 832100092 832100092 832100092 832100092 832100092 832100092 832100092 832100092 832100092 832100092 832100092 
832100092 832100092 832100092 832100092 832100092 832100092 832100092 832100092 832100092 832100092 832100092 832100092 832100092 832100092 832100092 832100092 832100092 832100092 832100092 832100092 832100092 832100092 832100092 832100092 832100092 832100092 832100092 832100092 832100092 832100092 832100092 832100092 832100092 832100092 832100092 
832100092 832100092 832100092 832100092 832100092 832100092 832100092 832100092 832100092 832100092 832100092 832100092 832100092 832100092 832100092 832100092 832100092 832100092 832100092 832100092 832100092 832100092 832100092 832100092 832100092 832100092 832100092 832100092 832100092 832100092 832100092 832100092 832100092 832100092 832100092 
832100092 832100092 832100092 832100092 832100092 832100092 832100092 832100092 832100092 832100092 832100092 832100092 832100092 832100092 832100092 832100092 832100092 832100092 832100092 832100092 832100092 832100092 832100092 832100092 832100092 832100092 832100092 832100092 832100092 832100092 832100092 832100092 832100092 832100092 832100092 
832100092 832100092 832100092 832100092 832100092 832100092 832100092 832100092 832100092 832100092 832100092 832100092 832100092 832100092 832100092 832100092 832100092 832100092 832100092 832100092 832100092 832100092 832100092 832100092 832100092 832100092 832100092 832100092 832100092 832100092 832100092 832100092 832100092 832100092 832100092 
832100092 832100092 832100092 832100092 832100092 832100092 832100092 832100092 832100092 832100092 832100092 832100092 832100092 832100092 832100092 832100092 832100092 832100092 832100092 832100092 832100092 832100092 832100092 832100092 832100092 832100092 832100092 832100092 832100092 832100092 832100092 832100092 832100092 832100092 832100092 
832100092 832100092 832100092 832100092 832100092 832100092 832100092 832100092 832100092 832100092 832100092 832100092 832100092 832100092 832100092 832100092 832100092 832100092 832100092 832100092 832100092 832100092 832100092 832100092 832100092 832100092 832100092 832100092 832100092 832100092 832100092 832100092 832100092 832100092 832100092 
832100092 832100092 832100092 832100092 832100092 832100092 832100092 832100092 832100092 832100092 832100092 832100092 832100092 832100092 832100092 832100092 832100092 832100092 832100092 832100092 832100092 832100092 832100092 832100092 832100092 832100092 832100092 832100092 832100092 832100092 832100092 832100092 832100092 832100092 832100092 
832100092 832100092 832100092 832100092 832100092 832100092 832100092 832100092 832100092 832100092 832100092 832100092 832100092 832100092 832100092 832100092 832100092 832100092 832100092 832100092 832100092 832100092 832100092 832100092 832100092 832100092 832100092 832100092 832100092 832100092 832100092 832100092 832100092 832100092 832100092 
832100092 832100092 832100092 832100092 832100092 832100092 832100092 832100092 832100092 832100092 832100092 832100092 832100092 832100092 832100092 832100092 832100092 832100092 832100092 832100092 832100092 832100092 832100092 832100092 832100092 832100092 832100092 832100092 832100092 832100092 832100092 832100092 832100092 832100092 832100092 
832100092 832100092 832100092 832100092 832100092 832100092 832100092 832100092 832100092 832100092 832100092 832100092 832100092 832100092 832100092 832100092 832100092 832100092 832100092 832100092 832100092 832100092 832100092 832100092 832100092 832100092 832100092 832100092 832100092 832100092 832100092 832100092 832100092 832100092 832100092 
832100092 832100092 832100092 832100092 832100092 832100092 832100092 832100092 832100092 832100092 832100092 832100092 832100092 832100092 832100092 832100092 832100092 832100092 832100092 832100092 832100092 832100092 832100092 832100092 832100092 832100092 832100092 832100092 832100092 832100092 832100092 832100092 832100092 832100092 832100092 
832100092 832100092 832100092 832100092 832100092 832100092 832100092 832100092 832100092 832100092 832100092 832100092 832100092 832100092 832100092 832100092 832100092 832100092 832100092 832100092 832100092 832100092 832100092 832100092 832100092 832100092 832100092 832100092 832100092 832100092 832100092 832100092 832100092 832100092 832100092 
832100092 832100092 832100092 832100092 832100092 832100092 832100092 832100092 832100092 832100092 832100092 832100092 832100092 832100092 832100092 832100092 832100092 832100092 832100092 832100092 832100092 832100092 832100092 832100092 832100092 832100092 832100092 832100092 832100092 832100092 832100092 832100092 832100092 832100092 832100092 
832100092 832100092 832100092 832100092 832100092 832100092 832100092 832100092 832100092 832100092 832100092 832100092 832100092 832100092 832100092 832100092 832100092 832100092 832100092 832100092 832100092 832100092 832100092 832100092 832100092 832100092 832100092 832100092 832100092 832100092 832100092 832100092 832100092 832100092 832100092 
832100092 832100092 832100092 832100092 832100092 832100092 832100092 832100092 832100092 832100092 832100092 832100092 832100092 832100092 832100092 832100092 832100092 832100092 832100092 832100092 832100092 832100092 832100092 832100092 832100092 832100092 832100092 832100092 832100092 832100092 832100092 832100092 832100092 832100092 832100092 
832100092 832100092 832100092 832100092 832100092 832100092 832100092 832100092 832100092 832100092 832100092 832100092 832100092 832100092 832100092 832100092 832100092 832100092 832100092 832100092 832100092 832100092 832100092 832100092 832100092 832100092 832100092 832100092 832100092 832100092 832100092 832100092 832100092 832100092 832100092 
