832099092 832099088/n832100196 832100196 832100196 832100196 832100196 832100196 832100196 832100196 832100196 832100196 832100196 832100196 832100196 832100196 832100196 832100196 832100196 832100196 832100196 832100196 832100196 832100196 832100196 832100196 832100196 832100196 832100196 832100196 832100196 
832100196 832100196 832100196 832100196 832100196 832100196 832100196 832100196 832100196 832100196 832100196 832100196 832100196 832100196 832100196 832100196 832100196 832100196 832100196 832100196 832100196 832100196 832100196 832100196 832100196 832100196 832100196 832100196 832100196 
832100196 832100196 832100196 832100196 832100196 832100196 832100196 832100196 832100196 832100196 832100196 832100196 832100196 832100196 832100196 832100196 832100196 832100196 832100196 832100196 832100196 832100196 832100196 832100196 832100196 832100196 832100196 832100196 832100196 
832100196 832100196 832100196 832100196 832100196 832100196 832100196 832100196 832100196 832100196 832100196 832100196 832100196 832100196 832100196 832100196 832100196 832100196 832100196 832100196 832100196 832100196 832100196 832100196 832100196 832100196 832100196 832100196 832100196 
832100196 832100196 832100196 832100196 832100196 832100196 832100196 832100196 832100196 832100196 832100196 832100196 832100196 832100196 832100196 832100196 832100196 832100196 832100196 832100196 832100196 832100196 832100196 832100196 832100196 832100196 832100196 832100196 832100196 
832100196 832100196 832100196 832100196 832100196 832100196 832100196 832100196 832100196 832100196 832100196 832100196 832100196 832100196 832100196 832100196 832100196 832100196 832100196 832100196 832100196 832100196 832100196 832100196 832100196 832100196 832100196 832100196 832100196 
832100196 832100196 832100196 832100196 832100196 832100196 832100196 832100196 832100196 832100196 832100196 832100196 832100196 832100196 832100196 832100196 832100196 832100196 832100196 832100196 832100196 832100196 832100196 832100196 832100196 832100196 832100196 832100196 832100196 
832100196 832100196 832100196 832100196 832100196 832100196 832100196 832100196 832100196 832100196 832100196 832100196 832100196 832100196 832100196 832100196 832100196 832100196 832100196 832100196 832100196 832100196 832100196 832100196 832100196 832100196 832100196 832100196 832100196 
832100196 832100196 832100196 832100196 832100196 832100196 832100196 832100196 832100196 832100196 832100196 832100196 832100196 832100196 832100196 832100196 832100196 832100196 832100196 832100196 832100196 832100196 832100196 832100196 832100196 832100196 832100196 832100196 832100196 
832100196 832100196 832100196 832100196 832100196 832100196 832100196 832100196 832100196 832100196 832100196 832100196 832100196 832100196 832100196 832100196 832100196 832100196 832100196 832100196 832100196 832100196 832100196 832100196 832100196 832100196 832100196 832100196 832100196 
832100196 832100196 832100196 832100196 832100196 832100196 832100196 832100196 832100196 832100196 832100196 832100196 832100196 832100196 832100196 832100196 832100196 832100196 832100196 832100196 832100196 832100196 832100196 832100196 832100196 832100196 832100196 832100196 832100196 
832100196 832100196 832100196 832100196 832100196 832100196 832100196 832100196 832100196 832100196 832100196 832100196 832100196 832100196 832100196 832100196 832100196 832100196 832100196 832100196 832100196 832100196 832100196 832100196 832100196 832100196 832100196 832100196 832100196 
832100196 832100196 832100196 832100196 832100196 832100196 832100196 832100196 832100196 832100196 832100196 832100196 832100196 832100196 832100196 832100196 832100196 832100196 832100196 832100196 832100196 832100196 832100196 832100196 832100196 832100196 832100196 832100196 832100196 
832100196 832100196 832100196 832100196 832100196 832100196 832100196 832100196 832100196 832100196 832100196 832100196 832100196 832100196 832100196 832100196 832100196 832100196 832100196 832100196 832100196 832100196 832100196 832100196 832100196 832100196 832100196 832100196 832100196 
832100196 832100196 832100196 832100196 832100196 832100196 832100196 832100196 832100196 832100196 832100196 832100196 832100196 832100196 832100196 832100196 832100196 832100196 832100196 832100196 832100196 832100196 832100196 832100196 832100196 832100196 832100196 832100196 832100196 
832100196 832100196 832100196 832100196 832100196 832100196 832100196 832100196 832100196 832100196 832100196 832100196 832100196 832100196 832100196 832100196 832100196 832100196 832100196 832100196 832100196 832100196 832100196 832100196 832100196 832100196 832100196 832100196 832100196 
832100196 832100196 832100196 832100196 832100196 832100196 832100196 832100196 832100196 832100196 832100196 832100196 832100196 832100196 832100196 832100196 832100196 832100196 832100196 832100196 832100196 832100196 832100196 832100196 832100196 832100196 832100196 832100196 832100196 
832100196 832100196 832100196 832100196 832100196 832100196 832100196 832100196 832100196 832100196 832100196 832100196 832100196 832100196 832100196 832100196 832100196 832100196 832100196 832100196 832100196 832100196 832100196 832100196 832100196 832100196 832100196 832100196 832100196 
832100196 832100196 832100196 832100196 832100196 832100196 832100196 832100196 832100196 832100196 832100196 832100196 832100196 832100196 832100196 832100196 832100196 832100196 832100196 832100196 832100196 832100196 832100196 832100196 832100196 832100196 832100196 832100196 832100196 
832100196 832100196 832100196 832100196 832100196 832100196 832100196 832100196 832100196 832100196 832100196 832100196 832100196 832100196 832100196 832100196 832100196 832100196 832100196 832100196 832100196 832100196 832100196 832100196 832100196 832100196 832100196 832100196 832100196 
832100196 832100196 832100196 832100196 832100196 832100196 832100196 832100196 832100196 832100196 832100196 832100196 832100196 832100196 832100196 832100196 832100196 832100196 832100196 832100196 832100196 832100196 832100196 832100196 832100196 832100196 832100196 832100196 832100196 
832100196 832100196 832100196 832100196 832100196 832100196 832100196 832100196 832100196 832100196 832100196 832100196 832100196 832100196 832100196 832100196 832100196 832100196 832100196 832100196 832100196 832100196 832100196 832100196 832100196 832100196 832100196 832100196 832100196 
832100196 832100196 832100196 832100196 832100196 832100196 832100196 832100196 832100196 832100196 832100196 832100196 832100196 832100196 832100196 832100196 832100196 832100196 832100196 832100196 832100196 832100196 832100196 832100196 832100196 832100196 832100196 832100196 832100196 
832100196 832100196 832100196 832100196 832100196 832100196 832100196 832100196 832100196 832100196 832100196 832100196 832100196 832100196 832100196 832100196 832100196 832100196 832100196 832100196 832100196 832100196 832100196 832100196 832100196 832100196 832100196 832100196 832100196 
832100196 832100196 832100196 832100196 832100196 832100196 832100196 832100196 832100196 832100196 832100196 832100196 832100196 832100196 832100196 832100196 832100196 832100196 832100196 832100196 832100196 832100196 832100196 832100196 832100196 832100196 832100196 832100196 832100196 
832100196 832100196 832100196 832100196 832100196 832100196 832100196 832100196 832100196 832100196 832100196 832100196 832100196 832100196 832100196 832100196 832100196 832100196 832100196 832100196 832100196 832100196 832100196 832100196 832100196 832100196 832100196 832100196 832100196 
832100196 832100196 832100196 832100196 832100196 832100196 832100196 832100196 832100196 832100196 832100196 832100196 832100196 832100196 832100196 832100196 832100196 832100196 832100196 832100196 832100196 832100196 832100196 832100196 832100196 832100196 832100196 832100196 832100196 
832100196 832100196 832100196 832100196 832100196 832100196 832100196 832100196 832100196 832100196 832100196 832100196 832100196 832100196 832100196 832100196 832100196 832100196 832100196 832100196 832100196 832100196 832100196 832100196 832100196 832100196 832100196 832100196 832100196 
832100196 832100196 832100196 832100196 832100196 832100196 832100196 832100196 832100196 832100196 832100196 832100196 832100196 832100196 832100196 832100196 832100196 832100196 832100196 832100196 832100196 832100196 832100196 832100196 832100196 832100196 832100196 832100196 832100196 
832100196 832100196 832100196 832100196 832100196 832100196 832100196 832100196 832100196 832100196 832100196 832100196 832100196 832100196 832100196 832100196 832100196 832100196 832100196 832100196 832100196 832100196 832100196 832100196 832100196 832100196 832100196 832100196 832100196 
832100196 832100196 832100196 832100196 832100196 832100196 832100196 832100196 832100196 832100196 832100196 832100196 832100196 832100196 832100196 832100196 832100196 832100196 832100196 832100196 832100196 832100196 832100196 832100196 832100196 832100196 832100196 832100196 832100196 
832100196 832100196 832100196 832100196 832100196 832100196 832100196 832100196 832100196 832100196 832100196 832100196 832100196 832100196 832100196 832100196 832100196 832100196 832100196 832100196 832100196 832100196 832100196 832100196 832100196 832100196 832100196 832100196 832100196 
832100196 832100196 832100196 832100196 832100196 832100196 832100196 832100196 832100196 832100196 832100196 832100196 832100196 832100196 832100196 832100196 832100196 832100196 832100196 832100196 832100196 832100196 832100196 832100196 832100196 832100196 832100196 832100196 832100196 
832100196 832100196 832100196 832100196 832100196 832100196 832100196 832100196 832100196 832100196 832100196 832100196 832100196 832100196 832100196 832100196 832100196 832100196 832100196 832100196 832100196 832100196 832100196 832100196 832100196 832100196 832100196 832100196 832100196 
832100196 832100196 832100196 832100196 832100196 832100196 832100196 832100196 832100196 832100196 832100196 832100196 832100196 832100196 832100196 832100196 832100196 832100196 832100196 832100196 832100196 832100196 832100196 832100196 832100196 832100196 832100196 832100196 832100196 
832100196 832100196 832100196 832100196 832100196 832100196 832100196 832100196 832100196 832100196 832100196 832100196 832100196 832100196 832100196 832100196 832100196 832100196 832100196 832100196 832100196 832100196 832100196 832100196 832100196 832100196 832100196 832100196 832100196 
832100196 832100196 832100196 832100196 832100196 832100196 832100196 832100196 832100196 832100196 832100196 832100196 832100196 832100196 832100196 832100196 832100196 832100196 832100196 832100196 832100196 832100196 832100196 832100196 832100196 832100196 832100196 832100196 832100196 
832100196 832100196 832100196 832100196 832100196 832100196 832100196 832100196 832100196 832100196 832100196 832100196 832100196 832100196 832100196 832100196 832100196 832100196 832100196 832100196 832100196 832100196 832100196 832100196 832100196 832100196 832100196 832100196 832100196 
832100196 832100196 832100196 832100196 832100196 832100196 832100196 832100196 832100196 832100196 832100196 832100196 832100196 832100196 832100196 832100196 832100196 832100196 832100196 832100196 832100196 832100196 832100196 832100196 832100196 832100196 832100196 832100196 832100196 
832100196 832100196 832100196 832100196 832100196 832100196 832100196 832100196 832100196 832100196 832100196 832100196 832100196 832100196 832100196 832100196 832100196 832100196 832100196 832100196 832100196 832100196 832100196 832100196 832100196 832100196 832100196 832100196 832100196 
832100196 832100196 832100196 832100196 832100196 832100196 832100196 832100196 832100196 832100196 832100196 832100196 832100196 832100196 832100196 832100196 832100196 832100196 832100196 832100196 832100196 832100196 832100196 832100196 832100196 832100196 832100196 832100196 832100196 
