832099092 832099088/n832100100 832100100 832100100 832100100 832100100 832100100 832100100 832100100 832100100 832100100 832100100 832100100 832100100 832100100 832100100 832100100 832100100 832100100 832100100 832100100 832100100 
832100100 832100100 832100100 832100100 832100100 832100100 832100100 832100100 832100100 832100100 832100100 832100100 832100100 832100100 832100100 832100100 832100100 832100100 832100100 832100100 832100100 
832100100 832100100 832100100 832100100 832100100 832100100 832100100 832100100 832100100 832100100 832100100 832100100 832100100 832100100 832100100 832100100 832100100 832100100 832100100 832100100 832100100 
832100100 832100100 832100100 832100100 832100100 832100100 832100100 832100100 832100100 832100100 832100100 832100100 832100100 832100100 832100100 832100100 832100100 832100100 832100100 832100100 832100100 
832100100 832100100 832100100 832100100 832100100 832100100 832100100 832100100 832100100 832100100 832100100 832100100 832100100 832100100 832100100 832100100 832100100 832100100 832100100 832100100 832100100 
832100100 832100100 832100100 832100100 832100100 832100100 832100100 832100100 832100100 832100100 832100100 832100100 832100100 832100100 832100100 832100100 832100100 832100100 832100100 832100100 832100100 
832100100 832100100 832100100 832100100 832100100 832100100 832100100 832100100 832100100 832100100 832100100 832100100 832100100 832100100 832100100 832100100 832100100 832100100 832100100 832100100 832100100 
832100100 832100100 832100100 832100100 832100100 832100100 832100100 832100100 832100100 832100100 832100100 832100100 832100100 832100100 832100100 832100100 832100100 832100100 832100100 832100100 832100100 
832100100 832100100 832100100 832100100 832100100 832100100 832100100 832100100 832100100 832100100 832100100 832100100 832100100 832100100 832100100 832100100 832100100 832100100 832100100 832100100 832100100 
832100100 832100100 832100100 832100100 832100100 832100100 832100100 832100100 832100100 832100100 832100100 832100100 832100100 832100100 832100100 832100100 832100100 832100100 832100100 832100100 832100100 
832100100 832100100 832100100 832100100 832100100 832100100 832100100 832100100 832100100 832100100 832100100 832100100 832100100 832100100 832100100 832100100 832100100 832100100 832100100 832100100 832100100 
832100100 832100100 832100100 832100100 832100100 832100100 832100100 832100100 832100100 832100100 832100100 832100100 832100100 832100100 832100100 832100100 832100100 832100100 832100100 832100100 832100100 
832100100 832100100 832100100 832100100 832100100 832100100 832100100 832100100 832100100 832100100 832100100 832100100 832100100 832100100 832100100 832100100 832100100 832100100 832100100 832100100 832100100 
832100100 832100100 832100100 832100100 832100100 832100100 832100100 832100100 832100100 832100100 832100100 832100100 832100100 832100100 832100100 832100100 832100100 832100100 832100100 832100100 832100100 
832100100 832100100 832100100 832100100 832100100 832100100 832100100 832100100 832100100 832100100 832100100 832100100 832100100 832100100 832100100 832100100 832100100 832100100 832100100 832100100 832100100 
832100100 832100100 832100100 832100100 832100100 832100100 832100100 832100100 832100100 832100100 832100100 832100100 832100100 832100100 832100100 832100100 832100100 832100100 832100100 832100100 832100100 
832100100 832100100 832100100 832100100 832100100 832100100 832100100 832100100 832100100 832100100 832100100 832100100 832100100 832100100 832100100 832100100 832100100 832100100 832100100 832100100 832100100 
832100100 832100100 832100100 832100100 832100100 832100100 832100100 832100100 832100100 832100100 832100100 832100100 832100100 832100100 832100100 832100100 832100100 832100100 832100100 832100100 832100100 
832100100 832100100 832100100 832100100 832100100 832100100 832100100 832100100 832100100 832100100 832100100 832100100 832100100 832100100 832100100 832100100 832100100 832100100 832100100 832100100 832100100 
832100100 832100100 832100100 832100100 832100100 832100100 832100100 832100100 832100100 832100100 832100100 832100100 832100100 832100100 832100100 832100100 832100100 832100100 832100100 832100100 832100100 
832100100 832100100 832100100 832100100 832100100 832100100 832100100 832100100 832100100 832100100 832100100 832100100 832100100 832100100 832100100 832100100 832100100 832100100 832100100 832100100 832100100 
832100100 832100100 832100100 832100100 832100100 832100100 832100100 832100100 832100100 832100100 832100100 832100100 832100100 832100100 832100100 832100100 832100100 832100100 832100100 832100100 832100100 
832100100 832100100 832100100 832100100 832100100 832100100 832100100 832100100 832100100 832100100 832100100 832100100 832100100 832100100 832100100 832100100 832100100 832100100 832100100 832100100 832100100 
832100100 832100100 832100100 832100100 832100100 832100100 832100100 832100100 832100100 832100100 832100100 832100100 832100100 832100100 832100100 832100100 832100100 832100100 832100100 832100100 832100100 
832100100 832100100 832100100 832100100 832100100 832100100 832100100 832100100 832100100 832100100 832100100 832100100 832100100 832100100 832100100 832100100 832100100 832100100 832100100 832100100 832100100 
832100100 832100100 832100100 832100100 832100100 832100100 832100100 832100100 832100100 832100100 832100100 832100100 832100100 832100100 832100100 832100100 832100100 832100100 832100100 832100100 832100100 
832100100 832100100 832100100 832100100 832100100 832100100 832100100 832100100 832100100 832100100 832100100 832100100 832100100 832100100 832100100 832100100 832100100 832100100 832100100 832100100 832100100 
832100100 832100100 832100100 832100100 832100100 832100100 832100100 832100100 832100100 832100100 832100100 832100100 832100100 832100100 832100100 832100100 832100100 832100100 832100100 832100100 832100100 
832100100 832100100 832100100 832100100 832100100 832100100 832100100 832100100 832100100 832100100 832100100 832100100 832100100 832100100 832100100 832100100 832100100 832100100 832100100 832100100 832100100 
832100100 832100100 832100100 832100100 832100100 832100100 832100100 832100100 832100100 832100100 832100100 832100100 832100100 832100100 832100100 832100100 832100100 832100100 832100100 832100100 832100100 
832100100 832100100 832100100 832100100 832100100 832100100 832100100 832100100 832100100 832100100 832100100 832100100 832100100 832100100 832100100 832100100 832100100 832100100 832100100 832100100 832100100 
832100100 832100100 832100100 832100100 832100100 832100100 832100100 832100100 832100100 832100100 832100100 832100100 832100100 832100100 832100100 832100100 832100100 832100100 832100100 832100100 832100100 
832100100 832100100 832100100 832100100 832100100 832100100 832100100 832100100 832100100 832100100 832100100 832100100 832100100 832100100 832100100 832100100 832100100 832100100 832100100 832100100 832100100 
832100100 832100100 832100100 832100100 832100100 832100100 832100100 832100100 832100100 832100100 832100100 832100100 832100100 832100100 832100100 832100100 832100100 832100100 832100100 832100100 832100100 
832100100 832100100 832100100 832100100 832100100 832100100 832100100 832100100 832100100 832100100 832100100 832100100 832100100 832100100 832100100 832100100 832100100 832100100 832100100 832100100 832100100 
832100100 832100100 832100100 832100100 832100100 832100100 832100100 832100100 832100100 832100100 832100100 832100100 832100100 832100100 832100100 832100100 832100100 832100100 832100100 832100100 832100100 
832100100 832100100 832100100 832100100 832100100 832100100 832100100 832100100 832100100 832100100 832100100 832100100 832100100 832100100 832100100 832100100 832100100 832100100 832100100 832100100 832100100 
