832099092 832099088/n832100028 832100028 832100028 832100028 832100028 832100028 832100028 832100028 832100028 832100028 832100028 832100028 832100028 832100028 832100028 832100028 832100028 832100028 832100028 
832100028 832100028 832100028 832100028 832100028 832100028 832100028 832100028 832100028 832100028 832100028 832100028 832100028 832100028 832100028 832100028 832100028 832100028 832100028 
832100028 832100028 832100028 832100028 832100028 832100028 832100028 832100028 832100028 832100028 832100028 832100028 832100028 832100028 832100028 832100028 832100028 832100028 832100028 
832100028 832100028 832100028 832100028 832100028 832100028 832100028 832100028 832100028 832100028 832100028 832100028 832100028 832100028 832100028 832100028 832100028 832100028 832100028 
832100028 832100028 832100028 832100028 832100028 832100028 832100028 832100028 832100028 832100028 832100028 832100028 832100028 832100028 832100028 832100028 832100028 832100028 832100028 
832100028 832100028 832100028 832100028 832100028 832100028 832100028 832100028 832100028 832100028 832100028 832100028 832100028 832100028 832100028 832100028 832100028 832100028 832100028 
832100028 832100028 832100028 832100028 832100028 832100028 832100028 832100028 832100028 832100028 832100028 832100028 832100028 832100028 832100028 832100028 832100028 832100028 832100028 
832100028 832100028 832100028 832100028 832100028 832100028 832100028 832100028 832100028 832100028 832100028 832100028 832100028 832100028 832100028 832100028 832100028 832100028 832100028 
832100028 832100028 832100028 832100028 832100028 832100028 832100028 832100028 832100028 832100028 832100028 832100028 832100028 832100028 832100028 832100028 832100028 832100028 832100028 
832100028 832100028 832100028 832100028 832100028 832100028 832100028 832100028 832100028 832100028 832100028 832100028 832100028 832100028 832100028 832100028 832100028 832100028 832100028 
832100028 832100028 832100028 832100028 832100028 832100028 832100028 832100028 832100028 832100028 832100028 832100028 832100028 832100028 832100028 832100028 832100028 832100028 832100028 
832100028 832100028 832100028 832100028 832100028 832100028 832100028 832100028 832100028 832100028 832100028 832100028 832100028 832100028 832100028 832100028 832100028 832100028 832100028 
832100028 832100028 832100028 832100028 832100028 832100028 832100028 832100028 832100028 832100028 832100028 832100028 832100028 832100028 832100028 832100028 832100028 832100028 832100028 
832100028 832100028 832100028 832100028 832100028 832100028 832100028 832100028 832100028 832100028 832100028 832100028 832100028 832100028 832100028 832100028 832100028 832100028 832100028 
832100028 832100028 832100028 832100028 832100028 832100028 832100028 832100028 832100028 832100028 832100028 832100028 832100028 832100028 832100028 832100028 832100028 832100028 832100028 
832100028 832100028 832100028 832100028 832100028 832100028 832100028 832100028 832100028 832100028 832100028 832100028 832100028 832100028 832100028 832100028 832100028 832100028 832100028 
832100028 832100028 832100028 832100028 832100028 832100028 832100028 832100028 832100028 832100028 832100028 832100028 832100028 832100028 832100028 832100028 832100028 832100028 832100028 
832100028 832100028 832100028 832100028 832100028 832100028 832100028 832100028 832100028 832100028 832100028 832100028 832100028 832100028 832100028 832100028 832100028 832100028 832100028 
832100028 832100028 832100028 832100028 832100028 832100028 832100028 832100028 832100028 832100028 832100028 832100028 832100028 832100028 832100028 832100028 832100028 832100028 832100028 
832100028 832100028 832100028 832100028 832100028 832100028 832100028 832100028 832100028 832100028 832100028 832100028 832100028 832100028 832100028 832100028 832100028 832100028 832100028 
832100028 832100028 832100028 832100028 832100028 832100028 832100028 832100028 832100028 832100028 832100028 832100028 832100028 832100028 832100028 832100028 832100028 832100028 832100028 
832100028 832100028 832100028 832100028 832100028 832100028 832100028 832100028 832100028 832100028 832100028 832100028 832100028 832100028 832100028 832100028 832100028 832100028 832100028 
832100028 832100028 832100028 832100028 832100028 832100028 832100028 832100028 832100028 832100028 832100028 832100028 832100028 832100028 832100028 832100028 832100028 832100028 832100028 
832100028 832100028 832100028 832100028 832100028 832100028 832100028 832100028 832100028 832100028 832100028 832100028 832100028 832100028 832100028 832100028 832100028 832100028 832100028 
832100028 832100028 832100028 832100028 832100028 832100028 832100028 832100028 832100028 832100028 832100028 832100028 832100028 832100028 832100028 832100028 832100028 832100028 832100028 
832100028 832100028 832100028 832100028 832100028 832100028 832100028 832100028 832100028 832100028 832100028 832100028 832100028 832100028 832100028 832100028 832100028 832100028 832100028 
832100028 832100028 832100028 832100028 832100028 832100028 832100028 832100028 832100028 832100028 832100028 832100028 832100028 832100028 832100028 832100028 832100028 832100028 832100028 
832100028 832100028 832100028 832100028 832100028 832100028 832100028 832100028 832100028 832100028 832100028 832100028 832100028 832100028 832100028 832100028 832100028 832100028 832100028 
832100028 832100028 832100028 832100028 832100028 832100028 832100028 832100028 832100028 832100028 832100028 832100028 832100028 832100028 832100028 832100028 832100028 832100028 832100028 
832100028 832100028 832100028 832100028 832100028 832100028 832100028 832100028 832100028 832100028 832100028 832100028 832100028 832100028 832100028 832100028 832100028 832100028 832100028 
832100028 832100028 832100028 832100028 832100028 832100028 832100028 832100028 832100028 832100028 832100028 832100028 832100028 832100028 832100028 832100028 832100028 832100028 832100028 
832100028 832100028 832100028 832100028 832100028 832100028 832100028 832100028 832100028 832100028 832100028 832100028 832100028 832100028 832100028 832100028 832100028 832100028 832100028 
832100028 832100028 832100028 832100028 832100028 832100028 832100028 832100028 832100028 832100028 832100028 832100028 832100028 832100028 832100028 832100028 832100028 832100028 832100028 
