832099092 832099088/n832100192 832100192 832100192 832100192 832100192 832100192 832100192 832100192 832100192 832100192 832100192 832100192 832100192 832100192 832100192 832100192 832100192 832100192 832100192 832100192 
832100192 832100192 832100192 832100192 832100192 832100192 832100192 832100192 832100192 832100192 832100192 832100192 832100192 832100192 832100192 832100192 832100192 832100192 832100192 832100192 
832100192 832100192 832100192 832100192 832100192 832100192 832100192 832100192 832100192 832100192 832100192 832100192 832100192 832100192 832100192 832100192 832100192 832100192 832100192 832100192 
832100192 832100192 832100192 832100192 832100192 832100192 832100192 832100192 832100192 832100192 832100192 832100192 832100192 832100192 832100192 832100192 832100192 832100192 832100192 832100192 
832100192 832100192 832100192 832100192 832100192 832100192 832100192 832100192 832100192 832100192 832100192 832100192 832100192 832100192 832100192 832100192 832100192 832100192 832100192 832100192 
832100192 832100192 832100192 832100192 832100192 832100192 832100192 832100192 832100192 832100192 832100192 832100192 832100192 832100192 832100192 832100192 832100192 832100192 832100192 832100192 
832100192 832100192 832100192 832100192 832100192 832100192 832100192 832100192 832100192 832100192 832100192 832100192 832100192 832100192 832100192 832100192 832100192 832100192 832100192 832100192 
832100192 832100192 832100192 832100192 832100192 832100192 832100192 832100192 832100192 832100192 832100192 832100192 832100192 832100192 832100192 832100192 832100192 832100192 832100192 832100192 
832100192 832100192 832100192 832100192 832100192 832100192 832100192 832100192 832100192 832100192 832100192 832100192 832100192 832100192 832100192 832100192 832100192 832100192 832100192 832100192 
832100192 832100192 832100192 832100192 832100192 832100192 832100192 832100192 832100192 832100192 832100192 832100192 832100192 832100192 832100192 832100192 832100192 832100192 832100192 832100192 
832100192 832100192 832100192 832100192 832100192 832100192 832100192 832100192 832100192 832100192 832100192 832100192 832100192 832100192 832100192 832100192 832100192 832100192 832100192 832100192 
832100192 832100192 832100192 832100192 832100192 832100192 832100192 832100192 832100192 832100192 832100192 832100192 832100192 832100192 832100192 832100192 832100192 832100192 832100192 832100192 
832100192 832100192 832100192 832100192 832100192 832100192 832100192 832100192 832100192 832100192 832100192 832100192 832100192 832100192 832100192 832100192 832100192 832100192 832100192 832100192 
832100192 832100192 832100192 832100192 832100192 832100192 832100192 832100192 832100192 832100192 832100192 832100192 832100192 832100192 832100192 832100192 832100192 832100192 832100192 832100192 
832100192 832100192 832100192 832100192 832100192 832100192 832100192 832100192 832100192 832100192 832100192 832100192 832100192 832100192 832100192 832100192 832100192 832100192 832100192 832100192 
832100192 832100192 832100192 832100192 832100192 832100192 832100192 832100192 832100192 832100192 832100192 832100192 832100192 832100192 832100192 832100192 832100192 832100192 832100192 832100192 
832100192 832100192 832100192 832100192 832100192 832100192 832100192 832100192 832100192 832100192 832100192 832100192 832100192 832100192 832100192 832100192 832100192 832100192 832100192 832100192 
832100192 832100192 832100192 832100192 832100192 832100192 832100192 832100192 832100192 832100192 832100192 832100192 832100192 832100192 832100192 832100192 832100192 832100192 832100192 832100192 
832100192 832100192 832100192 832100192 832100192 832100192 832100192 832100192 832100192 832100192 832100192 832100192 832100192 832100192 832100192 832100192 832100192 832100192 832100192 832100192 
832100192 832100192 832100192 832100192 832100192 832100192 832100192 832100192 832100192 832100192 832100192 832100192 832100192 832100192 832100192 832100192 832100192 832100192 832100192 832100192 
832100192 832100192 832100192 832100192 832100192 832100192 832100192 832100192 832100192 832100192 832100192 832100192 832100192 832100192 832100192 832100192 832100192 832100192 832100192 832100192 
832100192 832100192 832100192 832100192 832100192 832100192 832100192 832100192 832100192 832100192 832100192 832100192 832100192 832100192 832100192 832100192 832100192 832100192 832100192 832100192 
832100192 832100192 832100192 832100192 832100192 832100192 832100192 832100192 832100192 832100192 832100192 832100192 832100192 832100192 832100192 832100192 832100192 832100192 832100192 832100192 
832100192 832100192 832100192 832100192 832100192 832100192 832100192 832100192 832100192 832100192 832100192 832100192 832100192 832100192 832100192 832100192 832100192 832100192 832100192 832100192 
832100192 832100192 832100192 832100192 832100192 832100192 832100192 832100192 832100192 832100192 832100192 832100192 832100192 832100192 832100192 832100192 832100192 832100192 832100192 832100192 
832100192 832100192 832100192 832100192 832100192 832100192 832100192 832100192 832100192 832100192 832100192 832100192 832100192 832100192 832100192 832100192 832100192 832100192 832100192 832100192 
832100192 832100192 832100192 832100192 832100192 832100192 832100192 832100192 832100192 832100192 832100192 832100192 832100192 832100192 832100192 832100192 832100192 832100192 832100192 832100192 
832100192 832100192 832100192 832100192 832100192 832100192 832100192 832100192 832100192 832100192 832100192 832100192 832100192 832100192 832100192 832100192 832100192 832100192 832100192 832100192 
832100192 832100192 832100192 832100192 832100192 832100192 832100192 832100192 832100192 832100192 832100192 832100192 832100192 832100192 832100192 832100192 832100192 832100192 832100192 832100192 
832100192 832100192 832100192 832100192 832100192 832100192 832100192 832100192 832100192 832100192 832100192 832100192 832100192 832100192 832100192 832100192 832100192 832100192 832100192 832100192 
832100192 832100192 832100192 832100192 832100192 832100192 832100192 832100192 832100192 832100192 832100192 832100192 832100192 832100192 832100192 832100192 832100192 832100192 832100192 832100192 
832100192 832100192 832100192 832100192 832100192 832100192 832100192 832100192 832100192 832100192 832100192 832100192 832100192 832100192 832100192 832100192 832100192 832100192 832100192 832100192 
832100192 832100192 832100192 832100192 832100192 832100192 832100192 832100192 832100192 832100192 832100192 832100192 832100192 832100192 832100192 832100192 832100192 832100192 832100192 832100192 
832100192 832100192 832100192 832100192 832100192 832100192 832100192 832100192 832100192 832100192 832100192 832100192 832100192 832100192 832100192 832100192 832100192 832100192 832100192 832100192 
832100192 832100192 832100192 832100192 832100192 832100192 832100192 832100192 832100192 832100192 832100192 832100192 832100192 832100192 832100192 832100192 832100192 832100192 832100192 832100192 
832100192 832100192 832100192 832100192 832100192 832100192 832100192 832100192 832100192 832100192 832100192 832100192 832100192 832100192 832100192 832100192 832100192 832100192 832100192 832100192 
832100192 832100192 832100192 832100192 832100192 832100192 832100192 832100192 832100192 832100192 832100192 832100192 832100192 832100192 832100192 832100192 832100192 832100192 832100192 832100192 
832100192 832100192 832100192 832100192 832100192 832100192 832100192 832100192 832100192 832100192 832100192 832100192 832100192 832100192 832100192 832100192 832100192 832100192 832100192 832100192 
832100192 832100192 832100192 832100192 832100192 832100192 832100192 832100192 832100192 832100192 832100192 832100192 832100192 832100192 832100192 832100192 832100192 832100192 832100192 832100192 
832100192 832100192 832100192 832100192 832100192 832100192 832100192 832100192 832100192 832100192 832100192 832100192 832100192 832100192 832100192 832100192 832100192 832100192 832100192 832100192 
832100192 832100192 832100192 832100192 832100192 832100192 832100192 832100192 832100192 832100192 832100192 832100192 832100192 832100192 832100192 832100192 832100192 832100192 832100192 832100192 
832100192 832100192 832100192 832100192 832100192 832100192 832100192 832100192 832100192 832100192 832100192 832100192 832100192 832100192 832100192 832100192 832100192 832100192 832100192 832100192 
832100192 832100192 832100192 832100192 832100192 832100192 832100192 832100192 832100192 832100192 832100192 832100192 832100192 832100192 832100192 832100192 832100192 832100192 832100192 832100192 
