832099092 832099088/n832099760 832099760 832099760 832099760 832099760 832099760 832099760 832099760 832099760 832099760 832099760 832099760 832099760 832099760 832099760 832099760 
832099760 832099760 832099760 832099760 832099760 832099760 832099760 832099760 832099760 832099760 832099760 832099760 832099760 832099760 832099760 832099760 
832099760 832099760 832099760 832099760 832099760 832099760 832099760 832099760 832099760 832099760 832099760 832099760 832099760 832099760 832099760 832099760 
832099760 832099760 832099760 832099760 832099760 832099760 832099760 832099760 832099760 832099760 832099760 832099760 832099760 832099760 832099760 832099760 
832099760 832099760 832099760 832099760 832099760 832099760 832099760 832099760 832099760 832099760 832099760 832099760 832099760 832099760 832099760 832099760 
832099760 832099760 832099760 832099760 832099760 832099760 832099760 832099760 832099760 832099760 832099760 832099760 832099760 832099760 832099760 832099760 
832099760 832099760 832099760 832099760 832099760 832099760 832099760 832099760 832099760 832099760 832099760 832099760 832099760 832099760 832099760 832099760 
832099760 832099760 832099760 832099760 832099760 832099760 832099760 832099760 832099760 832099760 832099760 832099760 832099760 832099760 832099760 832099760 
832099760 832099760 832099760 832099760 832099760 832099760 832099760 832099760 832099760 832099760 832099760 832099760 832099760 832099760 832099760 832099760 
832099760 832099760 832099760 832099760 832099760 832099760 832099760 832099760 832099760 832099760 832099760 832099760 832099760 832099760 832099760 832099760 
832099760 832099760 832099760 832099760 832099760 832099760 832099760 832099760 832099760 832099760 832099760 832099760 832099760 832099760 832099760 832099760 
832099760 832099760 832099760 832099760 832099760 832099760 832099760 832099760 832099760 832099760 832099760 832099760 832099760 832099760 832099760 832099760 
832099760 832099760 832099760 832099760 832099760 832099760 832099760 832099760 832099760 832099760 832099760 832099760 832099760 832099760 832099760 832099760 
832099760 832099760 832099760 832099760 832099760 832099760 832099760 832099760 832099760 832099760 832099760 832099760 832099760 832099760 832099760 832099760 
832099760 832099760 832099760 832099760 832099760 832099760 832099760 832099760 832099760 832099760 832099760 832099760 832099760 832099760 832099760 832099760 
832099760 832099760 832099760 832099760 832099760 832099760 832099760 832099760 832099760 832099760 832099760 832099760 832099760 832099760 832099760 832099760 
832099760 832099760 832099760 832099760 832099760 832099760 832099760 832099760 832099760 832099760 832099760 832099760 832099760 832099760 832099760 832099760 
