832099092 832099088/n832100276 832100276 832100276 832100276 832100276 832100276 832100276 832100276 832100276 832100276 832100276 832100276 832100276 832100276 832100276 832100276 832100276 832100276 832100276 832100276 832100276 
832100276 832100276 832100276 832100276 832100276 832100276 832100276 832100276 832100276 832100276 832100276 832100276 832100276 832100276 832100276 832100276 832100276 832100276 832100276 832100276 832100276 
832100276 832100276 832100276 832100276 832100276 832100276 832100276 832100276 832100276 832100276 832100276 832100276 832100276 832100276 832100276 832100276 832100276 832100276 832100276 832100276 832100276 
832100276 832100276 832100276 832100276 832100276 832100276 832100276 832100276 832100276 832100276 832100276 832100276 832100276 832100276 832100276 832100276 832100276 832100276 832100276 832100276 832100276 
832100276 832100276 832100276 832100276 832100276 832100276 832100276 832100276 832100276 832100276 832100276 832100276 832100276 832100276 832100276 832100276 832100276 832100276 832100276 832100276 832100276 
832100276 832100276 832100276 832100276 832100276 832100276 832100276 832100276 832100276 832100276 832100276 832100276 832100276 832100276 832100276 832100276 832100276 832100276 832100276 832100276 832100276 
832100276 832100276 832100276 832100276 832100276 832100276 832100276 832100276 832100276 832100276 832100276 832100276 832100276 832100276 832100276 832100276 832100276 832100276 832100276 832100276 832100276 
832100276 832100276 832100276 832100276 832100276 832100276 832100276 832100276 832100276 832100276 832100276 832100276 832100276 832100276 832100276 832100276 832100276 832100276 832100276 832100276 832100276 
832100276 832100276 832100276 832100276 832100276 832100276 832100276 832100276 832100276 832100276 832100276 832100276 832100276 832100276 832100276 832100276 832100276 832100276 832100276 832100276 832100276 
832100276 832100276 832100276 832100276 832100276 832100276 832100276 832100276 832100276 832100276 832100276 832100276 832100276 832100276 832100276 832100276 832100276 832100276 832100276 832100276 832100276 
832100276 832100276 832100276 832100276 832100276 832100276 832100276 832100276 832100276 832100276 832100276 832100276 832100276 832100276 832100276 832100276 832100276 832100276 832100276 832100276 832100276 
832100276 832100276 832100276 832100276 832100276 832100276 832100276 832100276 832100276 832100276 832100276 832100276 832100276 832100276 832100276 832100276 832100276 832100276 832100276 832100276 832100276 
832100276 832100276 832100276 832100276 832100276 832100276 832100276 832100276 832100276 832100276 832100276 832100276 832100276 832100276 832100276 832100276 832100276 832100276 832100276 832100276 832100276 
832100276 832100276 832100276 832100276 832100276 832100276 832100276 832100276 832100276 832100276 832100276 832100276 832100276 832100276 832100276 832100276 832100276 832100276 832100276 832100276 832100276 
832100276 832100276 832100276 832100276 832100276 832100276 832100276 832100276 832100276 832100276 832100276 832100276 832100276 832100276 832100276 832100276 832100276 832100276 832100276 832100276 832100276 
832100276 832100276 832100276 832100276 832100276 832100276 832100276 832100276 832100276 832100276 832100276 832100276 832100276 832100276 832100276 832100276 832100276 832100276 832100276 832100276 832100276 
832100276 832100276 832100276 832100276 832100276 832100276 832100276 832100276 832100276 832100276 832100276 832100276 832100276 832100276 832100276 832100276 832100276 832100276 832100276 832100276 832100276 
832100276 832100276 832100276 832100276 832100276 832100276 832100276 832100276 832100276 832100276 832100276 832100276 832100276 832100276 832100276 832100276 832100276 832100276 832100276 832100276 832100276 
832100276 832100276 832100276 832100276 832100276 832100276 832100276 832100276 832100276 832100276 832100276 832100276 832100276 832100276 832100276 832100276 832100276 832100276 832100276 832100276 832100276 
832100276 832100276 832100276 832100276 832100276 832100276 832100276 832100276 832100276 832100276 832100276 832100276 832100276 832100276 832100276 832100276 832100276 832100276 832100276 832100276 832100276 
832100276 832100276 832100276 832100276 832100276 832100276 832100276 832100276 832100276 832100276 832100276 832100276 832100276 832100276 832100276 832100276 832100276 832100276 832100276 832100276 832100276 
832100276 832100276 832100276 832100276 832100276 832100276 832100276 832100276 832100276 832100276 832100276 832100276 832100276 832100276 832100276 832100276 832100276 832100276 832100276 832100276 832100276 
832100276 832100276 832100276 832100276 832100276 832100276 832100276 832100276 832100276 832100276 832100276 832100276 832100276 832100276 832100276 832100276 832100276 832100276 832100276 832100276 832100276 
832100276 832100276 832100276 832100276 832100276 832100276 832100276 832100276 832100276 832100276 832100276 832100276 832100276 832100276 832100276 832100276 832100276 832100276 832100276 832100276 832100276 
832100276 832100276 832100276 832100276 832100276 832100276 832100276 832100276 832100276 832100276 832100276 832100276 832100276 832100276 832100276 832100276 832100276 832100276 832100276 832100276 832100276 
832100276 832100276 832100276 832100276 832100276 832100276 832100276 832100276 832100276 832100276 832100276 832100276 832100276 832100276 832100276 832100276 832100276 832100276 832100276 832100276 832100276 
832100276 832100276 832100276 832100276 832100276 832100276 832100276 832100276 832100276 832100276 832100276 832100276 832100276 832100276 832100276 832100276 832100276 832100276 832100276 832100276 832100276 
832100276 832100276 832100276 832100276 832100276 832100276 832100276 832100276 832100276 832100276 832100276 832100276 832100276 832100276 832100276 832100276 832100276 832100276 832100276 832100276 832100276 
832100276 832100276 832100276 832100276 832100276 832100276 832100276 832100276 832100276 832100276 832100276 832100276 832100276 832100276 832100276 832100276 832100276 832100276 832100276 832100276 832100276 
832100276 832100276 832100276 832100276 832100276 832100276 832100276 832100276 832100276 832100276 832100276 832100276 832100276 832100276 832100276 832100276 832100276 832100276 832100276 832100276 832100276 
832100276 832100276 832100276 832100276 832100276 832100276 832100276 832100276 832100276 832100276 832100276 832100276 832100276 832100276 832100276 832100276 832100276 832100276 832100276 832100276 832100276 
832100276 832100276 832100276 832100276 832100276 832100276 832100276 832100276 832100276 832100276 832100276 832100276 832100276 832100276 832100276 832100276 832100276 832100276 832100276 832100276 832100276 
832100276 832100276 832100276 832100276 832100276 832100276 832100276 832100276 832100276 832100276 832100276 832100276 832100276 832100276 832100276 832100276 832100276 832100276 832100276 832100276 832100276 
832100276 832100276 832100276 832100276 832100276 832100276 832100276 832100276 832100276 832100276 832100276 832100276 832100276 832100276 832100276 832100276 832100276 832100276 832100276 832100276 832100276 
832100276 832100276 832100276 832100276 832100276 832100276 832100276 832100276 832100276 832100276 832100276 832100276 832100276 832100276 832100276 832100276 832100276 832100276 832100276 832100276 832100276 
832100276 832100276 832100276 832100276 832100276 832100276 832100276 832100276 832100276 832100276 832100276 832100276 832100276 832100276 832100276 832100276 832100276 832100276 832100276 832100276 832100276 
832100276 832100276 832100276 832100276 832100276 832100276 832100276 832100276 832100276 832100276 832100276 832100276 832100276 832100276 832100276 832100276 832100276 832100276 832100276 832100276 832100276 
832100276 832100276 832100276 832100276 832100276 832100276 832100276 832100276 832100276 832100276 832100276 832100276 832100276 832100276 832100276 832100276 832100276 832100276 832100276 832100276 832100276 
832100276 832100276 832100276 832100276 832100276 832100276 832100276 832100276 832100276 832100276 832100276 832100276 832100276 832100276 832100276 832100276 832100276 832100276 832100276 832100276 832100276 
832100276 832100276 832100276 832100276 832100276 832100276 832100276 832100276 832100276 832100276 832100276 832100276 832100276 832100276 832100276 832100276 832100276 832100276 832100276 832100276 832100276 
832100276 832100276 832100276 832100276 832100276 832100276 832100276 832100276 832100276 832100276 832100276 832100276 832100276 832100276 832100276 832100276 832100276 832100276 832100276 832100276 832100276 
832100276 832100276 832100276 832100276 832100276 832100276 832100276 832100276 832100276 832100276 832100276 832100276 832100276 832100276 832100276 832100276 832100276 832100276 832100276 832100276 832100276 
832100276 832100276 832100276 832100276 832100276 832100276 832100276 832100276 832100276 832100276 832100276 832100276 832100276 832100276 832100276 832100276 832100276 832100276 832100276 832100276 832100276 
832100276 832100276 832100276 832100276 832100276 832100276 832100276 832100276 832100276 832100276 832100276 832100276 832100276 832100276 832100276 832100276 832100276 832100276 832100276 832100276 832100276 
832100276 832100276 832100276 832100276 832100276 832100276 832100276 832100276 832100276 832100276 832100276 832100276 832100276 832100276 832100276 832100276 832100276 832100276 832100276 832100276 832100276 
832100276 832100276 832100276 832100276 832100276 832100276 832100276 832100276 832100276 832100276 832100276 832100276 832100276 832100276 832100276 832100276 832100276 832100276 832100276 832100276 832100276 
832100276 832100276 832100276 832100276 832100276 832100276 832100276 832100276 832100276 832100276 832100276 832100276 832100276 832100276 832100276 832100276 832100276 832100276 832100276 832100276 832100276 
832100276 832100276 832100276 832100276 832100276 832100276 832100276 832100276 832100276 832100276 832100276 832100276 832100276 832100276 832100276 832100276 832100276 832100276 832100276 832100276 832100276 
