832099092 832099088/n832100176 832100176 832100176 832100176 832100176 832100176 832100176 832100176 
832100176 832100176 832100176 832100176 832100176 832100176 832100176 832100176 
832100176 832100176 832100176 832100176 832100176 832100176 832100176 832100176 
832100176 832100176 832100176 832100176 832100176 832100176 832100176 832100176 
832100176 832100176 832100176 832100176 832100176 832100176 832100176 832100176 
832100176 832100176 832100176 832100176 832100176 832100176 832100176 832100176 
832100176 832100176 832100176 832100176 832100176 832100176 832100176 832100176 
832100176 832100176 832100176 832100176 832100176 832100176 832100176 832100176 
832100176 832100176 832100176 832100176 832100176 832100176 832100176 832100176 
832100176 832100176 832100176 832100176 832100176 832100176 832100176 832100176 
832100176 832100176 832100176 832100176 832100176 832100176 832100176 832100176 
832100176 832100176 832100176 832100176 832100176 832100176 832100176 832100176 
832100176 832100176 832100176 832100176 832100176 832100176 832100176 832100176 
832100176 832100176 832100176 832100176 832100176 832100176 832100176 832100176 
832100176 832100176 832100176 832100176 832100176 832100176 832100176 832100176 
832100176 832100176 832100176 832100176 832100176 832100176 832100176 832100176 
832100176 832100176 832100176 832100176 832100176 832100176 832100176 832100176 
832100176 832100176 832100176 832100176 832100176 832100176 832100176 832100176 
832100176 832100176 832100176 832100176 832100176 832100176 832100176 832100176 
832100176 832100176 832100176 832100176 832100176 832100176 832100176 832100176 
832100176 832100176 832100176 832100176 832100176 832100176 832100176 832100176 
832100176 832100176 832100176 832100176 832100176 832100176 832100176 832100176 
832100176 832100176 832100176 832100176 832100176 832100176 832100176 832100176 
832100176 832100176 832100176 832100176 832100176 832100176 832100176 832100176 
832100176 832100176 832100176 832100176 832100176 832100176 832100176 832100176 
832100176 832100176 832100176 832100176 832100176 832100176 832100176 832100176 
832100176 832100176 832100176 832100176 832100176 832100176 832100176 832100176 
832100176 832100176 832100176 832100176 832100176 832100176 832100176 832100176 
832100176 832100176 832100176 832100176 832100176 832100176 832100176 832100176 
832100176 832100176 832100176 832100176 832100176 832100176 832100176 832100176 
832100176 832100176 832100176 832100176 832100176 832100176 832100176 832100176 
832100176 832100176 832100176 832100176 832100176 832100176 832100176 832100176 
832100176 832100176 832100176 832100176 832100176 832100176 832100176 832100176 
832100176 832100176 832100176 832100176 832100176 832100176 832100176 832100176 
832100176 832100176 832100176 832100176 832100176 832100176 832100176 832100176 
832100176 832100176 832100176 832100176 832100176 832100176 832100176 832100176 
832100176 832100176 832100176 832100176 832100176 832100176 832100176 832100176 
832100176 832100176 832100176 832100176 832100176 832100176 832100176 832100176 
832100176 832100176 832100176 832100176 832100176 832100176 832100176 832100176 
832100176 832100176 832100176 832100176 832100176 832100176 832100176 832100176 
832100176 832100176 832100176 832100176 832100176 832100176 832100176 832100176 
832100176 832100176 832100176 832100176 832100176 832100176 832100176 832100176 
832100176 832100176 832100176 832100176 832100176 832100176 832100176 832100176 
832100176 832100176 832100176 832100176 832100176 832100176 832100176 832100176 
832100176 832100176 832100176 832100176 832100176 832100176 832100176 832100176 
