832099092 832099088/n832099960 832099960 
832099960 832099960 
832099960 832099960 
832099960 832099960 
832099960 832099960 
832099960 832099960 
832099960 832099960 
832099960 832099960 
832099960 832099960 
832099960 832099960 
832099960 832099960 
832099960 832099960 
832099960 832099960 
832099960 832099960 
832099960 832099960 
832099960 832099960 
832099960 832099960 
832099960 832099960 
832099960 832099960 
832099960 832099960 
832099960 832099960 
832099960 832099960 
832099960 832099960 
832099960 832099960 
832099960 832099960 
832099960 832099960 
832099960 832099960 
832099960 832099960 
832099960 832099960 
832099960 832099960 
832099960 832099960 
832099960 832099960 
832099960 832099960 
