832099092 832099088/n832100420 832100420 832100420 832100420 832100420 832100420 832100420 832100420 832100420 832100420 832100420 832100420 832100420 832100420 832100420 832100420 832100420 832100420 832100420 832100420 832100420 832100420 832100420 832100420 832100420 
832100420 832100420 832100420 832100420 832100420 832100420 832100420 832100420 832100420 832100420 832100420 832100420 832100420 832100420 832100420 832100420 832100420 832100420 832100420 832100420 832100420 832100420 832100420 832100420 832100420 
832100420 832100420 832100420 832100420 832100420 832100420 832100420 832100420 832100420 832100420 832100420 832100420 832100420 832100420 832100420 832100420 832100420 832100420 832100420 832100420 832100420 832100420 832100420 832100420 832100420 
832100420 832100420 832100420 832100420 832100420 832100420 832100420 832100420 832100420 832100420 832100420 832100420 832100420 832100420 832100420 832100420 832100420 832100420 832100420 832100420 832100420 832100420 832100420 832100420 832100420 
832100420 832100420 832100420 832100420 832100420 832100420 832100420 832100420 832100420 832100420 832100420 832100420 832100420 832100420 832100420 832100420 832100420 832100420 832100420 832100420 832100420 832100420 832100420 832100420 832100420 
832100420 832100420 832100420 832100420 832100420 832100420 832100420 832100420 832100420 832100420 832100420 832100420 832100420 832100420 832100420 832100420 832100420 832100420 832100420 832100420 832100420 832100420 832100420 832100420 832100420 
832100420 832100420 832100420 832100420 832100420 832100420 832100420 832100420 832100420 832100420 832100420 832100420 832100420 832100420 832100420 832100420 832100420 832100420 832100420 832100420 832100420 832100420 832100420 832100420 832100420 
832100420 832100420 832100420 832100420 832100420 832100420 832100420 832100420 832100420 832100420 832100420 832100420 832100420 832100420 832100420 832100420 832100420 832100420 832100420 832100420 832100420 832100420 832100420 832100420 832100420 
832100420 832100420 832100420 832100420 832100420 832100420 832100420 832100420 832100420 832100420 832100420 832100420 832100420 832100420 832100420 832100420 832100420 832100420 832100420 832100420 832100420 832100420 832100420 832100420 832100420 
832100420 832100420 832100420 832100420 832100420 832100420 832100420 832100420 832100420 832100420 832100420 832100420 832100420 832100420 832100420 832100420 832100420 832100420 832100420 832100420 832100420 832100420 832100420 832100420 832100420 
832100420 832100420 832100420 832100420 832100420 832100420 832100420 832100420 832100420 832100420 832100420 832100420 832100420 832100420 832100420 832100420 832100420 832100420 832100420 832100420 832100420 832100420 832100420 832100420 832100420 
832100420 832100420 832100420 832100420 832100420 832100420 832100420 832100420 832100420 832100420 832100420 832100420 832100420 832100420 832100420 832100420 832100420 832100420 832100420 832100420 832100420 832100420 832100420 832100420 832100420 
832100420 832100420 832100420 832100420 832100420 832100420 832100420 832100420 832100420 832100420 832100420 832100420 832100420 832100420 832100420 832100420 832100420 832100420 832100420 832100420 832100420 832100420 832100420 832100420 832100420 
832100420 832100420 832100420 832100420 832100420 832100420 832100420 832100420 832100420 832100420 832100420 832100420 832100420 832100420 832100420 832100420 832100420 832100420 832100420 832100420 832100420 832100420 832100420 832100420 832100420 
832100420 832100420 832100420 832100420 832100420 832100420 832100420 832100420 832100420 832100420 832100420 832100420 832100420 832100420 832100420 832100420 832100420 832100420 832100420 832100420 832100420 832100420 832100420 832100420 832100420 
832100420 832100420 832100420 832100420 832100420 832100420 832100420 832100420 832100420 832100420 832100420 832100420 832100420 832100420 832100420 832100420 832100420 832100420 832100420 832100420 832100420 832100420 832100420 832100420 832100420 
832100420 832100420 832100420 832100420 832100420 832100420 832100420 832100420 832100420 832100420 832100420 832100420 832100420 832100420 832100420 832100420 832100420 832100420 832100420 832100420 832100420 832100420 832100420 832100420 832100420 
832100420 832100420 832100420 832100420 832100420 832100420 832100420 832100420 832100420 832100420 832100420 832100420 832100420 832100420 832100420 832100420 832100420 832100420 832100420 832100420 832100420 832100420 832100420 832100420 832100420 
832100420 832100420 832100420 832100420 832100420 832100420 832100420 832100420 832100420 832100420 832100420 832100420 832100420 832100420 832100420 832100420 832100420 832100420 832100420 832100420 832100420 832100420 832100420 832100420 832100420 
832100420 832100420 832100420 832100420 832100420 832100420 832100420 832100420 832100420 832100420 832100420 832100420 832100420 832100420 832100420 832100420 832100420 832100420 832100420 832100420 832100420 832100420 832100420 832100420 832100420 
832100420 832100420 832100420 832100420 832100420 832100420 832100420 832100420 832100420 832100420 832100420 832100420 832100420 832100420 832100420 832100420 832100420 832100420 832100420 832100420 832100420 832100420 832100420 832100420 832100420 
832100420 832100420 832100420 832100420 832100420 832100420 832100420 832100420 832100420 832100420 832100420 832100420 832100420 832100420 832100420 832100420 832100420 832100420 832100420 832100420 832100420 832100420 832100420 832100420 832100420 
832100420 832100420 832100420 832100420 832100420 832100420 832100420 832100420 832100420 832100420 832100420 832100420 832100420 832100420 832100420 832100420 832100420 832100420 832100420 832100420 832100420 832100420 832100420 832100420 832100420 
832100420 832100420 832100420 832100420 832100420 832100420 832100420 832100420 832100420 832100420 832100420 832100420 832100420 832100420 832100420 832100420 832100420 832100420 832100420 832100420 832100420 832100420 832100420 832100420 832100420 
832100420 832100420 832100420 832100420 832100420 832100420 832100420 832100420 832100420 832100420 832100420 832100420 832100420 832100420 832100420 832100420 832100420 832100420 832100420 832100420 832100420 832100420 832100420 832100420 832100420 
832100420 832100420 832100420 832100420 832100420 832100420 832100420 832100420 832100420 832100420 832100420 832100420 832100420 832100420 832100420 832100420 832100420 832100420 832100420 832100420 832100420 832100420 832100420 832100420 832100420 
832100420 832100420 832100420 832100420 832100420 832100420 832100420 832100420 832100420 832100420 832100420 832100420 832100420 832100420 832100420 832100420 832100420 832100420 832100420 832100420 832100420 832100420 832100420 832100420 832100420 
832100420 832100420 832100420 832100420 832100420 832100420 832100420 832100420 832100420 832100420 832100420 832100420 832100420 832100420 832100420 832100420 832100420 832100420 832100420 832100420 832100420 832100420 832100420 832100420 832100420 
832100420 832100420 832100420 832100420 832100420 832100420 832100420 832100420 832100420 832100420 832100420 832100420 832100420 832100420 832100420 832100420 832100420 832100420 832100420 832100420 832100420 832100420 832100420 832100420 832100420 
832100420 832100420 832100420 832100420 832100420 832100420 832100420 832100420 832100420 832100420 832100420 832100420 832100420 832100420 832100420 832100420 832100420 832100420 832100420 832100420 832100420 832100420 832100420 832100420 832100420 
832100420 832100420 832100420 832100420 832100420 832100420 832100420 832100420 832100420 832100420 832100420 832100420 832100420 832100420 832100420 832100420 832100420 832100420 832100420 832100420 832100420 832100420 832100420 832100420 832100420 
832100420 832100420 832100420 832100420 832100420 832100420 832100420 832100420 832100420 832100420 832100420 832100420 832100420 832100420 832100420 832100420 832100420 832100420 832100420 832100420 832100420 832100420 832100420 832100420 832100420 
832100420 832100420 832100420 832100420 832100420 832100420 832100420 832100420 832100420 832100420 832100420 832100420 832100420 832100420 832100420 832100420 832100420 832100420 832100420 832100420 832100420 832100420 832100420 832100420 832100420 
832100420 832100420 832100420 832100420 832100420 832100420 832100420 832100420 832100420 832100420 832100420 832100420 832100420 832100420 832100420 832100420 832100420 832100420 832100420 832100420 832100420 832100420 832100420 832100420 832100420 
832100420 832100420 832100420 832100420 832100420 832100420 832100420 832100420 832100420 832100420 832100420 832100420 832100420 832100420 832100420 832100420 832100420 832100420 832100420 832100420 832100420 832100420 832100420 832100420 832100420 
832100420 832100420 832100420 832100420 832100420 832100420 832100420 832100420 832100420 832100420 832100420 832100420 832100420 832100420 832100420 832100420 832100420 832100420 832100420 832100420 832100420 832100420 832100420 832100420 832100420 
832100420 832100420 832100420 832100420 832100420 832100420 832100420 832100420 832100420 832100420 832100420 832100420 832100420 832100420 832100420 832100420 832100420 832100420 832100420 832100420 832100420 832100420 832100420 832100420 832100420 
832100420 832100420 832100420 832100420 832100420 832100420 832100420 832100420 832100420 832100420 832100420 832100420 832100420 832100420 832100420 832100420 832100420 832100420 832100420 832100420 832100420 832100420 832100420 832100420 832100420 
832100420 832100420 832100420 832100420 832100420 832100420 832100420 832100420 832100420 832100420 832100420 832100420 832100420 832100420 832100420 832100420 832100420 832100420 832100420 832100420 832100420 832100420 832100420 832100420 832100420 
832100420 832100420 832100420 832100420 832100420 832100420 832100420 832100420 832100420 832100420 832100420 832100420 832100420 832100420 832100420 832100420 832100420 832100420 832100420 832100420 832100420 832100420 832100420 832100420 832100420 
832100420 832100420 832100420 832100420 832100420 832100420 832100420 832100420 832100420 832100420 832100420 832100420 832100420 832100420 832100420 832100420 832100420 832100420 832100420 832100420 832100420 832100420 832100420 832100420 832100420 
832100420 832100420 832100420 832100420 832100420 832100420 832100420 832100420 832100420 832100420 832100420 832100420 832100420 832100420 832100420 832100420 832100420 832100420 832100420 832100420 832100420 832100420 832100420 832100420 832100420 
832100420 832100420 832100420 832100420 832100420 832100420 832100420 832100420 832100420 832100420 832100420 832100420 832100420 832100420 832100420 832100420 832100420 832100420 832100420 832100420 832100420 832100420 832100420 832100420 832100420 
832100420 832100420 832100420 832100420 832100420 832100420 832100420 832100420 832100420 832100420 832100420 832100420 832100420 832100420 832100420 832100420 832100420 832100420 832100420 832100420 832100420 832100420 832100420 832100420 832100420 
832100420 832100420 832100420 832100420 832100420 832100420 832100420 832100420 832100420 832100420 832100420 832100420 832100420 832100420 832100420 832100420 832100420 832100420 832100420 832100420 832100420 832100420 832100420 832100420 832100420 
832100420 832100420 832100420 832100420 832100420 832100420 832100420 832100420 832100420 832100420 832100420 832100420 832100420 832100420 832100420 832100420 832100420 832100420 832100420 832100420 832100420 832100420 832100420 832100420 832100420 
832100420 832100420 832100420 832100420 832100420 832100420 832100420 832100420 832100420 832100420 832100420 832100420 832100420 832100420 832100420 832100420 832100420 832100420 832100420 832100420 832100420 832100420 832100420 832100420 832100420 
832100420 832100420 832100420 832100420 832100420 832100420 832100420 832100420 832100420 832100420 832100420 832100420 832100420 832100420 832100420 832100420 832100420 832100420 832100420 832100420 832100420 832100420 832100420 832100420 832100420 
832100420 832100420 832100420 832100420 832100420 832100420 832100420 832100420 832100420 832100420 832100420 832100420 832100420 832100420 832100420 832100420 832100420 832100420 832100420 832100420 832100420 832100420 832100420 832100420 832100420 
832100420 832100420 832100420 832100420 832100420 832100420 832100420 832100420 832100420 832100420 832100420 832100420 832100420 832100420 832100420 832100420 832100420 832100420 832100420 832100420 832100420 832100420 832100420 832100420 832100420 
832100420 832100420 832100420 832100420 832100420 832100420 832100420 832100420 832100420 832100420 832100420 832100420 832100420 832100420 832100420 832100420 832100420 832100420 832100420 832100420 832100420 832100420 832100420 832100420 832100420 
832100420 832100420 832100420 832100420 832100420 832100420 832100420 832100420 832100420 832100420 832100420 832100420 832100420 832100420 832100420 832100420 832100420 832100420 832100420 832100420 832100420 832100420 832100420 832100420 832100420 
832100420 832100420 832100420 832100420 832100420 832100420 832100420 832100420 832100420 832100420 832100420 832100420 832100420 832100420 832100420 832100420 832100420 832100420 832100420 832100420 832100420 832100420 832100420 832100420 832100420 
832100420 832100420 832100420 832100420 832100420 832100420 832100420 832100420 832100420 832100420 832100420 832100420 832100420 832100420 832100420 832100420 832100420 832100420 832100420 832100420 832100420 832100420 832100420 832100420 832100420 
832100420 832100420 832100420 832100420 832100420 832100420 832100420 832100420 832100420 832100420 832100420 832100420 832100420 832100420 832100420 832100420 832100420 832100420 832100420 832100420 832100420 832100420 832100420 832100420 832100420 
832100420 832100420 832100420 832100420 832100420 832100420 832100420 832100420 832100420 832100420 832100420 832100420 832100420 832100420 832100420 832100420 832100420 832100420 832100420 832100420 832100420 832100420 832100420 832100420 832100420 
