832099092 832099088/n832099876 832099876 832099876 832099876 832099876 832099876 832099876 832099876 832099876 832099876 832099876 832099876 832099876 
832099876 832099876 832099876 832099876 832099876 832099876 832099876 832099876 832099876 832099876 832099876 832099876 832099876 
832099876 832099876 832099876 832099876 832099876 832099876 832099876 832099876 832099876 832099876 832099876 832099876 832099876 
832099876 832099876 832099876 832099876 832099876 832099876 832099876 832099876 832099876 832099876 832099876 832099876 832099876 
832099876 832099876 832099876 832099876 832099876 832099876 832099876 832099876 832099876 832099876 832099876 832099876 832099876 
832099876 832099876 832099876 832099876 832099876 832099876 832099876 832099876 832099876 832099876 832099876 832099876 832099876 
832099876 832099876 832099876 832099876 832099876 832099876 832099876 832099876 832099876 832099876 832099876 832099876 832099876 
832099876 832099876 832099876 832099876 832099876 832099876 832099876 832099876 832099876 832099876 832099876 832099876 832099876 
832099876 832099876 832099876 832099876 832099876 832099876 832099876 832099876 832099876 832099876 832099876 832099876 832099876 
832099876 832099876 832099876 832099876 832099876 832099876 832099876 832099876 832099876 832099876 832099876 832099876 832099876 
832099876 832099876 832099876 832099876 832099876 832099876 832099876 832099876 832099876 832099876 832099876 832099876 832099876 
832099876 832099876 832099876 832099876 832099876 832099876 832099876 832099876 832099876 832099876 832099876 832099876 832099876 
832099876 832099876 832099876 832099876 832099876 832099876 832099876 832099876 832099876 832099876 832099876 832099876 832099876 
832099876 832099876 832099876 832099876 832099876 832099876 832099876 832099876 832099876 832099876 832099876 832099876 832099876 
832099876 832099876 832099876 832099876 832099876 832099876 832099876 832099876 832099876 832099876 832099876 832099876 832099876 
832099876 832099876 832099876 832099876 832099876 832099876 832099876 832099876 832099876 832099876 832099876 832099876 832099876 
832099876 832099876 832099876 832099876 832099876 832099876 832099876 832099876 832099876 832099876 832099876 832099876 832099876 
832099876 832099876 832099876 832099876 832099876 832099876 832099876 832099876 832099876 832099876 832099876 832099876 832099876 
832099876 832099876 832099876 832099876 832099876 832099876 832099876 832099876 832099876 832099876 832099876 832099876 832099876 
832099876 832099876 832099876 832099876 832099876 832099876 832099876 832099876 832099876 832099876 832099876 832099876 832099876 
832099876 832099876 832099876 832099876 832099876 832099876 832099876 832099876 832099876 832099876 832099876 832099876 832099876 
832099876 832099876 832099876 832099876 832099876 832099876 832099876 832099876 832099876 832099876 832099876 832099876 832099876 
832099876 832099876 832099876 832099876 832099876 832099876 832099876 832099876 832099876 832099876 832099876 832099876 832099876 
832099876 832099876 832099876 832099876 832099876 832099876 832099876 832099876 832099876 832099876 832099876 832099876 832099876 
832099876 832099876 832099876 832099876 832099876 832099876 832099876 832099876 832099876 832099876 832099876 832099876 832099876 
