832099092 832099088/n832099704 832099704 832099704 832099704 832099704 832099704 832099704 832099704 832099704 832099704 
832099704 832099704 832099704 832099704 832099704 832099704 832099704 832099704 832099704 832099704 
832099704 832099704 832099704 832099704 832099704 832099704 832099704 832099704 832099704 832099704 
832099704 832099704 832099704 832099704 832099704 832099704 832099704 832099704 832099704 832099704 
832099704 832099704 832099704 832099704 832099704 832099704 832099704 832099704 832099704 832099704 
832099704 832099704 832099704 832099704 832099704 832099704 832099704 832099704 832099704 832099704 
832099704 832099704 832099704 832099704 832099704 832099704 832099704 832099704 832099704 832099704 
832099704 832099704 832099704 832099704 832099704 832099704 832099704 832099704 832099704 832099704 
832099704 832099704 832099704 832099704 832099704 832099704 832099704 832099704 832099704 832099704 
832099704 832099704 832099704 832099704 832099704 832099704 832099704 832099704 832099704 832099704 
832099704 832099704 832099704 832099704 832099704 832099704 832099704 832099704 832099704 832099704 
832099704 832099704 832099704 832099704 832099704 832099704 832099704 832099704 832099704 832099704 
832099704 832099704 832099704 832099704 832099704 832099704 832099704 832099704 832099704 832099704 
832099704 832099704 832099704 832099704 832099704 832099704 832099704 832099704 832099704 832099704 
832099704 832099704 832099704 832099704 832099704 832099704 832099704 832099704 832099704 832099704 
