832099092 832099088/n832099908 832099908 832099908 832099908 832099908 832099908 832099908 832099908 832099908 832099908 832099908 832099908 832099908 832099908 832099908 832099908 832099908 832099908 832099908 832099908 832099908 832099908 832099908 832099908 832099908 
832099908 832099908 832099908 832099908 832099908 832099908 832099908 832099908 832099908 832099908 832099908 832099908 832099908 832099908 832099908 832099908 832099908 832099908 832099908 832099908 832099908 832099908 832099908 832099908 832099908 
832099908 832099908 832099908 832099908 832099908 832099908 832099908 832099908 832099908 832099908 832099908 832099908 832099908 832099908 832099908 832099908 832099908 832099908 832099908 832099908 832099908 832099908 832099908 832099908 832099908 
832099908 832099908 832099908 832099908 832099908 832099908 832099908 832099908 832099908 832099908 832099908 832099908 832099908 832099908 832099908 832099908 832099908 832099908 832099908 832099908 832099908 832099908 832099908 832099908 832099908 
832099908 832099908 832099908 832099908 832099908 832099908 832099908 832099908 832099908 832099908 832099908 832099908 832099908 832099908 832099908 832099908 832099908 832099908 832099908 832099908 832099908 832099908 832099908 832099908 832099908 
832099908 832099908 832099908 832099908 832099908 832099908 832099908 832099908 832099908 832099908 832099908 832099908 832099908 832099908 832099908 832099908 832099908 832099908 832099908 832099908 832099908 832099908 832099908 832099908 832099908 
832099908 832099908 832099908 832099908 832099908 832099908 832099908 832099908 832099908 832099908 832099908 832099908 832099908 832099908 832099908 832099908 832099908 832099908 832099908 832099908 832099908 832099908 832099908 832099908 832099908 
832099908 832099908 832099908 832099908 832099908 832099908 832099908 832099908 832099908 832099908 832099908 832099908 832099908 832099908 832099908 832099908 832099908 832099908 832099908 832099908 832099908 832099908 832099908 832099908 832099908 
832099908 832099908 832099908 832099908 832099908 832099908 832099908 832099908 832099908 832099908 832099908 832099908 832099908 832099908 832099908 832099908 832099908 832099908 832099908 832099908 832099908 832099908 832099908 832099908 832099908 
832099908 832099908 832099908 832099908 832099908 832099908 832099908 832099908 832099908 832099908 832099908 832099908 832099908 832099908 832099908 832099908 832099908 832099908 832099908 832099908 832099908 832099908 832099908 832099908 832099908 
832099908 832099908 832099908 832099908 832099908 832099908 832099908 832099908 832099908 832099908 832099908 832099908 832099908 832099908 832099908 832099908 832099908 832099908 832099908 832099908 832099908 832099908 832099908 832099908 832099908 
832099908 832099908 832099908 832099908 832099908 832099908 832099908 832099908 832099908 832099908 832099908 832099908 832099908 832099908 832099908 832099908 832099908 832099908 832099908 832099908 832099908 832099908 832099908 832099908 832099908 
832099908 832099908 832099908 832099908 832099908 832099908 832099908 832099908 832099908 832099908 832099908 832099908 832099908 832099908 832099908 832099908 832099908 832099908 832099908 832099908 832099908 832099908 832099908 832099908 832099908 
832099908 832099908 832099908 832099908 832099908 832099908 832099908 832099908 832099908 832099908 832099908 832099908 832099908 832099908 832099908 832099908 832099908 832099908 832099908 832099908 832099908 832099908 832099908 832099908 832099908 
832099908 832099908 832099908 832099908 832099908 832099908 832099908 832099908 832099908 832099908 832099908 832099908 832099908 832099908 832099908 832099908 832099908 832099908 832099908 832099908 832099908 832099908 832099908 832099908 832099908 
832099908 832099908 832099908 832099908 832099908 832099908 832099908 832099908 832099908 832099908 832099908 832099908 832099908 832099908 832099908 832099908 832099908 832099908 832099908 832099908 832099908 832099908 832099908 832099908 832099908 
832099908 832099908 832099908 832099908 832099908 832099908 832099908 832099908 832099908 832099908 832099908 832099908 832099908 832099908 832099908 832099908 832099908 832099908 832099908 832099908 832099908 832099908 832099908 832099908 832099908 
832099908 832099908 832099908 832099908 832099908 832099908 832099908 832099908 832099908 832099908 832099908 832099908 832099908 832099908 832099908 832099908 832099908 832099908 832099908 832099908 832099908 832099908 832099908 832099908 832099908 
832099908 832099908 832099908 832099908 832099908 832099908 832099908 832099908 832099908 832099908 832099908 832099908 832099908 832099908 832099908 832099908 832099908 832099908 832099908 832099908 832099908 832099908 832099908 832099908 832099908 
832099908 832099908 832099908 832099908 832099908 832099908 832099908 832099908 832099908 832099908 832099908 832099908 832099908 832099908 832099908 832099908 832099908 832099908 832099908 832099908 832099908 832099908 832099908 832099908 832099908 
832099908 832099908 832099908 832099908 832099908 832099908 832099908 832099908 832099908 832099908 832099908 832099908 832099908 832099908 832099908 832099908 832099908 832099908 832099908 832099908 832099908 832099908 832099908 832099908 832099908 
832099908 832099908 832099908 832099908 832099908 832099908 832099908 832099908 832099908 832099908 832099908 832099908 832099908 832099908 832099908 832099908 832099908 832099908 832099908 832099908 832099908 832099908 832099908 832099908 832099908 
832099908 832099908 832099908 832099908 832099908 832099908 832099908 832099908 832099908 832099908 832099908 832099908 832099908 832099908 832099908 832099908 832099908 832099908 832099908 832099908 832099908 832099908 832099908 832099908 832099908 
832099908 832099908 832099908 832099908 832099908 832099908 832099908 832099908 832099908 832099908 832099908 832099908 832099908 832099908 832099908 832099908 832099908 832099908 832099908 832099908 832099908 832099908 832099908 832099908 832099908 
