832099092 832099088/n832100044 832100044 832100044 
832100044 832100044 832100044 
832100044 832100044 832100044 
832100044 832100044 832100044 
832100044 832100044 832100044 
832100044 832100044 832100044 
832100044 832100044 832100044 
832100044 832100044 832100044 
832100044 832100044 832100044 
832100044 832100044 832100044 
832100044 832100044 832100044 
832100044 832100044 832100044 
832100044 832100044 832100044 
832100044 832100044 832100044 
832100044 832100044 832100044 
832100044 832100044 832100044 
832100044 832100044 832100044 
832100044 832100044 832100044 
832100044 832100044 832100044 
832100044 832100044 832100044 
832100044 832100044 832100044 
832100044 832100044 832100044 
832100044 832100044 832100044 
832100044 832100044 832100044 
832100044 832100044 832100044 
832100044 832100044 832100044 
832100044 832100044 832100044 
832100044 832100044 832100044 
832100044 832100044 832100044 
832100044 832100044 832100044 
832100044 832100044 832100044 
832100044 832100044 832100044 
832100044 832100044 832100044 
832100044 832100044 832100044 
832100044 832100044 832100044 
832100044 832100044 832100044 
832100044 832100044 832100044 
832100044 832100044 832100044 
