832099092 832099088/n832099740 832099740 832099740 832099740 832099740 832099740 832099740 832099740 832099740 832099740 832099740 
832099740 832099740 832099740 832099740 832099740 832099740 832099740 832099740 832099740 832099740 832099740 
832099740 832099740 832099740 832099740 832099740 832099740 832099740 832099740 832099740 832099740 832099740 
832099740 832099740 832099740 832099740 832099740 832099740 832099740 832099740 832099740 832099740 832099740 
832099740 832099740 832099740 832099740 832099740 832099740 832099740 832099740 832099740 832099740 832099740 
832099740 832099740 832099740 832099740 832099740 832099740 832099740 832099740 832099740 832099740 832099740 
832099740 832099740 832099740 832099740 832099740 832099740 832099740 832099740 832099740 832099740 832099740 
832099740 832099740 832099740 832099740 832099740 832099740 832099740 832099740 832099740 832099740 832099740 
832099740 832099740 832099740 832099740 832099740 832099740 832099740 832099740 832099740 832099740 832099740 
832099740 832099740 832099740 832099740 832099740 832099740 832099740 832099740 832099740 832099740 832099740 
832099740 832099740 832099740 832099740 832099740 832099740 832099740 832099740 832099740 832099740 832099740 
832099740 832099740 832099740 832099740 832099740 832099740 832099740 832099740 832099740 832099740 832099740 
832099740 832099740 832099740 832099740 832099740 832099740 832099740 832099740 832099740 832099740 832099740 
832099740 832099740 832099740 832099740 832099740 832099740 832099740 832099740 832099740 832099740 832099740 
832099740 832099740 832099740 832099740 832099740 832099740 832099740 832099740 832099740 832099740 832099740 
832099740 832099740 832099740 832099740 832099740 832099740 832099740 832099740 832099740 832099740 832099740 
832099740 832099740 832099740 832099740 832099740 832099740 832099740 832099740 832099740 832099740 832099740 
