832099092 832099088/n832099716 832099716 832099716 832099716 832099716 832099716 832099716 832099716 832099716 
832099716 832099716 832099716 832099716 832099716 832099716 832099716 832099716 832099716 
832099716 832099716 832099716 832099716 832099716 832099716 832099716 832099716 832099716 
832099716 832099716 832099716 832099716 832099716 832099716 832099716 832099716 832099716 
832099716 832099716 832099716 832099716 832099716 832099716 832099716 832099716 832099716 
832099716 832099716 832099716 832099716 832099716 832099716 832099716 832099716 832099716 
832099716 832099716 832099716 832099716 832099716 832099716 832099716 832099716 832099716 
832099716 832099716 832099716 832099716 832099716 832099716 832099716 832099716 832099716 
832099716 832099716 832099716 832099716 832099716 832099716 832099716 832099716 832099716 
832099716 832099716 832099716 832099716 832099716 832099716 832099716 832099716 832099716 
832099716 832099716 832099716 832099716 832099716 832099716 832099716 832099716 832099716 
832099716 832099716 832099716 832099716 832099716 832099716 832099716 832099716 832099716 
832099716 832099716 832099716 832099716 832099716 832099716 832099716 832099716 832099716 
832099716 832099716 832099716 832099716 832099716 832099716 832099716 832099716 832099716 
832099716 832099716 832099716 832099716 832099716 832099716 832099716 832099716 832099716 
832099716 832099716 832099716 832099716 832099716 832099716 832099716 832099716 832099716 
