832099092 832099088/n832099788 832099788 832099788 832099788 832099788 832099788 832099788 832099788 832099788 832099788 832099788 
832099788 832099788 832099788 832099788 832099788 832099788 832099788 832099788 832099788 832099788 832099788 
832099788 832099788 832099788 832099788 832099788 832099788 832099788 832099788 832099788 832099788 832099788 
832099788 832099788 832099788 832099788 832099788 832099788 832099788 832099788 832099788 832099788 832099788 
832099788 832099788 832099788 832099788 832099788 832099788 832099788 832099788 832099788 832099788 832099788 
832099788 832099788 832099788 832099788 832099788 832099788 832099788 832099788 832099788 832099788 832099788 
832099788 832099788 832099788 832099788 832099788 832099788 832099788 832099788 832099788 832099788 832099788 
832099788 832099788 832099788 832099788 832099788 832099788 832099788 832099788 832099788 832099788 832099788 
832099788 832099788 832099788 832099788 832099788 832099788 832099788 832099788 832099788 832099788 832099788 
832099788 832099788 832099788 832099788 832099788 832099788 832099788 832099788 832099788 832099788 832099788 
832099788 832099788 832099788 832099788 832099788 832099788 832099788 832099788 832099788 832099788 832099788 
832099788 832099788 832099788 832099788 832099788 832099788 832099788 832099788 832099788 832099788 832099788 
832099788 832099788 832099788 832099788 832099788 832099788 832099788 832099788 832099788 832099788 832099788 
832099788 832099788 832099788 832099788 832099788 832099788 832099788 832099788 832099788 832099788 832099788 
832099788 832099788 832099788 832099788 832099788 832099788 832099788 832099788 832099788 832099788 832099788 
832099788 832099788 832099788 832099788 832099788 832099788 832099788 832099788 832099788 832099788 832099788 
832099788 832099788 832099788 832099788 832099788 832099788 832099788 832099788 832099788 832099788 832099788 
832099788 832099788 832099788 832099788 832099788 832099788 832099788 832099788 832099788 832099788 832099788 
832099788 832099788 832099788 832099788 832099788 832099788 832099788 832099788 832099788 832099788 832099788 
832099788 832099788 832099788 832099788 832099788 832099788 832099788 832099788 832099788 832099788 832099788 
