832099092 832099088/n832100188 832100188 832100188 832100188 832100188 832100188 832100188 832100188 832100188 832100188 832100188 832100188 832100188 832100188 832100188 832100188 832100188 832100188 832100188 
832100188 832100188 832100188 832100188 832100188 832100188 832100188 832100188 832100188 832100188 832100188 832100188 832100188 832100188 832100188 832100188 832100188 832100188 832100188 
832100188 832100188 832100188 832100188 832100188 832100188 832100188 832100188 832100188 832100188 832100188 832100188 832100188 832100188 832100188 832100188 832100188 832100188 832100188 
832100188 832100188 832100188 832100188 832100188 832100188 832100188 832100188 832100188 832100188 832100188 832100188 832100188 832100188 832100188 832100188 832100188 832100188 832100188 
832100188 832100188 832100188 832100188 832100188 832100188 832100188 832100188 832100188 832100188 832100188 832100188 832100188 832100188 832100188 832100188 832100188 832100188 832100188 
832100188 832100188 832100188 832100188 832100188 832100188 832100188 832100188 832100188 832100188 832100188 832100188 832100188 832100188 832100188 832100188 832100188 832100188 832100188 
832100188 832100188 832100188 832100188 832100188 832100188 832100188 832100188 832100188 832100188 832100188 832100188 832100188 832100188 832100188 832100188 832100188 832100188 832100188 
832100188 832100188 832100188 832100188 832100188 832100188 832100188 832100188 832100188 832100188 832100188 832100188 832100188 832100188 832100188 832100188 832100188 832100188 832100188 
832100188 832100188 832100188 832100188 832100188 832100188 832100188 832100188 832100188 832100188 832100188 832100188 832100188 832100188 832100188 832100188 832100188 832100188 832100188 
832100188 832100188 832100188 832100188 832100188 832100188 832100188 832100188 832100188 832100188 832100188 832100188 832100188 832100188 832100188 832100188 832100188 832100188 832100188 
832100188 832100188 832100188 832100188 832100188 832100188 832100188 832100188 832100188 832100188 832100188 832100188 832100188 832100188 832100188 832100188 832100188 832100188 832100188 
832100188 832100188 832100188 832100188 832100188 832100188 832100188 832100188 832100188 832100188 832100188 832100188 832100188 832100188 832100188 832100188 832100188 832100188 832100188 
832100188 832100188 832100188 832100188 832100188 832100188 832100188 832100188 832100188 832100188 832100188 832100188 832100188 832100188 832100188 832100188 832100188 832100188 832100188 
832100188 832100188 832100188 832100188 832100188 832100188 832100188 832100188 832100188 832100188 832100188 832100188 832100188 832100188 832100188 832100188 832100188 832100188 832100188 
832100188 832100188 832100188 832100188 832100188 832100188 832100188 832100188 832100188 832100188 832100188 832100188 832100188 832100188 832100188 832100188 832100188 832100188 832100188 
832100188 832100188 832100188 832100188 832100188 832100188 832100188 832100188 832100188 832100188 832100188 832100188 832100188 832100188 832100188 832100188 832100188 832100188 832100188 
832100188 832100188 832100188 832100188 832100188 832100188 832100188 832100188 832100188 832100188 832100188 832100188 832100188 832100188 832100188 832100188 832100188 832100188 832100188 
832100188 832100188 832100188 832100188 832100188 832100188 832100188 832100188 832100188 832100188 832100188 832100188 832100188 832100188 832100188 832100188 832100188 832100188 832100188 
832100188 832100188 832100188 832100188 832100188 832100188 832100188 832100188 832100188 832100188 832100188 832100188 832100188 832100188 832100188 832100188 832100188 832100188 832100188 
832100188 832100188 832100188 832100188 832100188 832100188 832100188 832100188 832100188 832100188 832100188 832100188 832100188 832100188 832100188 832100188 832100188 832100188 832100188 
832100188 832100188 832100188 832100188 832100188 832100188 832100188 832100188 832100188 832100188 832100188 832100188 832100188 832100188 832100188 832100188 832100188 832100188 832100188 
832100188 832100188 832100188 832100188 832100188 832100188 832100188 832100188 832100188 832100188 832100188 832100188 832100188 832100188 832100188 832100188 832100188 832100188 832100188 
832100188 832100188 832100188 832100188 832100188 832100188 832100188 832100188 832100188 832100188 832100188 832100188 832100188 832100188 832100188 832100188 832100188 832100188 832100188 
832100188 832100188 832100188 832100188 832100188 832100188 832100188 832100188 832100188 832100188 832100188 832100188 832100188 832100188 832100188 832100188 832100188 832100188 832100188 
832100188 832100188 832100188 832100188 832100188 832100188 832100188 832100188 832100188 832100188 832100188 832100188 832100188 832100188 832100188 832100188 832100188 832100188 832100188 
832100188 832100188 832100188 832100188 832100188 832100188 832100188 832100188 832100188 832100188 832100188 832100188 832100188 832100188 832100188 832100188 832100188 832100188 832100188 
832100188 832100188 832100188 832100188 832100188 832100188 832100188 832100188 832100188 832100188 832100188 832100188 832100188 832100188 832100188 832100188 832100188 832100188 832100188 
832100188 832100188 832100188 832100188 832100188 832100188 832100188 832100188 832100188 832100188 832100188 832100188 832100188 832100188 832100188 832100188 832100188 832100188 832100188 
832100188 832100188 832100188 832100188 832100188 832100188 832100188 832100188 832100188 832100188 832100188 832100188 832100188 832100188 832100188 832100188 832100188 832100188 832100188 
832100188 832100188 832100188 832100188 832100188 832100188 832100188 832100188 832100188 832100188 832100188 832100188 832100188 832100188 832100188 832100188 832100188 832100188 832100188 
832100188 832100188 832100188 832100188 832100188 832100188 832100188 832100188 832100188 832100188 832100188 832100188 832100188 832100188 832100188 832100188 832100188 832100188 832100188 
832100188 832100188 832100188 832100188 832100188 832100188 832100188 832100188 832100188 832100188 832100188 832100188 832100188 832100188 832100188 832100188 832100188 832100188 832100188 
832100188 832100188 832100188 832100188 832100188 832100188 832100188 832100188 832100188 832100188 832100188 832100188 832100188 832100188 832100188 832100188 832100188 832100188 832100188 
832100188 832100188 832100188 832100188 832100188 832100188 832100188 832100188 832100188 832100188 832100188 832100188 832100188 832100188 832100188 832100188 832100188 832100188 832100188 
832100188 832100188 832100188 832100188 832100188 832100188 832100188 832100188 832100188 832100188 832100188 832100188 832100188 832100188 832100188 832100188 832100188 832100188 832100188 
832100188 832100188 832100188 832100188 832100188 832100188 832100188 832100188 832100188 832100188 832100188 832100188 832100188 832100188 832100188 832100188 832100188 832100188 832100188 
832100188 832100188 832100188 832100188 832100188 832100188 832100188 832100188 832100188 832100188 832100188 832100188 832100188 832100188 832100188 832100188 832100188 832100188 832100188 
832100188 832100188 832100188 832100188 832100188 832100188 832100188 832100188 832100188 832100188 832100188 832100188 832100188 832100188 832100188 832100188 832100188 832100188 832100188 
832100188 832100188 832100188 832100188 832100188 832100188 832100188 832100188 832100188 832100188 832100188 832100188 832100188 832100188 832100188 832100188 832100188 832100188 832100188 
832100188 832100188 832100188 832100188 832100188 832100188 832100188 832100188 832100188 832100188 832100188 832100188 832100188 832100188 832100188 832100188 832100188 832100188 832100188 
832100188 832100188 832100188 832100188 832100188 832100188 832100188 832100188 832100188 832100188 832100188 832100188 832100188 832100188 832100188 832100188 832100188 832100188 832100188 
832100188 832100188 832100188 832100188 832100188 832100188 832100188 832100188 832100188 832100188 832100188 832100188 832100188 832100188 832100188 832100188 832100188 832100188 832100188 
832100188 832100188 832100188 832100188 832100188 832100188 832100188 832100188 832100188 832100188 832100188 832100188 832100188 832100188 832100188 832100188 832100188 832100188 832100188 
