832099092 832099088/n832099684 832099684 832099684 832099684 832099684 832099684 832099684 832099684 832099684 
832099684 832099684 832099684 832099684 832099684 832099684 832099684 832099684 832099684 
832099684 832099684 832099684 832099684 832099684 832099684 832099684 832099684 832099684 
832099684 832099684 832099684 832099684 832099684 832099684 832099684 832099684 832099684 
832099684 832099684 832099684 832099684 832099684 832099684 832099684 832099684 832099684 
832099684 832099684 832099684 832099684 832099684 832099684 832099684 832099684 832099684 
832099684 832099684 832099684 832099684 832099684 832099684 832099684 832099684 832099684 
832099684 832099684 832099684 832099684 832099684 832099684 832099684 832099684 832099684 
832099684 832099684 832099684 832099684 832099684 832099684 832099684 832099684 832099684 
832099684 832099684 832099684 832099684 832099684 832099684 832099684 832099684 832099684 
832099684 832099684 832099684 832099684 832099684 832099684 832099684 832099684 832099684 
832099684 832099684 832099684 832099684 832099684 832099684 832099684 832099684 832099684 
832099684 832099684 832099684 832099684 832099684 832099684 832099684 832099684 832099684 
832099684 832099684 832099684 832099684 832099684 832099684 832099684 832099684 832099684 
