832099092 832099088/n832099852 832099852 832099852 832099852 832099852 832099852 832099852 832099852 832099852 832099852 832099852 832099852 832099852 832099852 832099852 
832099852 832099852 832099852 832099852 832099852 832099852 832099852 832099852 832099852 832099852 832099852 832099852 832099852 832099852 832099852 
832099852 832099852 832099852 832099852 832099852 832099852 832099852 832099852 832099852 832099852 832099852 832099852 832099852 832099852 832099852 
832099852 832099852 832099852 832099852 832099852 832099852 832099852 832099852 832099852 832099852 832099852 832099852 832099852 832099852 832099852 
832099852 832099852 832099852 832099852 832099852 832099852 832099852 832099852 832099852 832099852 832099852 832099852 832099852 832099852 832099852 
832099852 832099852 832099852 832099852 832099852 832099852 832099852 832099852 832099852 832099852 832099852 832099852 832099852 832099852 832099852 
832099852 832099852 832099852 832099852 832099852 832099852 832099852 832099852 832099852 832099852 832099852 832099852 832099852 832099852 832099852 
832099852 832099852 832099852 832099852 832099852 832099852 832099852 832099852 832099852 832099852 832099852 832099852 832099852 832099852 832099852 
832099852 832099852 832099852 832099852 832099852 832099852 832099852 832099852 832099852 832099852 832099852 832099852 832099852 832099852 832099852 
832099852 832099852 832099852 832099852 832099852 832099852 832099852 832099852 832099852 832099852 832099852 832099852 832099852 832099852 832099852 
832099852 832099852 832099852 832099852 832099852 832099852 832099852 832099852 832099852 832099852 832099852 832099852 832099852 832099852 832099852 
832099852 832099852 832099852 832099852 832099852 832099852 832099852 832099852 832099852 832099852 832099852 832099852 832099852 832099852 832099852 
832099852 832099852 832099852 832099852 832099852 832099852 832099852 832099852 832099852 832099852 832099852 832099852 832099852 832099852 832099852 
832099852 832099852 832099852 832099852 832099852 832099852 832099852 832099852 832099852 832099852 832099852 832099852 832099852 832099852 832099852 
832099852 832099852 832099852 832099852 832099852 832099852 832099852 832099852 832099852 832099852 832099852 832099852 832099852 832099852 832099852 
832099852 832099852 832099852 832099852 832099852 832099852 832099852 832099852 832099852 832099852 832099852 832099852 832099852 832099852 832099852 
832099852 832099852 832099852 832099852 832099852 832099852 832099852 832099852 832099852 832099852 832099852 832099852 832099852 832099852 832099852 
832099852 832099852 832099852 832099852 832099852 832099852 832099852 832099852 832099852 832099852 832099852 832099852 832099852 832099852 832099852 
832099852 832099852 832099852 832099852 832099852 832099852 832099852 832099852 832099852 832099852 832099852 832099852 832099852 832099852 832099852 
832099852 832099852 832099852 832099852 832099852 832099852 832099852 832099852 832099852 832099852 832099852 832099852 832099852 832099852 832099852 
832099852 832099852 832099852 832099852 832099852 832099852 832099852 832099852 832099852 832099852 832099852 832099852 832099852 832099852 832099852 
832099852 832099852 832099852 832099852 832099852 832099852 832099852 832099852 832099852 832099852 832099852 832099852 832099852 832099852 832099852 
832099852 832099852 832099852 832099852 832099852 832099852 832099852 832099852 832099852 832099852 832099852 832099852 832099852 832099852 832099852 
