832099092 832099088/n832100280 832100280 832100280 832100280 832100280 832100280 832100280 832100280 832100280 832100280 832100280 832100280 832100280 832100280 832100280 832100280 832100280 832100280 
832100280 832100280 832100280 832100280 832100280 832100280 832100280 832100280 832100280 832100280 832100280 832100280 832100280 832100280 832100280 832100280 832100280 832100280 
832100280 832100280 832100280 832100280 832100280 832100280 832100280 832100280 832100280 832100280 832100280 832100280 832100280 832100280 832100280 832100280 832100280 832100280 
832100280 832100280 832100280 832100280 832100280 832100280 832100280 832100280 832100280 832100280 832100280 832100280 832100280 832100280 832100280 832100280 832100280 832100280 
832100280 832100280 832100280 832100280 832100280 832100280 832100280 832100280 832100280 832100280 832100280 832100280 832100280 832100280 832100280 832100280 832100280 832100280 
832100280 832100280 832100280 832100280 832100280 832100280 832100280 832100280 832100280 832100280 832100280 832100280 832100280 832100280 832100280 832100280 832100280 832100280 
832100280 832100280 832100280 832100280 832100280 832100280 832100280 832100280 832100280 832100280 832100280 832100280 832100280 832100280 832100280 832100280 832100280 832100280 
832100280 832100280 832100280 832100280 832100280 832100280 832100280 832100280 832100280 832100280 832100280 832100280 832100280 832100280 832100280 832100280 832100280 832100280 
832100280 832100280 832100280 832100280 832100280 832100280 832100280 832100280 832100280 832100280 832100280 832100280 832100280 832100280 832100280 832100280 832100280 832100280 
832100280 832100280 832100280 832100280 832100280 832100280 832100280 832100280 832100280 832100280 832100280 832100280 832100280 832100280 832100280 832100280 832100280 832100280 
832100280 832100280 832100280 832100280 832100280 832100280 832100280 832100280 832100280 832100280 832100280 832100280 832100280 832100280 832100280 832100280 832100280 832100280 
832100280 832100280 832100280 832100280 832100280 832100280 832100280 832100280 832100280 832100280 832100280 832100280 832100280 832100280 832100280 832100280 832100280 832100280 
832100280 832100280 832100280 832100280 832100280 832100280 832100280 832100280 832100280 832100280 832100280 832100280 832100280 832100280 832100280 832100280 832100280 832100280 
832100280 832100280 832100280 832100280 832100280 832100280 832100280 832100280 832100280 832100280 832100280 832100280 832100280 832100280 832100280 832100280 832100280 832100280 
832100280 832100280 832100280 832100280 832100280 832100280 832100280 832100280 832100280 832100280 832100280 832100280 832100280 832100280 832100280 832100280 832100280 832100280 
832100280 832100280 832100280 832100280 832100280 832100280 832100280 832100280 832100280 832100280 832100280 832100280 832100280 832100280 832100280 832100280 832100280 832100280 
832100280 832100280 832100280 832100280 832100280 832100280 832100280 832100280 832100280 832100280 832100280 832100280 832100280 832100280 832100280 832100280 832100280 832100280 
832100280 832100280 832100280 832100280 832100280 832100280 832100280 832100280 832100280 832100280 832100280 832100280 832100280 832100280 832100280 832100280 832100280 832100280 
832100280 832100280 832100280 832100280 832100280 832100280 832100280 832100280 832100280 832100280 832100280 832100280 832100280 832100280 832100280 832100280 832100280 832100280 
832100280 832100280 832100280 832100280 832100280 832100280 832100280 832100280 832100280 832100280 832100280 832100280 832100280 832100280 832100280 832100280 832100280 832100280 
832100280 832100280 832100280 832100280 832100280 832100280 832100280 832100280 832100280 832100280 832100280 832100280 832100280 832100280 832100280 832100280 832100280 832100280 
832100280 832100280 832100280 832100280 832100280 832100280 832100280 832100280 832100280 832100280 832100280 832100280 832100280 832100280 832100280 832100280 832100280 832100280 
832100280 832100280 832100280 832100280 832100280 832100280 832100280 832100280 832100280 832100280 832100280 832100280 832100280 832100280 832100280 832100280 832100280 832100280 
832100280 832100280 832100280 832100280 832100280 832100280 832100280 832100280 832100280 832100280 832100280 832100280 832100280 832100280 832100280 832100280 832100280 832100280 
832100280 832100280 832100280 832100280 832100280 832100280 832100280 832100280 832100280 832100280 832100280 832100280 832100280 832100280 832100280 832100280 832100280 832100280 
832100280 832100280 832100280 832100280 832100280 832100280 832100280 832100280 832100280 832100280 832100280 832100280 832100280 832100280 832100280 832100280 832100280 832100280 
832100280 832100280 832100280 832100280 832100280 832100280 832100280 832100280 832100280 832100280 832100280 832100280 832100280 832100280 832100280 832100280 832100280 832100280 
832100280 832100280 832100280 832100280 832100280 832100280 832100280 832100280 832100280 832100280 832100280 832100280 832100280 832100280 832100280 832100280 832100280 832100280 
832100280 832100280 832100280 832100280 832100280 832100280 832100280 832100280 832100280 832100280 832100280 832100280 832100280 832100280 832100280 832100280 832100280 832100280 
832100280 832100280 832100280 832100280 832100280 832100280 832100280 832100280 832100280 832100280 832100280 832100280 832100280 832100280 832100280 832100280 832100280 832100280 
832100280 832100280 832100280 832100280 832100280 832100280 832100280 832100280 832100280 832100280 832100280 832100280 832100280 832100280 832100280 832100280 832100280 832100280 
832100280 832100280 832100280 832100280 832100280 832100280 832100280 832100280 832100280 832100280 832100280 832100280 832100280 832100280 832100280 832100280 832100280 832100280 
832100280 832100280 832100280 832100280 832100280 832100280 832100280 832100280 832100280 832100280 832100280 832100280 832100280 832100280 832100280 832100280 832100280 832100280 
832100280 832100280 832100280 832100280 832100280 832100280 832100280 832100280 832100280 832100280 832100280 832100280 832100280 832100280 832100280 832100280 832100280 832100280 
832100280 832100280 832100280 832100280 832100280 832100280 832100280 832100280 832100280 832100280 832100280 832100280 832100280 832100280 832100280 832100280 832100280 832100280 
832100280 832100280 832100280 832100280 832100280 832100280 832100280 832100280 832100280 832100280 832100280 832100280 832100280 832100280 832100280 832100280 832100280 832100280 
832100280 832100280 832100280 832100280 832100280 832100280 832100280 832100280 832100280 832100280 832100280 832100280 832100280 832100280 832100280 832100280 832100280 832100280 
832100280 832100280 832100280 832100280 832100280 832100280 832100280 832100280 832100280 832100280 832100280 832100280 832100280 832100280 832100280 832100280 832100280 832100280 
832100280 832100280 832100280 832100280 832100280 832100280 832100280 832100280 832100280 832100280 832100280 832100280 832100280 832100280 832100280 832100280 832100280 832100280 
832100280 832100280 832100280 832100280 832100280 832100280 832100280 832100280 832100280 832100280 832100280 832100280 832100280 832100280 832100280 832100280 832100280 832100280 
832100280 832100280 832100280 832100280 832100280 832100280 832100280 832100280 832100280 832100280 832100280 832100280 832100280 832100280 832100280 832100280 832100280 832100280 
832100280 832100280 832100280 832100280 832100280 832100280 832100280 832100280 832100280 832100280 832100280 832100280 832100280 832100280 832100280 832100280 832100280 832100280 
832100280 832100280 832100280 832100280 832100280 832100280 832100280 832100280 832100280 832100280 832100280 832100280 832100280 832100280 832100280 832100280 832100280 832100280 
832100280 832100280 832100280 832100280 832100280 832100280 832100280 832100280 832100280 832100280 832100280 832100280 832100280 832100280 832100280 832100280 832100280 832100280 
832100280 832100280 832100280 832100280 832100280 832100280 832100280 832100280 832100280 832100280 832100280 832100280 832100280 832100280 832100280 832100280 832100280 832100280 
832100280 832100280 832100280 832100280 832100280 832100280 832100280 832100280 832100280 832100280 832100280 832100280 832100280 832100280 832100280 832100280 832100280 832100280 
832100280 832100280 832100280 832100280 832100280 832100280 832100280 832100280 832100280 832100280 832100280 832100280 832100280 832100280 832100280 832100280 832100280 832100280 
832100280 832100280 832100280 832100280 832100280 832100280 832100280 832100280 832100280 832100280 832100280 832100280 832100280 832100280 832100280 832100280 832100280 832100280 
832100280 832100280 832100280 832100280 832100280 832100280 832100280 832100280 832100280 832100280 832100280 832100280 832100280 832100280 832100280 832100280 832100280 832100280 
