832099092 832099088/n832099968 832099968 832099968 832099968 
832099968 832099968 832099968 832099968 
832099968 832099968 832099968 832099968 
832099968 832099968 832099968 832099968 
832099968 832099968 832099968 832099968 
832099968 832099968 832099968 832099968 
832099968 832099968 832099968 832099968 
832099968 832099968 832099968 832099968 
832099968 832099968 832099968 832099968 
832099968 832099968 832099968 832099968 
832099968 832099968 832099968 832099968 
832099968 832099968 832099968 832099968 
832099968 832099968 832099968 832099968 
832099968 832099968 832099968 832099968 
832099968 832099968 832099968 832099968 
832099968 832099968 832099968 832099968 
832099968 832099968 832099968 832099968 
832099968 832099968 832099968 832099968 
832099968 832099968 832099968 832099968 
832099968 832099968 832099968 832099968 
832099968 832099968 832099968 832099968 
832099968 832099968 832099968 832099968 
832099968 832099968 832099968 832099968 
832099968 832099968 832099968 832099968 
832099968 832099968 832099968 832099968 
832099968 832099968 832099968 832099968 
832099968 832099968 832099968 832099968 
832099968 832099968 832099968 832099968 
832099968 832099968 832099968 832099968 
832099968 832099968 832099968 832099968 
832099968 832099968 832099968 832099968 
832099968 832099968 832099968 832099968 
832099968 832099968 832099968 832099968 
