832099092 832099088/n832100340 832100340 832100340 832100340 832100340 832100340 832100340 832100340 832100340 832100340 832100340 832100340 832100340 832100340 832100340 832100340 832100340 
832100340 832100340 832100340 832100340 832100340 832100340 832100340 832100340 832100340 832100340 832100340 832100340 832100340 832100340 832100340 832100340 832100340 
832100340 832100340 832100340 832100340 832100340 832100340 832100340 832100340 832100340 832100340 832100340 832100340 832100340 832100340 832100340 832100340 832100340 
832100340 832100340 832100340 832100340 832100340 832100340 832100340 832100340 832100340 832100340 832100340 832100340 832100340 832100340 832100340 832100340 832100340 
832100340 832100340 832100340 832100340 832100340 832100340 832100340 832100340 832100340 832100340 832100340 832100340 832100340 832100340 832100340 832100340 832100340 
832100340 832100340 832100340 832100340 832100340 832100340 832100340 832100340 832100340 832100340 832100340 832100340 832100340 832100340 832100340 832100340 832100340 
832100340 832100340 832100340 832100340 832100340 832100340 832100340 832100340 832100340 832100340 832100340 832100340 832100340 832100340 832100340 832100340 832100340 
832100340 832100340 832100340 832100340 832100340 832100340 832100340 832100340 832100340 832100340 832100340 832100340 832100340 832100340 832100340 832100340 832100340 
832100340 832100340 832100340 832100340 832100340 832100340 832100340 832100340 832100340 832100340 832100340 832100340 832100340 832100340 832100340 832100340 832100340 
832100340 832100340 832100340 832100340 832100340 832100340 832100340 832100340 832100340 832100340 832100340 832100340 832100340 832100340 832100340 832100340 832100340 
832100340 832100340 832100340 832100340 832100340 832100340 832100340 832100340 832100340 832100340 832100340 832100340 832100340 832100340 832100340 832100340 832100340 
832100340 832100340 832100340 832100340 832100340 832100340 832100340 832100340 832100340 832100340 832100340 832100340 832100340 832100340 832100340 832100340 832100340 
832100340 832100340 832100340 832100340 832100340 832100340 832100340 832100340 832100340 832100340 832100340 832100340 832100340 832100340 832100340 832100340 832100340 
832100340 832100340 832100340 832100340 832100340 832100340 832100340 832100340 832100340 832100340 832100340 832100340 832100340 832100340 832100340 832100340 832100340 
832100340 832100340 832100340 832100340 832100340 832100340 832100340 832100340 832100340 832100340 832100340 832100340 832100340 832100340 832100340 832100340 832100340 
832100340 832100340 832100340 832100340 832100340 832100340 832100340 832100340 832100340 832100340 832100340 832100340 832100340 832100340 832100340 832100340 832100340 
832100340 832100340 832100340 832100340 832100340 832100340 832100340 832100340 832100340 832100340 832100340 832100340 832100340 832100340 832100340 832100340 832100340 
832100340 832100340 832100340 832100340 832100340 832100340 832100340 832100340 832100340 832100340 832100340 832100340 832100340 832100340 832100340 832100340 832100340 
832100340 832100340 832100340 832100340 832100340 832100340 832100340 832100340 832100340 832100340 832100340 832100340 832100340 832100340 832100340 832100340 832100340 
832100340 832100340 832100340 832100340 832100340 832100340 832100340 832100340 832100340 832100340 832100340 832100340 832100340 832100340 832100340 832100340 832100340 
832100340 832100340 832100340 832100340 832100340 832100340 832100340 832100340 832100340 832100340 832100340 832100340 832100340 832100340 832100340 832100340 832100340 
832100340 832100340 832100340 832100340 832100340 832100340 832100340 832100340 832100340 832100340 832100340 832100340 832100340 832100340 832100340 832100340 832100340 
832100340 832100340 832100340 832100340 832100340 832100340 832100340 832100340 832100340 832100340 832100340 832100340 832100340 832100340 832100340 832100340 832100340 
832100340 832100340 832100340 832100340 832100340 832100340 832100340 832100340 832100340 832100340 832100340 832100340 832100340 832100340 832100340 832100340 832100340 
832100340 832100340 832100340 832100340 832100340 832100340 832100340 832100340 832100340 832100340 832100340 832100340 832100340 832100340 832100340 832100340 832100340 
832100340 832100340 832100340 832100340 832100340 832100340 832100340 832100340 832100340 832100340 832100340 832100340 832100340 832100340 832100340 832100340 832100340 
832100340 832100340 832100340 832100340 832100340 832100340 832100340 832100340 832100340 832100340 832100340 832100340 832100340 832100340 832100340 832100340 832100340 
832100340 832100340 832100340 832100340 832100340 832100340 832100340 832100340 832100340 832100340 832100340 832100340 832100340 832100340 832100340 832100340 832100340 
832100340 832100340 832100340 832100340 832100340 832100340 832100340 832100340 832100340 832100340 832100340 832100340 832100340 832100340 832100340 832100340 832100340 
832100340 832100340 832100340 832100340 832100340 832100340 832100340 832100340 832100340 832100340 832100340 832100340 832100340 832100340 832100340 832100340 832100340 
832100340 832100340 832100340 832100340 832100340 832100340 832100340 832100340 832100340 832100340 832100340 832100340 832100340 832100340 832100340 832100340 832100340 
832100340 832100340 832100340 832100340 832100340 832100340 832100340 832100340 832100340 832100340 832100340 832100340 832100340 832100340 832100340 832100340 832100340 
832100340 832100340 832100340 832100340 832100340 832100340 832100340 832100340 832100340 832100340 832100340 832100340 832100340 832100340 832100340 832100340 832100340 
832100340 832100340 832100340 832100340 832100340 832100340 832100340 832100340 832100340 832100340 832100340 832100340 832100340 832100340 832100340 832100340 832100340 
832100340 832100340 832100340 832100340 832100340 832100340 832100340 832100340 832100340 832100340 832100340 832100340 832100340 832100340 832100340 832100340 832100340 
832100340 832100340 832100340 832100340 832100340 832100340 832100340 832100340 832100340 832100340 832100340 832100340 832100340 832100340 832100340 832100340 832100340 
832100340 832100340 832100340 832100340 832100340 832100340 832100340 832100340 832100340 832100340 832100340 832100340 832100340 832100340 832100340 832100340 832100340 
832100340 832100340 832100340 832100340 832100340 832100340 832100340 832100340 832100340 832100340 832100340 832100340 832100340 832100340 832100340 832100340 832100340 
832100340 832100340 832100340 832100340 832100340 832100340 832100340 832100340 832100340 832100340 832100340 832100340 832100340 832100340 832100340 832100340 832100340 
832100340 832100340 832100340 832100340 832100340 832100340 832100340 832100340 832100340 832100340 832100340 832100340 832100340 832100340 832100340 832100340 832100340 
832100340 832100340 832100340 832100340 832100340 832100340 832100340 832100340 832100340 832100340 832100340 832100340 832100340 832100340 832100340 832100340 832100340 
832100340 832100340 832100340 832100340 832100340 832100340 832100340 832100340 832100340 832100340 832100340 832100340 832100340 832100340 832100340 832100340 832100340 
832100340 832100340 832100340 832100340 832100340 832100340 832100340 832100340 832100340 832100340 832100340 832100340 832100340 832100340 832100340 832100340 832100340 
832100340 832100340 832100340 832100340 832100340 832100340 832100340 832100340 832100340 832100340 832100340 832100340 832100340 832100340 832100340 832100340 832100340 
832100340 832100340 832100340 832100340 832100340 832100340 832100340 832100340 832100340 832100340 832100340 832100340 832100340 832100340 832100340 832100340 832100340 
832100340 832100340 832100340 832100340 832100340 832100340 832100340 832100340 832100340 832100340 832100340 832100340 832100340 832100340 832100340 832100340 832100340 
832100340 832100340 832100340 832100340 832100340 832100340 832100340 832100340 832100340 832100340 832100340 832100340 832100340 832100340 832100340 832100340 832100340 
832100340 832100340 832100340 832100340 832100340 832100340 832100340 832100340 832100340 832100340 832100340 832100340 832100340 832100340 832100340 832100340 832100340 
832100340 832100340 832100340 832100340 832100340 832100340 832100340 832100340 832100340 832100340 832100340 832100340 832100340 832100340 832100340 832100340 832100340 
832100340 832100340 832100340 832100340 832100340 832100340 832100340 832100340 832100340 832100340 832100340 832100340 832100340 832100340 832100340 832100340 832100340 
832100340 832100340 832100340 832100340 832100340 832100340 832100340 832100340 832100340 832100340 832100340 832100340 832100340 832100340 832100340 832100340 832100340 
832100340 832100340 832100340 832100340 832100340 832100340 832100340 832100340 832100340 832100340 832100340 832100340 832100340 832100340 832100340 832100340 832100340 
832100340 832100340 832100340 832100340 832100340 832100340 832100340 832100340 832100340 832100340 832100340 832100340 832100340 832100340 832100340 832100340 832100340 
