832099092 832099088/n832100372 832100372 832100372 832100372 832100372 832100372 832100372 832100372 832100372 832100372 832100372 832100372 832100372 832100372 832100372 832100372 832100372 832100372 832100372 832100372 832100372 832100372 832100372 832100372 832100372 832100372 832100372 832100372 832100372 832100372 832100372 832100372 832100372 832100372 832100372 832100372 832100372 
832100372 832100372 832100372 832100372 832100372 832100372 832100372 832100372 832100372 832100372 832100372 832100372 832100372 832100372 832100372 832100372 832100372 832100372 832100372 832100372 832100372 832100372 832100372 832100372 832100372 832100372 832100372 832100372 832100372 832100372 832100372 832100372 832100372 832100372 832100372 832100372 832100372 
832100372 832100372 832100372 832100372 832100372 832100372 832100372 832100372 832100372 832100372 832100372 832100372 832100372 832100372 832100372 832100372 832100372 832100372 832100372 832100372 832100372 832100372 832100372 832100372 832100372 832100372 832100372 832100372 832100372 832100372 832100372 832100372 832100372 832100372 832100372 832100372 832100372 
832100372 832100372 832100372 832100372 832100372 832100372 832100372 832100372 832100372 832100372 832100372 832100372 832100372 832100372 832100372 832100372 832100372 832100372 832100372 832100372 832100372 832100372 832100372 832100372 832100372 832100372 832100372 832100372 832100372 832100372 832100372 832100372 832100372 832100372 832100372 832100372 832100372 
832100372 832100372 832100372 832100372 832100372 832100372 832100372 832100372 832100372 832100372 832100372 832100372 832100372 832100372 832100372 832100372 832100372 832100372 832100372 832100372 832100372 832100372 832100372 832100372 832100372 832100372 832100372 832100372 832100372 832100372 832100372 832100372 832100372 832100372 832100372 832100372 832100372 
832100372 832100372 832100372 832100372 832100372 832100372 832100372 832100372 832100372 832100372 832100372 832100372 832100372 832100372 832100372 832100372 832100372 832100372 832100372 832100372 832100372 832100372 832100372 832100372 832100372 832100372 832100372 832100372 832100372 832100372 832100372 832100372 832100372 832100372 832100372 832100372 832100372 
832100372 832100372 832100372 832100372 832100372 832100372 832100372 832100372 832100372 832100372 832100372 832100372 832100372 832100372 832100372 832100372 832100372 832100372 832100372 832100372 832100372 832100372 832100372 832100372 832100372 832100372 832100372 832100372 832100372 832100372 832100372 832100372 832100372 832100372 832100372 832100372 832100372 
832100372 832100372 832100372 832100372 832100372 832100372 832100372 832100372 832100372 832100372 832100372 832100372 832100372 832100372 832100372 832100372 832100372 832100372 832100372 832100372 832100372 832100372 832100372 832100372 832100372 832100372 832100372 832100372 832100372 832100372 832100372 832100372 832100372 832100372 832100372 832100372 832100372 
832100372 832100372 832100372 832100372 832100372 832100372 832100372 832100372 832100372 832100372 832100372 832100372 832100372 832100372 832100372 832100372 832100372 832100372 832100372 832100372 832100372 832100372 832100372 832100372 832100372 832100372 832100372 832100372 832100372 832100372 832100372 832100372 832100372 832100372 832100372 832100372 832100372 
832100372 832100372 832100372 832100372 832100372 832100372 832100372 832100372 832100372 832100372 832100372 832100372 832100372 832100372 832100372 832100372 832100372 832100372 832100372 832100372 832100372 832100372 832100372 832100372 832100372 832100372 832100372 832100372 832100372 832100372 832100372 832100372 832100372 832100372 832100372 832100372 832100372 
832100372 832100372 832100372 832100372 832100372 832100372 832100372 832100372 832100372 832100372 832100372 832100372 832100372 832100372 832100372 832100372 832100372 832100372 832100372 832100372 832100372 832100372 832100372 832100372 832100372 832100372 832100372 832100372 832100372 832100372 832100372 832100372 832100372 832100372 832100372 832100372 832100372 
832100372 832100372 832100372 832100372 832100372 832100372 832100372 832100372 832100372 832100372 832100372 832100372 832100372 832100372 832100372 832100372 832100372 832100372 832100372 832100372 832100372 832100372 832100372 832100372 832100372 832100372 832100372 832100372 832100372 832100372 832100372 832100372 832100372 832100372 832100372 832100372 832100372 
832100372 832100372 832100372 832100372 832100372 832100372 832100372 832100372 832100372 832100372 832100372 832100372 832100372 832100372 832100372 832100372 832100372 832100372 832100372 832100372 832100372 832100372 832100372 832100372 832100372 832100372 832100372 832100372 832100372 832100372 832100372 832100372 832100372 832100372 832100372 832100372 832100372 
832100372 832100372 832100372 832100372 832100372 832100372 832100372 832100372 832100372 832100372 832100372 832100372 832100372 832100372 832100372 832100372 832100372 832100372 832100372 832100372 832100372 832100372 832100372 832100372 832100372 832100372 832100372 832100372 832100372 832100372 832100372 832100372 832100372 832100372 832100372 832100372 832100372 
832100372 832100372 832100372 832100372 832100372 832100372 832100372 832100372 832100372 832100372 832100372 832100372 832100372 832100372 832100372 832100372 832100372 832100372 832100372 832100372 832100372 832100372 832100372 832100372 832100372 832100372 832100372 832100372 832100372 832100372 832100372 832100372 832100372 832100372 832100372 832100372 832100372 
832100372 832100372 832100372 832100372 832100372 832100372 832100372 832100372 832100372 832100372 832100372 832100372 832100372 832100372 832100372 832100372 832100372 832100372 832100372 832100372 832100372 832100372 832100372 832100372 832100372 832100372 832100372 832100372 832100372 832100372 832100372 832100372 832100372 832100372 832100372 832100372 832100372 
832100372 832100372 832100372 832100372 832100372 832100372 832100372 832100372 832100372 832100372 832100372 832100372 832100372 832100372 832100372 832100372 832100372 832100372 832100372 832100372 832100372 832100372 832100372 832100372 832100372 832100372 832100372 832100372 832100372 832100372 832100372 832100372 832100372 832100372 832100372 832100372 832100372 
832100372 832100372 832100372 832100372 832100372 832100372 832100372 832100372 832100372 832100372 832100372 832100372 832100372 832100372 832100372 832100372 832100372 832100372 832100372 832100372 832100372 832100372 832100372 832100372 832100372 832100372 832100372 832100372 832100372 832100372 832100372 832100372 832100372 832100372 832100372 832100372 832100372 
832100372 832100372 832100372 832100372 832100372 832100372 832100372 832100372 832100372 832100372 832100372 832100372 832100372 832100372 832100372 832100372 832100372 832100372 832100372 832100372 832100372 832100372 832100372 832100372 832100372 832100372 832100372 832100372 832100372 832100372 832100372 832100372 832100372 832100372 832100372 832100372 832100372 
832100372 832100372 832100372 832100372 832100372 832100372 832100372 832100372 832100372 832100372 832100372 832100372 832100372 832100372 832100372 832100372 832100372 832100372 832100372 832100372 832100372 832100372 832100372 832100372 832100372 832100372 832100372 832100372 832100372 832100372 832100372 832100372 832100372 832100372 832100372 832100372 832100372 
832100372 832100372 832100372 832100372 832100372 832100372 832100372 832100372 832100372 832100372 832100372 832100372 832100372 832100372 832100372 832100372 832100372 832100372 832100372 832100372 832100372 832100372 832100372 832100372 832100372 832100372 832100372 832100372 832100372 832100372 832100372 832100372 832100372 832100372 832100372 832100372 832100372 
832100372 832100372 832100372 832100372 832100372 832100372 832100372 832100372 832100372 832100372 832100372 832100372 832100372 832100372 832100372 832100372 832100372 832100372 832100372 832100372 832100372 832100372 832100372 832100372 832100372 832100372 832100372 832100372 832100372 832100372 832100372 832100372 832100372 832100372 832100372 832100372 832100372 
832100372 832100372 832100372 832100372 832100372 832100372 832100372 832100372 832100372 832100372 832100372 832100372 832100372 832100372 832100372 832100372 832100372 832100372 832100372 832100372 832100372 832100372 832100372 832100372 832100372 832100372 832100372 832100372 832100372 832100372 832100372 832100372 832100372 832100372 832100372 832100372 832100372 
832100372 832100372 832100372 832100372 832100372 832100372 832100372 832100372 832100372 832100372 832100372 832100372 832100372 832100372 832100372 832100372 832100372 832100372 832100372 832100372 832100372 832100372 832100372 832100372 832100372 832100372 832100372 832100372 832100372 832100372 832100372 832100372 832100372 832100372 832100372 832100372 832100372 
832100372 832100372 832100372 832100372 832100372 832100372 832100372 832100372 832100372 832100372 832100372 832100372 832100372 832100372 832100372 832100372 832100372 832100372 832100372 832100372 832100372 832100372 832100372 832100372 832100372 832100372 832100372 832100372 832100372 832100372 832100372 832100372 832100372 832100372 832100372 832100372 832100372 
832100372 832100372 832100372 832100372 832100372 832100372 832100372 832100372 832100372 832100372 832100372 832100372 832100372 832100372 832100372 832100372 832100372 832100372 832100372 832100372 832100372 832100372 832100372 832100372 832100372 832100372 832100372 832100372 832100372 832100372 832100372 832100372 832100372 832100372 832100372 832100372 832100372 
832100372 832100372 832100372 832100372 832100372 832100372 832100372 832100372 832100372 832100372 832100372 832100372 832100372 832100372 832100372 832100372 832100372 832100372 832100372 832100372 832100372 832100372 832100372 832100372 832100372 832100372 832100372 832100372 832100372 832100372 832100372 832100372 832100372 832100372 832100372 832100372 832100372 
832100372 832100372 832100372 832100372 832100372 832100372 832100372 832100372 832100372 832100372 832100372 832100372 832100372 832100372 832100372 832100372 832100372 832100372 832100372 832100372 832100372 832100372 832100372 832100372 832100372 832100372 832100372 832100372 832100372 832100372 832100372 832100372 832100372 832100372 832100372 832100372 832100372 
832100372 832100372 832100372 832100372 832100372 832100372 832100372 832100372 832100372 832100372 832100372 832100372 832100372 832100372 832100372 832100372 832100372 832100372 832100372 832100372 832100372 832100372 832100372 832100372 832100372 832100372 832100372 832100372 832100372 832100372 832100372 832100372 832100372 832100372 832100372 832100372 832100372 
832100372 832100372 832100372 832100372 832100372 832100372 832100372 832100372 832100372 832100372 832100372 832100372 832100372 832100372 832100372 832100372 832100372 832100372 832100372 832100372 832100372 832100372 832100372 832100372 832100372 832100372 832100372 832100372 832100372 832100372 832100372 832100372 832100372 832100372 832100372 832100372 832100372 
832100372 832100372 832100372 832100372 832100372 832100372 832100372 832100372 832100372 832100372 832100372 832100372 832100372 832100372 832100372 832100372 832100372 832100372 832100372 832100372 832100372 832100372 832100372 832100372 832100372 832100372 832100372 832100372 832100372 832100372 832100372 832100372 832100372 832100372 832100372 832100372 832100372 
832100372 832100372 832100372 832100372 832100372 832100372 832100372 832100372 832100372 832100372 832100372 832100372 832100372 832100372 832100372 832100372 832100372 832100372 832100372 832100372 832100372 832100372 832100372 832100372 832100372 832100372 832100372 832100372 832100372 832100372 832100372 832100372 832100372 832100372 832100372 832100372 832100372 
832100372 832100372 832100372 832100372 832100372 832100372 832100372 832100372 832100372 832100372 832100372 832100372 832100372 832100372 832100372 832100372 832100372 832100372 832100372 832100372 832100372 832100372 832100372 832100372 832100372 832100372 832100372 832100372 832100372 832100372 832100372 832100372 832100372 832100372 832100372 832100372 832100372 
832100372 832100372 832100372 832100372 832100372 832100372 832100372 832100372 832100372 832100372 832100372 832100372 832100372 832100372 832100372 832100372 832100372 832100372 832100372 832100372 832100372 832100372 832100372 832100372 832100372 832100372 832100372 832100372 832100372 832100372 832100372 832100372 832100372 832100372 832100372 832100372 832100372 
832100372 832100372 832100372 832100372 832100372 832100372 832100372 832100372 832100372 832100372 832100372 832100372 832100372 832100372 832100372 832100372 832100372 832100372 832100372 832100372 832100372 832100372 832100372 832100372 832100372 832100372 832100372 832100372 832100372 832100372 832100372 832100372 832100372 832100372 832100372 832100372 832100372 
832100372 832100372 832100372 832100372 832100372 832100372 832100372 832100372 832100372 832100372 832100372 832100372 832100372 832100372 832100372 832100372 832100372 832100372 832100372 832100372 832100372 832100372 832100372 832100372 832100372 832100372 832100372 832100372 832100372 832100372 832100372 832100372 832100372 832100372 832100372 832100372 832100372 
832100372 832100372 832100372 832100372 832100372 832100372 832100372 832100372 832100372 832100372 832100372 832100372 832100372 832100372 832100372 832100372 832100372 832100372 832100372 832100372 832100372 832100372 832100372 832100372 832100372 832100372 832100372 832100372 832100372 832100372 832100372 832100372 832100372 832100372 832100372 832100372 832100372 
832100372 832100372 832100372 832100372 832100372 832100372 832100372 832100372 832100372 832100372 832100372 832100372 832100372 832100372 832100372 832100372 832100372 832100372 832100372 832100372 832100372 832100372 832100372 832100372 832100372 832100372 832100372 832100372 832100372 832100372 832100372 832100372 832100372 832100372 832100372 832100372 832100372 
832100372 832100372 832100372 832100372 832100372 832100372 832100372 832100372 832100372 832100372 832100372 832100372 832100372 832100372 832100372 832100372 832100372 832100372 832100372 832100372 832100372 832100372 832100372 832100372 832100372 832100372 832100372 832100372 832100372 832100372 832100372 832100372 832100372 832100372 832100372 832100372 832100372 
832100372 832100372 832100372 832100372 832100372 832100372 832100372 832100372 832100372 832100372 832100372 832100372 832100372 832100372 832100372 832100372 832100372 832100372 832100372 832100372 832100372 832100372 832100372 832100372 832100372 832100372 832100372 832100372 832100372 832100372 832100372 832100372 832100372 832100372 832100372 832100372 832100372 
832100372 832100372 832100372 832100372 832100372 832100372 832100372 832100372 832100372 832100372 832100372 832100372 832100372 832100372 832100372 832100372 832100372 832100372 832100372 832100372 832100372 832100372 832100372 832100372 832100372 832100372 832100372 832100372 832100372 832100372 832100372 832100372 832100372 832100372 832100372 832100372 832100372 
832100372 832100372 832100372 832100372 832100372 832100372 832100372 832100372 832100372 832100372 832100372 832100372 832100372 832100372 832100372 832100372 832100372 832100372 832100372 832100372 832100372 832100372 832100372 832100372 832100372 832100372 832100372 832100372 832100372 832100372 832100372 832100372 832100372 832100372 832100372 832100372 832100372 
832100372 832100372 832100372 832100372 832100372 832100372 832100372 832100372 832100372 832100372 832100372 832100372 832100372 832100372 832100372 832100372 832100372 832100372 832100372 832100372 832100372 832100372 832100372 832100372 832100372 832100372 832100372 832100372 832100372 832100372 832100372 832100372 832100372 832100372 832100372 832100372 832100372 
832100372 832100372 832100372 832100372 832100372 832100372 832100372 832100372 832100372 832100372 832100372 832100372 832100372 832100372 832100372 832100372 832100372 832100372 832100372 832100372 832100372 832100372 832100372 832100372 832100372 832100372 832100372 832100372 832100372 832100372 832100372 832100372 832100372 832100372 832100372 832100372 832100372 
832100372 832100372 832100372 832100372 832100372 832100372 832100372 832100372 832100372 832100372 832100372 832100372 832100372 832100372 832100372 832100372 832100372 832100372 832100372 832100372 832100372 832100372 832100372 832100372 832100372 832100372 832100372 832100372 832100372 832100372 832100372 832100372 832100372 832100372 832100372 832100372 832100372 
832100372 832100372 832100372 832100372 832100372 832100372 832100372 832100372 832100372 832100372 832100372 832100372 832100372 832100372 832100372 832100372 832100372 832100372 832100372 832100372 832100372 832100372 832100372 832100372 832100372 832100372 832100372 832100372 832100372 832100372 832100372 832100372 832100372 832100372 832100372 832100372 832100372 
832100372 832100372 832100372 832100372 832100372 832100372 832100372 832100372 832100372 832100372 832100372 832100372 832100372 832100372 832100372 832100372 832100372 832100372 832100372 832100372 832100372 832100372 832100372 832100372 832100372 832100372 832100372 832100372 832100372 832100372 832100372 832100372 832100372 832100372 832100372 832100372 832100372 
832100372 832100372 832100372 832100372 832100372 832100372 832100372 832100372 832100372 832100372 832100372 832100372 832100372 832100372 832100372 832100372 832100372 832100372 832100372 832100372 832100372 832100372 832100372 832100372 832100372 832100372 832100372 832100372 832100372 832100372 832100372 832100372 832100372 832100372 832100372 832100372 832100372 
832100372 832100372 832100372 832100372 832100372 832100372 832100372 832100372 832100372 832100372 832100372 832100372 832100372 832100372 832100372 832100372 832100372 832100372 832100372 832100372 832100372 832100372 832100372 832100372 832100372 832100372 832100372 832100372 832100372 832100372 832100372 832100372 832100372 832100372 832100372 832100372 832100372 
832100372 832100372 832100372 832100372 832100372 832100372 832100372 832100372 832100372 832100372 832100372 832100372 832100372 832100372 832100372 832100372 832100372 832100372 832100372 832100372 832100372 832100372 832100372 832100372 832100372 832100372 832100372 832100372 832100372 832100372 832100372 832100372 832100372 832100372 832100372 832100372 832100372 
