832099092 832099088/n832100264 832100264 832100264 832100264 832100264 832100264 832100264 832100264 832100264 832100264 832100264 832100264 832100264 832100264 832100264 832100264 832100264 832100264 832100264 832100264 832100264 832100264 832100264 832100264 832100264 832100264 832100264 832100264 832100264 832100264 
832100264 832100264 832100264 832100264 832100264 832100264 832100264 832100264 832100264 832100264 832100264 832100264 832100264 832100264 832100264 832100264 832100264 832100264 832100264 832100264 832100264 832100264 832100264 832100264 832100264 832100264 832100264 832100264 832100264 832100264 
832100264 832100264 832100264 832100264 832100264 832100264 832100264 832100264 832100264 832100264 832100264 832100264 832100264 832100264 832100264 832100264 832100264 832100264 832100264 832100264 832100264 832100264 832100264 832100264 832100264 832100264 832100264 832100264 832100264 832100264 
832100264 832100264 832100264 832100264 832100264 832100264 832100264 832100264 832100264 832100264 832100264 832100264 832100264 832100264 832100264 832100264 832100264 832100264 832100264 832100264 832100264 832100264 832100264 832100264 832100264 832100264 832100264 832100264 832100264 832100264 
832100264 832100264 832100264 832100264 832100264 832100264 832100264 832100264 832100264 832100264 832100264 832100264 832100264 832100264 832100264 832100264 832100264 832100264 832100264 832100264 832100264 832100264 832100264 832100264 832100264 832100264 832100264 832100264 832100264 832100264 
832100264 832100264 832100264 832100264 832100264 832100264 832100264 832100264 832100264 832100264 832100264 832100264 832100264 832100264 832100264 832100264 832100264 832100264 832100264 832100264 832100264 832100264 832100264 832100264 832100264 832100264 832100264 832100264 832100264 832100264 
832100264 832100264 832100264 832100264 832100264 832100264 832100264 832100264 832100264 832100264 832100264 832100264 832100264 832100264 832100264 832100264 832100264 832100264 832100264 832100264 832100264 832100264 832100264 832100264 832100264 832100264 832100264 832100264 832100264 832100264 
832100264 832100264 832100264 832100264 832100264 832100264 832100264 832100264 832100264 832100264 832100264 832100264 832100264 832100264 832100264 832100264 832100264 832100264 832100264 832100264 832100264 832100264 832100264 832100264 832100264 832100264 832100264 832100264 832100264 832100264 
832100264 832100264 832100264 832100264 832100264 832100264 832100264 832100264 832100264 832100264 832100264 832100264 832100264 832100264 832100264 832100264 832100264 832100264 832100264 832100264 832100264 832100264 832100264 832100264 832100264 832100264 832100264 832100264 832100264 832100264 
832100264 832100264 832100264 832100264 832100264 832100264 832100264 832100264 832100264 832100264 832100264 832100264 832100264 832100264 832100264 832100264 832100264 832100264 832100264 832100264 832100264 832100264 832100264 832100264 832100264 832100264 832100264 832100264 832100264 832100264 
832100264 832100264 832100264 832100264 832100264 832100264 832100264 832100264 832100264 832100264 832100264 832100264 832100264 832100264 832100264 832100264 832100264 832100264 832100264 832100264 832100264 832100264 832100264 832100264 832100264 832100264 832100264 832100264 832100264 832100264 
832100264 832100264 832100264 832100264 832100264 832100264 832100264 832100264 832100264 832100264 832100264 832100264 832100264 832100264 832100264 832100264 832100264 832100264 832100264 832100264 832100264 832100264 832100264 832100264 832100264 832100264 832100264 832100264 832100264 832100264 
832100264 832100264 832100264 832100264 832100264 832100264 832100264 832100264 832100264 832100264 832100264 832100264 832100264 832100264 832100264 832100264 832100264 832100264 832100264 832100264 832100264 832100264 832100264 832100264 832100264 832100264 832100264 832100264 832100264 832100264 
832100264 832100264 832100264 832100264 832100264 832100264 832100264 832100264 832100264 832100264 832100264 832100264 832100264 832100264 832100264 832100264 832100264 832100264 832100264 832100264 832100264 832100264 832100264 832100264 832100264 832100264 832100264 832100264 832100264 832100264 
832100264 832100264 832100264 832100264 832100264 832100264 832100264 832100264 832100264 832100264 832100264 832100264 832100264 832100264 832100264 832100264 832100264 832100264 832100264 832100264 832100264 832100264 832100264 832100264 832100264 832100264 832100264 832100264 832100264 832100264 
832100264 832100264 832100264 832100264 832100264 832100264 832100264 832100264 832100264 832100264 832100264 832100264 832100264 832100264 832100264 832100264 832100264 832100264 832100264 832100264 832100264 832100264 832100264 832100264 832100264 832100264 832100264 832100264 832100264 832100264 
832100264 832100264 832100264 832100264 832100264 832100264 832100264 832100264 832100264 832100264 832100264 832100264 832100264 832100264 832100264 832100264 832100264 832100264 832100264 832100264 832100264 832100264 832100264 832100264 832100264 832100264 832100264 832100264 832100264 832100264 
832100264 832100264 832100264 832100264 832100264 832100264 832100264 832100264 832100264 832100264 832100264 832100264 832100264 832100264 832100264 832100264 832100264 832100264 832100264 832100264 832100264 832100264 832100264 832100264 832100264 832100264 832100264 832100264 832100264 832100264 
832100264 832100264 832100264 832100264 832100264 832100264 832100264 832100264 832100264 832100264 832100264 832100264 832100264 832100264 832100264 832100264 832100264 832100264 832100264 832100264 832100264 832100264 832100264 832100264 832100264 832100264 832100264 832100264 832100264 832100264 
832100264 832100264 832100264 832100264 832100264 832100264 832100264 832100264 832100264 832100264 832100264 832100264 832100264 832100264 832100264 832100264 832100264 832100264 832100264 832100264 832100264 832100264 832100264 832100264 832100264 832100264 832100264 832100264 832100264 832100264 
832100264 832100264 832100264 832100264 832100264 832100264 832100264 832100264 832100264 832100264 832100264 832100264 832100264 832100264 832100264 832100264 832100264 832100264 832100264 832100264 832100264 832100264 832100264 832100264 832100264 832100264 832100264 832100264 832100264 832100264 
832100264 832100264 832100264 832100264 832100264 832100264 832100264 832100264 832100264 832100264 832100264 832100264 832100264 832100264 832100264 832100264 832100264 832100264 832100264 832100264 832100264 832100264 832100264 832100264 832100264 832100264 832100264 832100264 832100264 832100264 
832100264 832100264 832100264 832100264 832100264 832100264 832100264 832100264 832100264 832100264 832100264 832100264 832100264 832100264 832100264 832100264 832100264 832100264 832100264 832100264 832100264 832100264 832100264 832100264 832100264 832100264 832100264 832100264 832100264 832100264 
832100264 832100264 832100264 832100264 832100264 832100264 832100264 832100264 832100264 832100264 832100264 832100264 832100264 832100264 832100264 832100264 832100264 832100264 832100264 832100264 832100264 832100264 832100264 832100264 832100264 832100264 832100264 832100264 832100264 832100264 
832100264 832100264 832100264 832100264 832100264 832100264 832100264 832100264 832100264 832100264 832100264 832100264 832100264 832100264 832100264 832100264 832100264 832100264 832100264 832100264 832100264 832100264 832100264 832100264 832100264 832100264 832100264 832100264 832100264 832100264 
832100264 832100264 832100264 832100264 832100264 832100264 832100264 832100264 832100264 832100264 832100264 832100264 832100264 832100264 832100264 832100264 832100264 832100264 832100264 832100264 832100264 832100264 832100264 832100264 832100264 832100264 832100264 832100264 832100264 832100264 
832100264 832100264 832100264 832100264 832100264 832100264 832100264 832100264 832100264 832100264 832100264 832100264 832100264 832100264 832100264 832100264 832100264 832100264 832100264 832100264 832100264 832100264 832100264 832100264 832100264 832100264 832100264 832100264 832100264 832100264 
832100264 832100264 832100264 832100264 832100264 832100264 832100264 832100264 832100264 832100264 832100264 832100264 832100264 832100264 832100264 832100264 832100264 832100264 832100264 832100264 832100264 832100264 832100264 832100264 832100264 832100264 832100264 832100264 832100264 832100264 
832100264 832100264 832100264 832100264 832100264 832100264 832100264 832100264 832100264 832100264 832100264 832100264 832100264 832100264 832100264 832100264 832100264 832100264 832100264 832100264 832100264 832100264 832100264 832100264 832100264 832100264 832100264 832100264 832100264 832100264 
832100264 832100264 832100264 832100264 832100264 832100264 832100264 832100264 832100264 832100264 832100264 832100264 832100264 832100264 832100264 832100264 832100264 832100264 832100264 832100264 832100264 832100264 832100264 832100264 832100264 832100264 832100264 832100264 832100264 832100264 
832100264 832100264 832100264 832100264 832100264 832100264 832100264 832100264 832100264 832100264 832100264 832100264 832100264 832100264 832100264 832100264 832100264 832100264 832100264 832100264 832100264 832100264 832100264 832100264 832100264 832100264 832100264 832100264 832100264 832100264 
832100264 832100264 832100264 832100264 832100264 832100264 832100264 832100264 832100264 832100264 832100264 832100264 832100264 832100264 832100264 832100264 832100264 832100264 832100264 832100264 832100264 832100264 832100264 832100264 832100264 832100264 832100264 832100264 832100264 832100264 
832100264 832100264 832100264 832100264 832100264 832100264 832100264 832100264 832100264 832100264 832100264 832100264 832100264 832100264 832100264 832100264 832100264 832100264 832100264 832100264 832100264 832100264 832100264 832100264 832100264 832100264 832100264 832100264 832100264 832100264 
832100264 832100264 832100264 832100264 832100264 832100264 832100264 832100264 832100264 832100264 832100264 832100264 832100264 832100264 832100264 832100264 832100264 832100264 832100264 832100264 832100264 832100264 832100264 832100264 832100264 832100264 832100264 832100264 832100264 832100264 
832100264 832100264 832100264 832100264 832100264 832100264 832100264 832100264 832100264 832100264 832100264 832100264 832100264 832100264 832100264 832100264 832100264 832100264 832100264 832100264 832100264 832100264 832100264 832100264 832100264 832100264 832100264 832100264 832100264 832100264 
832100264 832100264 832100264 832100264 832100264 832100264 832100264 832100264 832100264 832100264 832100264 832100264 832100264 832100264 832100264 832100264 832100264 832100264 832100264 832100264 832100264 832100264 832100264 832100264 832100264 832100264 832100264 832100264 832100264 832100264 
832100264 832100264 832100264 832100264 832100264 832100264 832100264 832100264 832100264 832100264 832100264 832100264 832100264 832100264 832100264 832100264 832100264 832100264 832100264 832100264 832100264 832100264 832100264 832100264 832100264 832100264 832100264 832100264 832100264 832100264 
832100264 832100264 832100264 832100264 832100264 832100264 832100264 832100264 832100264 832100264 832100264 832100264 832100264 832100264 832100264 832100264 832100264 832100264 832100264 832100264 832100264 832100264 832100264 832100264 832100264 832100264 832100264 832100264 832100264 832100264 
832100264 832100264 832100264 832100264 832100264 832100264 832100264 832100264 832100264 832100264 832100264 832100264 832100264 832100264 832100264 832100264 832100264 832100264 832100264 832100264 832100264 832100264 832100264 832100264 832100264 832100264 832100264 832100264 832100264 832100264 
832100264 832100264 832100264 832100264 832100264 832100264 832100264 832100264 832100264 832100264 832100264 832100264 832100264 832100264 832100264 832100264 832100264 832100264 832100264 832100264 832100264 832100264 832100264 832100264 832100264 832100264 832100264 832100264 832100264 832100264 
832100264 832100264 832100264 832100264 832100264 832100264 832100264 832100264 832100264 832100264 832100264 832100264 832100264 832100264 832100264 832100264 832100264 832100264 832100264 832100264 832100264 832100264 832100264 832100264 832100264 832100264 832100264 832100264 832100264 832100264 
832100264 832100264 832100264 832100264 832100264 832100264 832100264 832100264 832100264 832100264 832100264 832100264 832100264 832100264 832100264 832100264 832100264 832100264 832100264 832100264 832100264 832100264 832100264 832100264 832100264 832100264 832100264 832100264 832100264 832100264 
832100264 832100264 832100264 832100264 832100264 832100264 832100264 832100264 832100264 832100264 832100264 832100264 832100264 832100264 832100264 832100264 832100264 832100264 832100264 832100264 832100264 832100264 832100264 832100264 832100264 832100264 832100264 832100264 832100264 832100264 
832100264 832100264 832100264 832100264 832100264 832100264 832100264 832100264 832100264 832100264 832100264 832100264 832100264 832100264 832100264 832100264 832100264 832100264 832100264 832100264 832100264 832100264 832100264 832100264 832100264 832100264 832100264 832100264 832100264 832100264 
832100264 832100264 832100264 832100264 832100264 832100264 832100264 832100264 832100264 832100264 832100264 832100264 832100264 832100264 832100264 832100264 832100264 832100264 832100264 832100264 832100264 832100264 832100264 832100264 832100264 832100264 832100264 832100264 832100264 832100264 
