832099092 832099088/n832100416 832100416 832100416 832100416 832100416 832100416 832100416 832100416 832100416 832100416 832100416 832100416 832100416 832100416 832100416 832100416 832100416 832100416 832100416 832100416 
832100416 832100416 832100416 832100416 832100416 832100416 832100416 832100416 832100416 832100416 832100416 832100416 832100416 832100416 832100416 832100416 832100416 832100416 832100416 832100416 
832100416 832100416 832100416 832100416 832100416 832100416 832100416 832100416 832100416 832100416 832100416 832100416 832100416 832100416 832100416 832100416 832100416 832100416 832100416 832100416 
832100416 832100416 832100416 832100416 832100416 832100416 832100416 832100416 832100416 832100416 832100416 832100416 832100416 832100416 832100416 832100416 832100416 832100416 832100416 832100416 
832100416 832100416 832100416 832100416 832100416 832100416 832100416 832100416 832100416 832100416 832100416 832100416 832100416 832100416 832100416 832100416 832100416 832100416 832100416 832100416 
832100416 832100416 832100416 832100416 832100416 832100416 832100416 832100416 832100416 832100416 832100416 832100416 832100416 832100416 832100416 832100416 832100416 832100416 832100416 832100416 
832100416 832100416 832100416 832100416 832100416 832100416 832100416 832100416 832100416 832100416 832100416 832100416 832100416 832100416 832100416 832100416 832100416 832100416 832100416 832100416 
832100416 832100416 832100416 832100416 832100416 832100416 832100416 832100416 832100416 832100416 832100416 832100416 832100416 832100416 832100416 832100416 832100416 832100416 832100416 832100416 
832100416 832100416 832100416 832100416 832100416 832100416 832100416 832100416 832100416 832100416 832100416 832100416 832100416 832100416 832100416 832100416 832100416 832100416 832100416 832100416 
832100416 832100416 832100416 832100416 832100416 832100416 832100416 832100416 832100416 832100416 832100416 832100416 832100416 832100416 832100416 832100416 832100416 832100416 832100416 832100416 
832100416 832100416 832100416 832100416 832100416 832100416 832100416 832100416 832100416 832100416 832100416 832100416 832100416 832100416 832100416 832100416 832100416 832100416 832100416 832100416 
832100416 832100416 832100416 832100416 832100416 832100416 832100416 832100416 832100416 832100416 832100416 832100416 832100416 832100416 832100416 832100416 832100416 832100416 832100416 832100416 
832100416 832100416 832100416 832100416 832100416 832100416 832100416 832100416 832100416 832100416 832100416 832100416 832100416 832100416 832100416 832100416 832100416 832100416 832100416 832100416 
832100416 832100416 832100416 832100416 832100416 832100416 832100416 832100416 832100416 832100416 832100416 832100416 832100416 832100416 832100416 832100416 832100416 832100416 832100416 832100416 
832100416 832100416 832100416 832100416 832100416 832100416 832100416 832100416 832100416 832100416 832100416 832100416 832100416 832100416 832100416 832100416 832100416 832100416 832100416 832100416 
832100416 832100416 832100416 832100416 832100416 832100416 832100416 832100416 832100416 832100416 832100416 832100416 832100416 832100416 832100416 832100416 832100416 832100416 832100416 832100416 
832100416 832100416 832100416 832100416 832100416 832100416 832100416 832100416 832100416 832100416 832100416 832100416 832100416 832100416 832100416 832100416 832100416 832100416 832100416 832100416 
832100416 832100416 832100416 832100416 832100416 832100416 832100416 832100416 832100416 832100416 832100416 832100416 832100416 832100416 832100416 832100416 832100416 832100416 832100416 832100416 
832100416 832100416 832100416 832100416 832100416 832100416 832100416 832100416 832100416 832100416 832100416 832100416 832100416 832100416 832100416 832100416 832100416 832100416 832100416 832100416 
832100416 832100416 832100416 832100416 832100416 832100416 832100416 832100416 832100416 832100416 832100416 832100416 832100416 832100416 832100416 832100416 832100416 832100416 832100416 832100416 
832100416 832100416 832100416 832100416 832100416 832100416 832100416 832100416 832100416 832100416 832100416 832100416 832100416 832100416 832100416 832100416 832100416 832100416 832100416 832100416 
832100416 832100416 832100416 832100416 832100416 832100416 832100416 832100416 832100416 832100416 832100416 832100416 832100416 832100416 832100416 832100416 832100416 832100416 832100416 832100416 
832100416 832100416 832100416 832100416 832100416 832100416 832100416 832100416 832100416 832100416 832100416 832100416 832100416 832100416 832100416 832100416 832100416 832100416 832100416 832100416 
832100416 832100416 832100416 832100416 832100416 832100416 832100416 832100416 832100416 832100416 832100416 832100416 832100416 832100416 832100416 832100416 832100416 832100416 832100416 832100416 
832100416 832100416 832100416 832100416 832100416 832100416 832100416 832100416 832100416 832100416 832100416 832100416 832100416 832100416 832100416 832100416 832100416 832100416 832100416 832100416 
832100416 832100416 832100416 832100416 832100416 832100416 832100416 832100416 832100416 832100416 832100416 832100416 832100416 832100416 832100416 832100416 832100416 832100416 832100416 832100416 
832100416 832100416 832100416 832100416 832100416 832100416 832100416 832100416 832100416 832100416 832100416 832100416 832100416 832100416 832100416 832100416 832100416 832100416 832100416 832100416 
832100416 832100416 832100416 832100416 832100416 832100416 832100416 832100416 832100416 832100416 832100416 832100416 832100416 832100416 832100416 832100416 832100416 832100416 832100416 832100416 
832100416 832100416 832100416 832100416 832100416 832100416 832100416 832100416 832100416 832100416 832100416 832100416 832100416 832100416 832100416 832100416 832100416 832100416 832100416 832100416 
832100416 832100416 832100416 832100416 832100416 832100416 832100416 832100416 832100416 832100416 832100416 832100416 832100416 832100416 832100416 832100416 832100416 832100416 832100416 832100416 
832100416 832100416 832100416 832100416 832100416 832100416 832100416 832100416 832100416 832100416 832100416 832100416 832100416 832100416 832100416 832100416 832100416 832100416 832100416 832100416 
832100416 832100416 832100416 832100416 832100416 832100416 832100416 832100416 832100416 832100416 832100416 832100416 832100416 832100416 832100416 832100416 832100416 832100416 832100416 832100416 
832100416 832100416 832100416 832100416 832100416 832100416 832100416 832100416 832100416 832100416 832100416 832100416 832100416 832100416 832100416 832100416 832100416 832100416 832100416 832100416 
832100416 832100416 832100416 832100416 832100416 832100416 832100416 832100416 832100416 832100416 832100416 832100416 832100416 832100416 832100416 832100416 832100416 832100416 832100416 832100416 
832100416 832100416 832100416 832100416 832100416 832100416 832100416 832100416 832100416 832100416 832100416 832100416 832100416 832100416 832100416 832100416 832100416 832100416 832100416 832100416 
832100416 832100416 832100416 832100416 832100416 832100416 832100416 832100416 832100416 832100416 832100416 832100416 832100416 832100416 832100416 832100416 832100416 832100416 832100416 832100416 
832100416 832100416 832100416 832100416 832100416 832100416 832100416 832100416 832100416 832100416 832100416 832100416 832100416 832100416 832100416 832100416 832100416 832100416 832100416 832100416 
832100416 832100416 832100416 832100416 832100416 832100416 832100416 832100416 832100416 832100416 832100416 832100416 832100416 832100416 832100416 832100416 832100416 832100416 832100416 832100416 
832100416 832100416 832100416 832100416 832100416 832100416 832100416 832100416 832100416 832100416 832100416 832100416 832100416 832100416 832100416 832100416 832100416 832100416 832100416 832100416 
832100416 832100416 832100416 832100416 832100416 832100416 832100416 832100416 832100416 832100416 832100416 832100416 832100416 832100416 832100416 832100416 832100416 832100416 832100416 832100416 
832100416 832100416 832100416 832100416 832100416 832100416 832100416 832100416 832100416 832100416 832100416 832100416 832100416 832100416 832100416 832100416 832100416 832100416 832100416 832100416 
832100416 832100416 832100416 832100416 832100416 832100416 832100416 832100416 832100416 832100416 832100416 832100416 832100416 832100416 832100416 832100416 832100416 832100416 832100416 832100416 
832100416 832100416 832100416 832100416 832100416 832100416 832100416 832100416 832100416 832100416 832100416 832100416 832100416 832100416 832100416 832100416 832100416 832100416 832100416 832100416 
832100416 832100416 832100416 832100416 832100416 832100416 832100416 832100416 832100416 832100416 832100416 832100416 832100416 832100416 832100416 832100416 832100416 832100416 832100416 832100416 
832100416 832100416 832100416 832100416 832100416 832100416 832100416 832100416 832100416 832100416 832100416 832100416 832100416 832100416 832100416 832100416 832100416 832100416 832100416 832100416 
832100416 832100416 832100416 832100416 832100416 832100416 832100416 832100416 832100416 832100416 832100416 832100416 832100416 832100416 832100416 832100416 832100416 832100416 832100416 832100416 
832100416 832100416 832100416 832100416 832100416 832100416 832100416 832100416 832100416 832100416 832100416 832100416 832100416 832100416 832100416 832100416 832100416 832100416 832100416 832100416 
832100416 832100416 832100416 832100416 832100416 832100416 832100416 832100416 832100416 832100416 832100416 832100416 832100416 832100416 832100416 832100416 832100416 832100416 832100416 832100416 
832100416 832100416 832100416 832100416 832100416 832100416 832100416 832100416 832100416 832100416 832100416 832100416 832100416 832100416 832100416 832100416 832100416 832100416 832100416 832100416 
832100416 832100416 832100416 832100416 832100416 832100416 832100416 832100416 832100416 832100416 832100416 832100416 832100416 832100416 832100416 832100416 832100416 832100416 832100416 832100416 
832100416 832100416 832100416 832100416 832100416 832100416 832100416 832100416 832100416 832100416 832100416 832100416 832100416 832100416 832100416 832100416 832100416 832100416 832100416 832100416 
832100416 832100416 832100416 832100416 832100416 832100416 832100416 832100416 832100416 832100416 832100416 832100416 832100416 832100416 832100416 832100416 832100416 832100416 832100416 832100416 
832100416 832100416 832100416 832100416 832100416 832100416 832100416 832100416 832100416 832100416 832100416 832100416 832100416 832100416 832100416 832100416 832100416 832100416 832100416 832100416 
832100416 832100416 832100416 832100416 832100416 832100416 832100416 832100416 832100416 832100416 832100416 832100416 832100416 832100416 832100416 832100416 832100416 832100416 832100416 832100416 
832100416 832100416 832100416 832100416 832100416 832100416 832100416 832100416 832100416 832100416 832100416 832100416 832100416 832100416 832100416 832100416 832100416 832100416 832100416 832100416 
832100416 832100416 832100416 832100416 832100416 832100416 832100416 832100416 832100416 832100416 832100416 832100416 832100416 832100416 832100416 832100416 832100416 832100416 832100416 832100416 
832100416 832100416 832100416 832100416 832100416 832100416 832100416 832100416 832100416 832100416 832100416 832100416 832100416 832100416 832100416 832100416 832100416 832100416 832100416 832100416 
