832099092 832099088/n832100288 832100288 832100288 832100288 832100288 832100288 832100288 832100288 832100288 832100288 832100288 832100288 832100288 832100288 832100288 832100288 832100288 832100288 832100288 832100288 832100288 832100288 832100288 832100288 
832100288 832100288 832100288 832100288 832100288 832100288 832100288 832100288 832100288 832100288 832100288 832100288 832100288 832100288 832100288 832100288 832100288 832100288 832100288 832100288 832100288 832100288 832100288 832100288 
832100288 832100288 832100288 832100288 832100288 832100288 832100288 832100288 832100288 832100288 832100288 832100288 832100288 832100288 832100288 832100288 832100288 832100288 832100288 832100288 832100288 832100288 832100288 832100288 
832100288 832100288 832100288 832100288 832100288 832100288 832100288 832100288 832100288 832100288 832100288 832100288 832100288 832100288 832100288 832100288 832100288 832100288 832100288 832100288 832100288 832100288 832100288 832100288 
832100288 832100288 832100288 832100288 832100288 832100288 832100288 832100288 832100288 832100288 832100288 832100288 832100288 832100288 832100288 832100288 832100288 832100288 832100288 832100288 832100288 832100288 832100288 832100288 
832100288 832100288 832100288 832100288 832100288 832100288 832100288 832100288 832100288 832100288 832100288 832100288 832100288 832100288 832100288 832100288 832100288 832100288 832100288 832100288 832100288 832100288 832100288 832100288 
832100288 832100288 832100288 832100288 832100288 832100288 832100288 832100288 832100288 832100288 832100288 832100288 832100288 832100288 832100288 832100288 832100288 832100288 832100288 832100288 832100288 832100288 832100288 832100288 
832100288 832100288 832100288 832100288 832100288 832100288 832100288 832100288 832100288 832100288 832100288 832100288 832100288 832100288 832100288 832100288 832100288 832100288 832100288 832100288 832100288 832100288 832100288 832100288 
832100288 832100288 832100288 832100288 832100288 832100288 832100288 832100288 832100288 832100288 832100288 832100288 832100288 832100288 832100288 832100288 832100288 832100288 832100288 832100288 832100288 832100288 832100288 832100288 
832100288 832100288 832100288 832100288 832100288 832100288 832100288 832100288 832100288 832100288 832100288 832100288 832100288 832100288 832100288 832100288 832100288 832100288 832100288 832100288 832100288 832100288 832100288 832100288 
832100288 832100288 832100288 832100288 832100288 832100288 832100288 832100288 832100288 832100288 832100288 832100288 832100288 832100288 832100288 832100288 832100288 832100288 832100288 832100288 832100288 832100288 832100288 832100288 
832100288 832100288 832100288 832100288 832100288 832100288 832100288 832100288 832100288 832100288 832100288 832100288 832100288 832100288 832100288 832100288 832100288 832100288 832100288 832100288 832100288 832100288 832100288 832100288 
832100288 832100288 832100288 832100288 832100288 832100288 832100288 832100288 832100288 832100288 832100288 832100288 832100288 832100288 832100288 832100288 832100288 832100288 832100288 832100288 832100288 832100288 832100288 832100288 
832100288 832100288 832100288 832100288 832100288 832100288 832100288 832100288 832100288 832100288 832100288 832100288 832100288 832100288 832100288 832100288 832100288 832100288 832100288 832100288 832100288 832100288 832100288 832100288 
832100288 832100288 832100288 832100288 832100288 832100288 832100288 832100288 832100288 832100288 832100288 832100288 832100288 832100288 832100288 832100288 832100288 832100288 832100288 832100288 832100288 832100288 832100288 832100288 
832100288 832100288 832100288 832100288 832100288 832100288 832100288 832100288 832100288 832100288 832100288 832100288 832100288 832100288 832100288 832100288 832100288 832100288 832100288 832100288 832100288 832100288 832100288 832100288 
832100288 832100288 832100288 832100288 832100288 832100288 832100288 832100288 832100288 832100288 832100288 832100288 832100288 832100288 832100288 832100288 832100288 832100288 832100288 832100288 832100288 832100288 832100288 832100288 
832100288 832100288 832100288 832100288 832100288 832100288 832100288 832100288 832100288 832100288 832100288 832100288 832100288 832100288 832100288 832100288 832100288 832100288 832100288 832100288 832100288 832100288 832100288 832100288 
832100288 832100288 832100288 832100288 832100288 832100288 832100288 832100288 832100288 832100288 832100288 832100288 832100288 832100288 832100288 832100288 832100288 832100288 832100288 832100288 832100288 832100288 832100288 832100288 
832100288 832100288 832100288 832100288 832100288 832100288 832100288 832100288 832100288 832100288 832100288 832100288 832100288 832100288 832100288 832100288 832100288 832100288 832100288 832100288 832100288 832100288 832100288 832100288 
832100288 832100288 832100288 832100288 832100288 832100288 832100288 832100288 832100288 832100288 832100288 832100288 832100288 832100288 832100288 832100288 832100288 832100288 832100288 832100288 832100288 832100288 832100288 832100288 
832100288 832100288 832100288 832100288 832100288 832100288 832100288 832100288 832100288 832100288 832100288 832100288 832100288 832100288 832100288 832100288 832100288 832100288 832100288 832100288 832100288 832100288 832100288 832100288 
832100288 832100288 832100288 832100288 832100288 832100288 832100288 832100288 832100288 832100288 832100288 832100288 832100288 832100288 832100288 832100288 832100288 832100288 832100288 832100288 832100288 832100288 832100288 832100288 
832100288 832100288 832100288 832100288 832100288 832100288 832100288 832100288 832100288 832100288 832100288 832100288 832100288 832100288 832100288 832100288 832100288 832100288 832100288 832100288 832100288 832100288 832100288 832100288 
832100288 832100288 832100288 832100288 832100288 832100288 832100288 832100288 832100288 832100288 832100288 832100288 832100288 832100288 832100288 832100288 832100288 832100288 832100288 832100288 832100288 832100288 832100288 832100288 
832100288 832100288 832100288 832100288 832100288 832100288 832100288 832100288 832100288 832100288 832100288 832100288 832100288 832100288 832100288 832100288 832100288 832100288 832100288 832100288 832100288 832100288 832100288 832100288 
832100288 832100288 832100288 832100288 832100288 832100288 832100288 832100288 832100288 832100288 832100288 832100288 832100288 832100288 832100288 832100288 832100288 832100288 832100288 832100288 832100288 832100288 832100288 832100288 
832100288 832100288 832100288 832100288 832100288 832100288 832100288 832100288 832100288 832100288 832100288 832100288 832100288 832100288 832100288 832100288 832100288 832100288 832100288 832100288 832100288 832100288 832100288 832100288 
832100288 832100288 832100288 832100288 832100288 832100288 832100288 832100288 832100288 832100288 832100288 832100288 832100288 832100288 832100288 832100288 832100288 832100288 832100288 832100288 832100288 832100288 832100288 832100288 
832100288 832100288 832100288 832100288 832100288 832100288 832100288 832100288 832100288 832100288 832100288 832100288 832100288 832100288 832100288 832100288 832100288 832100288 832100288 832100288 832100288 832100288 832100288 832100288 
832100288 832100288 832100288 832100288 832100288 832100288 832100288 832100288 832100288 832100288 832100288 832100288 832100288 832100288 832100288 832100288 832100288 832100288 832100288 832100288 832100288 832100288 832100288 832100288 
832100288 832100288 832100288 832100288 832100288 832100288 832100288 832100288 832100288 832100288 832100288 832100288 832100288 832100288 832100288 832100288 832100288 832100288 832100288 832100288 832100288 832100288 832100288 832100288 
832100288 832100288 832100288 832100288 832100288 832100288 832100288 832100288 832100288 832100288 832100288 832100288 832100288 832100288 832100288 832100288 832100288 832100288 832100288 832100288 832100288 832100288 832100288 832100288 
832100288 832100288 832100288 832100288 832100288 832100288 832100288 832100288 832100288 832100288 832100288 832100288 832100288 832100288 832100288 832100288 832100288 832100288 832100288 832100288 832100288 832100288 832100288 832100288 
832100288 832100288 832100288 832100288 832100288 832100288 832100288 832100288 832100288 832100288 832100288 832100288 832100288 832100288 832100288 832100288 832100288 832100288 832100288 832100288 832100288 832100288 832100288 832100288 
832100288 832100288 832100288 832100288 832100288 832100288 832100288 832100288 832100288 832100288 832100288 832100288 832100288 832100288 832100288 832100288 832100288 832100288 832100288 832100288 832100288 832100288 832100288 832100288 
832100288 832100288 832100288 832100288 832100288 832100288 832100288 832100288 832100288 832100288 832100288 832100288 832100288 832100288 832100288 832100288 832100288 832100288 832100288 832100288 832100288 832100288 832100288 832100288 
832100288 832100288 832100288 832100288 832100288 832100288 832100288 832100288 832100288 832100288 832100288 832100288 832100288 832100288 832100288 832100288 832100288 832100288 832100288 832100288 832100288 832100288 832100288 832100288 
832100288 832100288 832100288 832100288 832100288 832100288 832100288 832100288 832100288 832100288 832100288 832100288 832100288 832100288 832100288 832100288 832100288 832100288 832100288 832100288 832100288 832100288 832100288 832100288 
832100288 832100288 832100288 832100288 832100288 832100288 832100288 832100288 832100288 832100288 832100288 832100288 832100288 832100288 832100288 832100288 832100288 832100288 832100288 832100288 832100288 832100288 832100288 832100288 
832100288 832100288 832100288 832100288 832100288 832100288 832100288 832100288 832100288 832100288 832100288 832100288 832100288 832100288 832100288 832100288 832100288 832100288 832100288 832100288 832100288 832100288 832100288 832100288 
832100288 832100288 832100288 832100288 832100288 832100288 832100288 832100288 832100288 832100288 832100288 832100288 832100288 832100288 832100288 832100288 832100288 832100288 832100288 832100288 832100288 832100288 832100288 832100288 
832100288 832100288 832100288 832100288 832100288 832100288 832100288 832100288 832100288 832100288 832100288 832100288 832100288 832100288 832100288 832100288 832100288 832100288 832100288 832100288 832100288 832100288 832100288 832100288 
832100288 832100288 832100288 832100288 832100288 832100288 832100288 832100288 832100288 832100288 832100288 832100288 832100288 832100288 832100288 832100288 832100288 832100288 832100288 832100288 832100288 832100288 832100288 832100288 
832100288 832100288 832100288 832100288 832100288 832100288 832100288 832100288 832100288 832100288 832100288 832100288 832100288 832100288 832100288 832100288 832100288 832100288 832100288 832100288 832100288 832100288 832100288 832100288 
832100288 832100288 832100288 832100288 832100288 832100288 832100288 832100288 832100288 832100288 832100288 832100288 832100288 832100288 832100288 832100288 832100288 832100288 832100288 832100288 832100288 832100288 832100288 832100288 
832100288 832100288 832100288 832100288 832100288 832100288 832100288 832100288 832100288 832100288 832100288 832100288 832100288 832100288 832100288 832100288 832100288 832100288 832100288 832100288 832100288 832100288 832100288 832100288 
832100288 832100288 832100288 832100288 832100288 832100288 832100288 832100288 832100288 832100288 832100288 832100288 832100288 832100288 832100288 832100288 832100288 832100288 832100288 832100288 832100288 832100288 832100288 832100288 
