832099092 832099088/n832100020 832100020 832100020 832100020 832100020 832100020 832100020 832100020 832100020 832100020 832100020 832100020 832100020 832100020 832100020 832100020 832100020 
832100020 832100020 832100020 832100020 832100020 832100020 832100020 832100020 832100020 832100020 832100020 832100020 832100020 832100020 832100020 832100020 832100020 
832100020 832100020 832100020 832100020 832100020 832100020 832100020 832100020 832100020 832100020 832100020 832100020 832100020 832100020 832100020 832100020 832100020 
832100020 832100020 832100020 832100020 832100020 832100020 832100020 832100020 832100020 832100020 832100020 832100020 832100020 832100020 832100020 832100020 832100020 
832100020 832100020 832100020 832100020 832100020 832100020 832100020 832100020 832100020 832100020 832100020 832100020 832100020 832100020 832100020 832100020 832100020 
832100020 832100020 832100020 832100020 832100020 832100020 832100020 832100020 832100020 832100020 832100020 832100020 832100020 832100020 832100020 832100020 832100020 
832100020 832100020 832100020 832100020 832100020 832100020 832100020 832100020 832100020 832100020 832100020 832100020 832100020 832100020 832100020 832100020 832100020 
832100020 832100020 832100020 832100020 832100020 832100020 832100020 832100020 832100020 832100020 832100020 832100020 832100020 832100020 832100020 832100020 832100020 
832100020 832100020 832100020 832100020 832100020 832100020 832100020 832100020 832100020 832100020 832100020 832100020 832100020 832100020 832100020 832100020 832100020 
832100020 832100020 832100020 832100020 832100020 832100020 832100020 832100020 832100020 832100020 832100020 832100020 832100020 832100020 832100020 832100020 832100020 
832100020 832100020 832100020 832100020 832100020 832100020 832100020 832100020 832100020 832100020 832100020 832100020 832100020 832100020 832100020 832100020 832100020 
832100020 832100020 832100020 832100020 832100020 832100020 832100020 832100020 832100020 832100020 832100020 832100020 832100020 832100020 832100020 832100020 832100020 
832100020 832100020 832100020 832100020 832100020 832100020 832100020 832100020 832100020 832100020 832100020 832100020 832100020 832100020 832100020 832100020 832100020 
832100020 832100020 832100020 832100020 832100020 832100020 832100020 832100020 832100020 832100020 832100020 832100020 832100020 832100020 832100020 832100020 832100020 
832100020 832100020 832100020 832100020 832100020 832100020 832100020 832100020 832100020 832100020 832100020 832100020 832100020 832100020 832100020 832100020 832100020 
832100020 832100020 832100020 832100020 832100020 832100020 832100020 832100020 832100020 832100020 832100020 832100020 832100020 832100020 832100020 832100020 832100020 
832100020 832100020 832100020 832100020 832100020 832100020 832100020 832100020 832100020 832100020 832100020 832100020 832100020 832100020 832100020 832100020 832100020 
832100020 832100020 832100020 832100020 832100020 832100020 832100020 832100020 832100020 832100020 832100020 832100020 832100020 832100020 832100020 832100020 832100020 
832100020 832100020 832100020 832100020 832100020 832100020 832100020 832100020 832100020 832100020 832100020 832100020 832100020 832100020 832100020 832100020 832100020 
832100020 832100020 832100020 832100020 832100020 832100020 832100020 832100020 832100020 832100020 832100020 832100020 832100020 832100020 832100020 832100020 832100020 
832100020 832100020 832100020 832100020 832100020 832100020 832100020 832100020 832100020 832100020 832100020 832100020 832100020 832100020 832100020 832100020 832100020 
832100020 832100020 832100020 832100020 832100020 832100020 832100020 832100020 832100020 832100020 832100020 832100020 832100020 832100020 832100020 832100020 832100020 
832100020 832100020 832100020 832100020 832100020 832100020 832100020 832100020 832100020 832100020 832100020 832100020 832100020 832100020 832100020 832100020 832100020 
832100020 832100020 832100020 832100020 832100020 832100020 832100020 832100020 832100020 832100020 832100020 832100020 832100020 832100020 832100020 832100020 832100020 
832100020 832100020 832100020 832100020 832100020 832100020 832100020 832100020 832100020 832100020 832100020 832100020 832100020 832100020 832100020 832100020 832100020 
832100020 832100020 832100020 832100020 832100020 832100020 832100020 832100020 832100020 832100020 832100020 832100020 832100020 832100020 832100020 832100020 832100020 
832100020 832100020 832100020 832100020 832100020 832100020 832100020 832100020 832100020 832100020 832100020 832100020 832100020 832100020 832100020 832100020 832100020 
832100020 832100020 832100020 832100020 832100020 832100020 832100020 832100020 832100020 832100020 832100020 832100020 832100020 832100020 832100020 832100020 832100020 
832100020 832100020 832100020 832100020 832100020 832100020 832100020 832100020 832100020 832100020 832100020 832100020 832100020 832100020 832100020 832100020 832100020 
832100020 832100020 832100020 832100020 832100020 832100020 832100020 832100020 832100020 832100020 832100020 832100020 832100020 832100020 832100020 832100020 832100020 
832100020 832100020 832100020 832100020 832100020 832100020 832100020 832100020 832100020 832100020 832100020 832100020 832100020 832100020 832100020 832100020 832100020 
832100020 832100020 832100020 832100020 832100020 832100020 832100020 832100020 832100020 832100020 832100020 832100020 832100020 832100020 832100020 832100020 832100020 
832100020 832100020 832100020 832100020 832100020 832100020 832100020 832100020 832100020 832100020 832100020 832100020 832100020 832100020 832100020 832100020 832100020 
