832099092 832099088/n832099900 832099900 832099900 832099900 832099900 832099900 832099900 832099900 832099900 832099900 832099900 
832099900 832099900 832099900 832099900 832099900 832099900 832099900 832099900 832099900 832099900 832099900 
832099900 832099900 832099900 832099900 832099900 832099900 832099900 832099900 832099900 832099900 832099900 
832099900 832099900 832099900 832099900 832099900 832099900 832099900 832099900 832099900 832099900 832099900 
832099900 832099900 832099900 832099900 832099900 832099900 832099900 832099900 832099900 832099900 832099900 
832099900 832099900 832099900 832099900 832099900 832099900 832099900 832099900 832099900 832099900 832099900 
832099900 832099900 832099900 832099900 832099900 832099900 832099900 832099900 832099900 832099900 832099900 
832099900 832099900 832099900 832099900 832099900 832099900 832099900 832099900 832099900 832099900 832099900 
832099900 832099900 832099900 832099900 832099900 832099900 832099900 832099900 832099900 832099900 832099900 
832099900 832099900 832099900 832099900 832099900 832099900 832099900 832099900 832099900 832099900 832099900 
832099900 832099900 832099900 832099900 832099900 832099900 832099900 832099900 832099900 832099900 832099900 
832099900 832099900 832099900 832099900 832099900 832099900 832099900 832099900 832099900 832099900 832099900 
832099900 832099900 832099900 832099900 832099900 832099900 832099900 832099900 832099900 832099900 832099900 
832099900 832099900 832099900 832099900 832099900 832099900 832099900 832099900 832099900 832099900 832099900 
832099900 832099900 832099900 832099900 832099900 832099900 832099900 832099900 832099900 832099900 832099900 
832099900 832099900 832099900 832099900 832099900 832099900 832099900 832099900 832099900 832099900 832099900 
832099900 832099900 832099900 832099900 832099900 832099900 832099900 832099900 832099900 832099900 832099900 
832099900 832099900 832099900 832099900 832099900 832099900 832099900 832099900 832099900 832099900 832099900 
832099900 832099900 832099900 832099900 832099900 832099900 832099900 832099900 832099900 832099900 832099900 
832099900 832099900 832099900 832099900 832099900 832099900 832099900 832099900 832099900 832099900 832099900 
832099900 832099900 832099900 832099900 832099900 832099900 832099900 832099900 832099900 832099900 832099900 
832099900 832099900 832099900 832099900 832099900 832099900 832099900 832099900 832099900 832099900 832099900 
832099900 832099900 832099900 832099900 832099900 832099900 832099900 832099900 832099900 832099900 832099900 
832099900 832099900 832099900 832099900 832099900 832099900 832099900 832099900 832099900 832099900 832099900 
832099900 832099900 832099900 832099900 832099900 832099900 832099900 832099900 832099900 832099900 832099900 
832099900 832099900 832099900 832099900 832099900 832099900 832099900 832099900 832099900 832099900 832099900 
832099900 832099900 832099900 832099900 832099900 832099900 832099900 832099900 832099900 832099900 832099900 
