832099092 832099088/n832100120 832100120 
832100120 832100120 
832100120 832100120 
832100120 832100120 
832100120 832100120 
832100120 832100120 
832100120 832100120 
832100120 832100120 
832100120 832100120 
832100120 832100120 
832100120 832100120 
832100120 832100120 
832100120 832100120 
832100120 832100120 
832100120 832100120 
832100120 832100120 
832100120 832100120 
832100120 832100120 
832100120 832100120 
832100120 832100120 
832100120 832100120 
832100120 832100120 
832100120 832100120 
832100120 832100120 
832100120 832100120 
832100120 832100120 
832100120 832100120 
832100120 832100120 
832100120 832100120 
832100120 832100120 
832100120 832100120 
832100120 832100120 
832100120 832100120 
832100120 832100120 
832100120 832100120 
832100120 832100120 
832100120 832100120 
832100120 832100120 
832100120 832100120 
832100120 832100120 
832100120 832100120 
832100120 832100120 
832100120 832100120 
