832099092 832099088/n832099976 832099976 832099976 832099976 832099976 832099976 832099976 832099976 832099976 832099976 832099976 832099976 832099976 832099976 832099976 832099976 832099976 832099976 832099976 832099976 832099976 832099976 
832099976 832099976 832099976 832099976 832099976 832099976 832099976 832099976 832099976 832099976 832099976 832099976 832099976 832099976 832099976 832099976 832099976 832099976 832099976 832099976 832099976 832099976 
832099976 832099976 832099976 832099976 832099976 832099976 832099976 832099976 832099976 832099976 832099976 832099976 832099976 832099976 832099976 832099976 832099976 832099976 832099976 832099976 832099976 832099976 
832099976 832099976 832099976 832099976 832099976 832099976 832099976 832099976 832099976 832099976 832099976 832099976 832099976 832099976 832099976 832099976 832099976 832099976 832099976 832099976 832099976 832099976 
832099976 832099976 832099976 832099976 832099976 832099976 832099976 832099976 832099976 832099976 832099976 832099976 832099976 832099976 832099976 832099976 832099976 832099976 832099976 832099976 832099976 832099976 
832099976 832099976 832099976 832099976 832099976 832099976 832099976 832099976 832099976 832099976 832099976 832099976 832099976 832099976 832099976 832099976 832099976 832099976 832099976 832099976 832099976 832099976 
832099976 832099976 832099976 832099976 832099976 832099976 832099976 832099976 832099976 832099976 832099976 832099976 832099976 832099976 832099976 832099976 832099976 832099976 832099976 832099976 832099976 832099976 
832099976 832099976 832099976 832099976 832099976 832099976 832099976 832099976 832099976 832099976 832099976 832099976 832099976 832099976 832099976 832099976 832099976 832099976 832099976 832099976 832099976 832099976 
832099976 832099976 832099976 832099976 832099976 832099976 832099976 832099976 832099976 832099976 832099976 832099976 832099976 832099976 832099976 832099976 832099976 832099976 832099976 832099976 832099976 832099976 
832099976 832099976 832099976 832099976 832099976 832099976 832099976 832099976 832099976 832099976 832099976 832099976 832099976 832099976 832099976 832099976 832099976 832099976 832099976 832099976 832099976 832099976 
832099976 832099976 832099976 832099976 832099976 832099976 832099976 832099976 832099976 832099976 832099976 832099976 832099976 832099976 832099976 832099976 832099976 832099976 832099976 832099976 832099976 832099976 
832099976 832099976 832099976 832099976 832099976 832099976 832099976 832099976 832099976 832099976 832099976 832099976 832099976 832099976 832099976 832099976 832099976 832099976 832099976 832099976 832099976 832099976 
832099976 832099976 832099976 832099976 832099976 832099976 832099976 832099976 832099976 832099976 832099976 832099976 832099976 832099976 832099976 832099976 832099976 832099976 832099976 832099976 832099976 832099976 
832099976 832099976 832099976 832099976 832099976 832099976 832099976 832099976 832099976 832099976 832099976 832099976 832099976 832099976 832099976 832099976 832099976 832099976 832099976 832099976 832099976 832099976 
832099976 832099976 832099976 832099976 832099976 832099976 832099976 832099976 832099976 832099976 832099976 832099976 832099976 832099976 832099976 832099976 832099976 832099976 832099976 832099976 832099976 832099976 
832099976 832099976 832099976 832099976 832099976 832099976 832099976 832099976 832099976 832099976 832099976 832099976 832099976 832099976 832099976 832099976 832099976 832099976 832099976 832099976 832099976 832099976 
832099976 832099976 832099976 832099976 832099976 832099976 832099976 832099976 832099976 832099976 832099976 832099976 832099976 832099976 832099976 832099976 832099976 832099976 832099976 832099976 832099976 832099976 
832099976 832099976 832099976 832099976 832099976 832099976 832099976 832099976 832099976 832099976 832099976 832099976 832099976 832099976 832099976 832099976 832099976 832099976 832099976 832099976 832099976 832099976 
832099976 832099976 832099976 832099976 832099976 832099976 832099976 832099976 832099976 832099976 832099976 832099976 832099976 832099976 832099976 832099976 832099976 832099976 832099976 832099976 832099976 832099976 
832099976 832099976 832099976 832099976 832099976 832099976 832099976 832099976 832099976 832099976 832099976 832099976 832099976 832099976 832099976 832099976 832099976 832099976 832099976 832099976 832099976 832099976 
832099976 832099976 832099976 832099976 832099976 832099976 832099976 832099976 832099976 832099976 832099976 832099976 832099976 832099976 832099976 832099976 832099976 832099976 832099976 832099976 832099976 832099976 
832099976 832099976 832099976 832099976 832099976 832099976 832099976 832099976 832099976 832099976 832099976 832099976 832099976 832099976 832099976 832099976 832099976 832099976 832099976 832099976 832099976 832099976 
832099976 832099976 832099976 832099976 832099976 832099976 832099976 832099976 832099976 832099976 832099976 832099976 832099976 832099976 832099976 832099976 832099976 832099976 832099976 832099976 832099976 832099976 
832099976 832099976 832099976 832099976 832099976 832099976 832099976 832099976 832099976 832099976 832099976 832099976 832099976 832099976 832099976 832099976 832099976 832099976 832099976 832099976 832099976 832099976 
832099976 832099976 832099976 832099976 832099976 832099976 832099976 832099976 832099976 832099976 832099976 832099976 832099976 832099976 832099976 832099976 832099976 832099976 832099976 832099976 832099976 832099976 
832099976 832099976 832099976 832099976 832099976 832099976 832099976 832099976 832099976 832099976 832099976 832099976 832099976 832099976 832099976 832099976 832099976 832099976 832099976 832099976 832099976 832099976 
832099976 832099976 832099976 832099976 832099976 832099976 832099976 832099976 832099976 832099976 832099976 832099976 832099976 832099976 832099976 832099976 832099976 832099976 832099976 832099976 832099976 832099976 
832099976 832099976 832099976 832099976 832099976 832099976 832099976 832099976 832099976 832099976 832099976 832099976 832099976 832099976 832099976 832099976 832099976 832099976 832099976 832099976 832099976 832099976 
832099976 832099976 832099976 832099976 832099976 832099976 832099976 832099976 832099976 832099976 832099976 832099976 832099976 832099976 832099976 832099976 832099976 832099976 832099976 832099976 832099976 832099976 
