832099092 832099088/n832100244 832100244 832100244 832100244 832100244 
832100244 832100244 832100244 832100244 832100244 
832100244 832100244 832100244 832100244 832100244 
832100244 832100244 832100244 832100244 832100244 
832100244 832100244 832100244 832100244 832100244 
832100244 832100244 832100244 832100244 832100244 
832100244 832100244 832100244 832100244 832100244 
832100244 832100244 832100244 832100244 832100244 
832100244 832100244 832100244 832100244 832100244 
832100244 832100244 832100244 832100244 832100244 
832100244 832100244 832100244 832100244 832100244 
832100244 832100244 832100244 832100244 832100244 
832100244 832100244 832100244 832100244 832100244 
832100244 832100244 832100244 832100244 832100244 
832100244 832100244 832100244 832100244 832100244 
832100244 832100244 832100244 832100244 832100244 
832100244 832100244 832100244 832100244 832100244 
832100244 832100244 832100244 832100244 832100244 
832100244 832100244 832100244 832100244 832100244 
832100244 832100244 832100244 832100244 832100244 
832100244 832100244 832100244 832100244 832100244 
832100244 832100244 832100244 832100244 832100244 
832100244 832100244 832100244 832100244 832100244 
832100244 832100244 832100244 832100244 832100244 
832100244 832100244 832100244 832100244 832100244 
832100244 832100244 832100244 832100244 832100244 
832100244 832100244 832100244 832100244 832100244 
832100244 832100244 832100244 832100244 832100244 
832100244 832100244 832100244 832100244 832100244 
832100244 832100244 832100244 832100244 832100244 
832100244 832100244 832100244 832100244 832100244 
832100244 832100244 832100244 832100244 832100244 
832100244 832100244 832100244 832100244 832100244 
832100244 832100244 832100244 832100244 832100244 
832100244 832100244 832100244 832100244 832100244 
832100244 832100244 832100244 832100244 832100244 
832100244 832100244 832100244 832100244 832100244 
832100244 832100244 832100244 832100244 832100244 
832100244 832100244 832100244 832100244 832100244 
832100244 832100244 832100244 832100244 832100244 
832100244 832100244 832100244 832100244 832100244 
832100244 832100244 832100244 832100244 832100244 
832100244 832100244 832100244 832100244 832100244 
832100244 832100244 832100244 832100244 832100244 
832100244 832100244 832100244 832100244 832100244 
832100244 832100244 832100244 832100244 832100244 
832100244 832100244 832100244 832100244 832100244 
832100244 832100244 832100244 832100244 832100244 
832100244 832100244 832100244 832100244 832100244 
832100244 832100244 832100244 832100244 832100244 
