832099092 832099088/n832100008 832100008 832100008 832100008 832100008 832100008 832100008 832100008 832100008 832100008 832100008 832100008 832100008 832100008 
832100008 832100008 832100008 832100008 832100008 832100008 832100008 832100008 832100008 832100008 832100008 832100008 832100008 832100008 
832100008 832100008 832100008 832100008 832100008 832100008 832100008 832100008 832100008 832100008 832100008 832100008 832100008 832100008 
832100008 832100008 832100008 832100008 832100008 832100008 832100008 832100008 832100008 832100008 832100008 832100008 832100008 832100008 
832100008 832100008 832100008 832100008 832100008 832100008 832100008 832100008 832100008 832100008 832100008 832100008 832100008 832100008 
832100008 832100008 832100008 832100008 832100008 832100008 832100008 832100008 832100008 832100008 832100008 832100008 832100008 832100008 
832100008 832100008 832100008 832100008 832100008 832100008 832100008 832100008 832100008 832100008 832100008 832100008 832100008 832100008 
832100008 832100008 832100008 832100008 832100008 832100008 832100008 832100008 832100008 832100008 832100008 832100008 832100008 832100008 
832100008 832100008 832100008 832100008 832100008 832100008 832100008 832100008 832100008 832100008 832100008 832100008 832100008 832100008 
832100008 832100008 832100008 832100008 832100008 832100008 832100008 832100008 832100008 832100008 832100008 832100008 832100008 832100008 
832100008 832100008 832100008 832100008 832100008 832100008 832100008 832100008 832100008 832100008 832100008 832100008 832100008 832100008 
832100008 832100008 832100008 832100008 832100008 832100008 832100008 832100008 832100008 832100008 832100008 832100008 832100008 832100008 
832100008 832100008 832100008 832100008 832100008 832100008 832100008 832100008 832100008 832100008 832100008 832100008 832100008 832100008 
832100008 832100008 832100008 832100008 832100008 832100008 832100008 832100008 832100008 832100008 832100008 832100008 832100008 832100008 
832100008 832100008 832100008 832100008 832100008 832100008 832100008 832100008 832100008 832100008 832100008 832100008 832100008 832100008 
832100008 832100008 832100008 832100008 832100008 832100008 832100008 832100008 832100008 832100008 832100008 832100008 832100008 832100008 
832100008 832100008 832100008 832100008 832100008 832100008 832100008 832100008 832100008 832100008 832100008 832100008 832100008 832100008 
832100008 832100008 832100008 832100008 832100008 832100008 832100008 832100008 832100008 832100008 832100008 832100008 832100008 832100008 
832100008 832100008 832100008 832100008 832100008 832100008 832100008 832100008 832100008 832100008 832100008 832100008 832100008 832100008 
832100008 832100008 832100008 832100008 832100008 832100008 832100008 832100008 832100008 832100008 832100008 832100008 832100008 832100008 
832100008 832100008 832100008 832100008 832100008 832100008 832100008 832100008 832100008 832100008 832100008 832100008 832100008 832100008 
832100008 832100008 832100008 832100008 832100008 832100008 832100008 832100008 832100008 832100008 832100008 832100008 832100008 832100008 
832100008 832100008 832100008 832100008 832100008 832100008 832100008 832100008 832100008 832100008 832100008 832100008 832100008 832100008 
832100008 832100008 832100008 832100008 832100008 832100008 832100008 832100008 832100008 832100008 832100008 832100008 832100008 832100008 
832100008 832100008 832100008 832100008 832100008 832100008 832100008 832100008 832100008 832100008 832100008 832100008 832100008 832100008 
832100008 832100008 832100008 832100008 832100008 832100008 832100008 832100008 832100008 832100008 832100008 832100008 832100008 832100008 
832100008 832100008 832100008 832100008 832100008 832100008 832100008 832100008 832100008 832100008 832100008 832100008 832100008 832100008 
832100008 832100008 832100008 832100008 832100008 832100008 832100008 832100008 832100008 832100008 832100008 832100008 832100008 832100008 
832100008 832100008 832100008 832100008 832100008 832100008 832100008 832100008 832100008 832100008 832100008 832100008 832100008 832100008 
832100008 832100008 832100008 832100008 832100008 832100008 832100008 832100008 832100008 832100008 832100008 832100008 832100008 832100008 
832100008 832100008 832100008 832100008 832100008 832100008 832100008 832100008 832100008 832100008 832100008 832100008 832100008 832100008 
832100008 832100008 832100008 832100008 832100008 832100008 832100008 832100008 832100008 832100008 832100008 832100008 832100008 832100008 
832100008 832100008 832100008 832100008 832100008 832100008 832100008 832100008 832100008 832100008 832100008 832100008 832100008 832100008 
