832099092 832099088/n832100104 832100104 832100104 832100104 832100104 832100104 832100104 832100104 832100104 832100104 832100104 832100104 832100104 832100104 832100104 832100104 832100104 832100104 832100104 832100104 832100104 832100104 832100104 832100104 832100104 832100104 832100104 832100104 832100104 832100104 
832100104 832100104 832100104 832100104 832100104 832100104 832100104 832100104 832100104 832100104 832100104 832100104 832100104 832100104 832100104 832100104 832100104 832100104 832100104 832100104 832100104 832100104 832100104 832100104 832100104 832100104 832100104 832100104 832100104 832100104 
832100104 832100104 832100104 832100104 832100104 832100104 832100104 832100104 832100104 832100104 832100104 832100104 832100104 832100104 832100104 832100104 832100104 832100104 832100104 832100104 832100104 832100104 832100104 832100104 832100104 832100104 832100104 832100104 832100104 832100104 
832100104 832100104 832100104 832100104 832100104 832100104 832100104 832100104 832100104 832100104 832100104 832100104 832100104 832100104 832100104 832100104 832100104 832100104 832100104 832100104 832100104 832100104 832100104 832100104 832100104 832100104 832100104 832100104 832100104 832100104 
832100104 832100104 832100104 832100104 832100104 832100104 832100104 832100104 832100104 832100104 832100104 832100104 832100104 832100104 832100104 832100104 832100104 832100104 832100104 832100104 832100104 832100104 832100104 832100104 832100104 832100104 832100104 832100104 832100104 832100104 
832100104 832100104 832100104 832100104 832100104 832100104 832100104 832100104 832100104 832100104 832100104 832100104 832100104 832100104 832100104 832100104 832100104 832100104 832100104 832100104 832100104 832100104 832100104 832100104 832100104 832100104 832100104 832100104 832100104 832100104 
832100104 832100104 832100104 832100104 832100104 832100104 832100104 832100104 832100104 832100104 832100104 832100104 832100104 832100104 832100104 832100104 832100104 832100104 832100104 832100104 832100104 832100104 832100104 832100104 832100104 832100104 832100104 832100104 832100104 832100104 
832100104 832100104 832100104 832100104 832100104 832100104 832100104 832100104 832100104 832100104 832100104 832100104 832100104 832100104 832100104 832100104 832100104 832100104 832100104 832100104 832100104 832100104 832100104 832100104 832100104 832100104 832100104 832100104 832100104 832100104 
832100104 832100104 832100104 832100104 832100104 832100104 832100104 832100104 832100104 832100104 832100104 832100104 832100104 832100104 832100104 832100104 832100104 832100104 832100104 832100104 832100104 832100104 832100104 832100104 832100104 832100104 832100104 832100104 832100104 832100104 
832100104 832100104 832100104 832100104 832100104 832100104 832100104 832100104 832100104 832100104 832100104 832100104 832100104 832100104 832100104 832100104 832100104 832100104 832100104 832100104 832100104 832100104 832100104 832100104 832100104 832100104 832100104 832100104 832100104 832100104 
832100104 832100104 832100104 832100104 832100104 832100104 832100104 832100104 832100104 832100104 832100104 832100104 832100104 832100104 832100104 832100104 832100104 832100104 832100104 832100104 832100104 832100104 832100104 832100104 832100104 832100104 832100104 832100104 832100104 832100104 
832100104 832100104 832100104 832100104 832100104 832100104 832100104 832100104 832100104 832100104 832100104 832100104 832100104 832100104 832100104 832100104 832100104 832100104 832100104 832100104 832100104 832100104 832100104 832100104 832100104 832100104 832100104 832100104 832100104 832100104 
832100104 832100104 832100104 832100104 832100104 832100104 832100104 832100104 832100104 832100104 832100104 832100104 832100104 832100104 832100104 832100104 832100104 832100104 832100104 832100104 832100104 832100104 832100104 832100104 832100104 832100104 832100104 832100104 832100104 832100104 
832100104 832100104 832100104 832100104 832100104 832100104 832100104 832100104 832100104 832100104 832100104 832100104 832100104 832100104 832100104 832100104 832100104 832100104 832100104 832100104 832100104 832100104 832100104 832100104 832100104 832100104 832100104 832100104 832100104 832100104 
832100104 832100104 832100104 832100104 832100104 832100104 832100104 832100104 832100104 832100104 832100104 832100104 832100104 832100104 832100104 832100104 832100104 832100104 832100104 832100104 832100104 832100104 832100104 832100104 832100104 832100104 832100104 832100104 832100104 832100104 
832100104 832100104 832100104 832100104 832100104 832100104 832100104 832100104 832100104 832100104 832100104 832100104 832100104 832100104 832100104 832100104 832100104 832100104 832100104 832100104 832100104 832100104 832100104 832100104 832100104 832100104 832100104 832100104 832100104 832100104 
832100104 832100104 832100104 832100104 832100104 832100104 832100104 832100104 832100104 832100104 832100104 832100104 832100104 832100104 832100104 832100104 832100104 832100104 832100104 832100104 832100104 832100104 832100104 832100104 832100104 832100104 832100104 832100104 832100104 832100104 
832100104 832100104 832100104 832100104 832100104 832100104 832100104 832100104 832100104 832100104 832100104 832100104 832100104 832100104 832100104 832100104 832100104 832100104 832100104 832100104 832100104 832100104 832100104 832100104 832100104 832100104 832100104 832100104 832100104 832100104 
832100104 832100104 832100104 832100104 832100104 832100104 832100104 832100104 832100104 832100104 832100104 832100104 832100104 832100104 832100104 832100104 832100104 832100104 832100104 832100104 832100104 832100104 832100104 832100104 832100104 832100104 832100104 832100104 832100104 832100104 
832100104 832100104 832100104 832100104 832100104 832100104 832100104 832100104 832100104 832100104 832100104 832100104 832100104 832100104 832100104 832100104 832100104 832100104 832100104 832100104 832100104 832100104 832100104 832100104 832100104 832100104 832100104 832100104 832100104 832100104 
832100104 832100104 832100104 832100104 832100104 832100104 832100104 832100104 832100104 832100104 832100104 832100104 832100104 832100104 832100104 832100104 832100104 832100104 832100104 832100104 832100104 832100104 832100104 832100104 832100104 832100104 832100104 832100104 832100104 832100104 
832100104 832100104 832100104 832100104 832100104 832100104 832100104 832100104 832100104 832100104 832100104 832100104 832100104 832100104 832100104 832100104 832100104 832100104 832100104 832100104 832100104 832100104 832100104 832100104 832100104 832100104 832100104 832100104 832100104 832100104 
832100104 832100104 832100104 832100104 832100104 832100104 832100104 832100104 832100104 832100104 832100104 832100104 832100104 832100104 832100104 832100104 832100104 832100104 832100104 832100104 832100104 832100104 832100104 832100104 832100104 832100104 832100104 832100104 832100104 832100104 
832100104 832100104 832100104 832100104 832100104 832100104 832100104 832100104 832100104 832100104 832100104 832100104 832100104 832100104 832100104 832100104 832100104 832100104 832100104 832100104 832100104 832100104 832100104 832100104 832100104 832100104 832100104 832100104 832100104 832100104 
832100104 832100104 832100104 832100104 832100104 832100104 832100104 832100104 832100104 832100104 832100104 832100104 832100104 832100104 832100104 832100104 832100104 832100104 832100104 832100104 832100104 832100104 832100104 832100104 832100104 832100104 832100104 832100104 832100104 832100104 
832100104 832100104 832100104 832100104 832100104 832100104 832100104 832100104 832100104 832100104 832100104 832100104 832100104 832100104 832100104 832100104 832100104 832100104 832100104 832100104 832100104 832100104 832100104 832100104 832100104 832100104 832100104 832100104 832100104 832100104 
832100104 832100104 832100104 832100104 832100104 832100104 832100104 832100104 832100104 832100104 832100104 832100104 832100104 832100104 832100104 832100104 832100104 832100104 832100104 832100104 832100104 832100104 832100104 832100104 832100104 832100104 832100104 832100104 832100104 832100104 
832100104 832100104 832100104 832100104 832100104 832100104 832100104 832100104 832100104 832100104 832100104 832100104 832100104 832100104 832100104 832100104 832100104 832100104 832100104 832100104 832100104 832100104 832100104 832100104 832100104 832100104 832100104 832100104 832100104 832100104 
832100104 832100104 832100104 832100104 832100104 832100104 832100104 832100104 832100104 832100104 832100104 832100104 832100104 832100104 832100104 832100104 832100104 832100104 832100104 832100104 832100104 832100104 832100104 832100104 832100104 832100104 832100104 832100104 832100104 832100104 
832100104 832100104 832100104 832100104 832100104 832100104 832100104 832100104 832100104 832100104 832100104 832100104 832100104 832100104 832100104 832100104 832100104 832100104 832100104 832100104 832100104 832100104 832100104 832100104 832100104 832100104 832100104 832100104 832100104 832100104 
832100104 832100104 832100104 832100104 832100104 832100104 832100104 832100104 832100104 832100104 832100104 832100104 832100104 832100104 832100104 832100104 832100104 832100104 832100104 832100104 832100104 832100104 832100104 832100104 832100104 832100104 832100104 832100104 832100104 832100104 
832100104 832100104 832100104 832100104 832100104 832100104 832100104 832100104 832100104 832100104 832100104 832100104 832100104 832100104 832100104 832100104 832100104 832100104 832100104 832100104 832100104 832100104 832100104 832100104 832100104 832100104 832100104 832100104 832100104 832100104 
832100104 832100104 832100104 832100104 832100104 832100104 832100104 832100104 832100104 832100104 832100104 832100104 832100104 832100104 832100104 832100104 832100104 832100104 832100104 832100104 832100104 832100104 832100104 832100104 832100104 832100104 832100104 832100104 832100104 832100104 
832100104 832100104 832100104 832100104 832100104 832100104 832100104 832100104 832100104 832100104 832100104 832100104 832100104 832100104 832100104 832100104 832100104 832100104 832100104 832100104 832100104 832100104 832100104 832100104 832100104 832100104 832100104 832100104 832100104 832100104 
832100104 832100104 832100104 832100104 832100104 832100104 832100104 832100104 832100104 832100104 832100104 832100104 832100104 832100104 832100104 832100104 832100104 832100104 832100104 832100104 832100104 832100104 832100104 832100104 832100104 832100104 832100104 832100104 832100104 832100104 
