832099092 832099088/n832099884 832099884 832099884 832099884 832099884 832099884 832099884 832099884 832099884 832099884 832099884 832099884 832099884 832099884 832099884 832099884 832099884 832099884 832099884 
832099884 832099884 832099884 832099884 832099884 832099884 832099884 832099884 832099884 832099884 832099884 832099884 832099884 832099884 832099884 832099884 832099884 832099884 832099884 
832099884 832099884 832099884 832099884 832099884 832099884 832099884 832099884 832099884 832099884 832099884 832099884 832099884 832099884 832099884 832099884 832099884 832099884 832099884 
832099884 832099884 832099884 832099884 832099884 832099884 832099884 832099884 832099884 832099884 832099884 832099884 832099884 832099884 832099884 832099884 832099884 832099884 832099884 
832099884 832099884 832099884 832099884 832099884 832099884 832099884 832099884 832099884 832099884 832099884 832099884 832099884 832099884 832099884 832099884 832099884 832099884 832099884 
832099884 832099884 832099884 832099884 832099884 832099884 832099884 832099884 832099884 832099884 832099884 832099884 832099884 832099884 832099884 832099884 832099884 832099884 832099884 
832099884 832099884 832099884 832099884 832099884 832099884 832099884 832099884 832099884 832099884 832099884 832099884 832099884 832099884 832099884 832099884 832099884 832099884 832099884 
832099884 832099884 832099884 832099884 832099884 832099884 832099884 832099884 832099884 832099884 832099884 832099884 832099884 832099884 832099884 832099884 832099884 832099884 832099884 
832099884 832099884 832099884 832099884 832099884 832099884 832099884 832099884 832099884 832099884 832099884 832099884 832099884 832099884 832099884 832099884 832099884 832099884 832099884 
832099884 832099884 832099884 832099884 832099884 832099884 832099884 832099884 832099884 832099884 832099884 832099884 832099884 832099884 832099884 832099884 832099884 832099884 832099884 
832099884 832099884 832099884 832099884 832099884 832099884 832099884 832099884 832099884 832099884 832099884 832099884 832099884 832099884 832099884 832099884 832099884 832099884 832099884 
832099884 832099884 832099884 832099884 832099884 832099884 832099884 832099884 832099884 832099884 832099884 832099884 832099884 832099884 832099884 832099884 832099884 832099884 832099884 
832099884 832099884 832099884 832099884 832099884 832099884 832099884 832099884 832099884 832099884 832099884 832099884 832099884 832099884 832099884 832099884 832099884 832099884 832099884 
832099884 832099884 832099884 832099884 832099884 832099884 832099884 832099884 832099884 832099884 832099884 832099884 832099884 832099884 832099884 832099884 832099884 832099884 832099884 
832099884 832099884 832099884 832099884 832099884 832099884 832099884 832099884 832099884 832099884 832099884 832099884 832099884 832099884 832099884 832099884 832099884 832099884 832099884 
832099884 832099884 832099884 832099884 832099884 832099884 832099884 832099884 832099884 832099884 832099884 832099884 832099884 832099884 832099884 832099884 832099884 832099884 832099884 
832099884 832099884 832099884 832099884 832099884 832099884 832099884 832099884 832099884 832099884 832099884 832099884 832099884 832099884 832099884 832099884 832099884 832099884 832099884 
832099884 832099884 832099884 832099884 832099884 832099884 832099884 832099884 832099884 832099884 832099884 832099884 832099884 832099884 832099884 832099884 832099884 832099884 832099884 
832099884 832099884 832099884 832099884 832099884 832099884 832099884 832099884 832099884 832099884 832099884 832099884 832099884 832099884 832099884 832099884 832099884 832099884 832099884 
832099884 832099884 832099884 832099884 832099884 832099884 832099884 832099884 832099884 832099884 832099884 832099884 832099884 832099884 832099884 832099884 832099884 832099884 832099884 
832099884 832099884 832099884 832099884 832099884 832099884 832099884 832099884 832099884 832099884 832099884 832099884 832099884 832099884 832099884 832099884 832099884 832099884 832099884 
832099884 832099884 832099884 832099884 832099884 832099884 832099884 832099884 832099884 832099884 832099884 832099884 832099884 832099884 832099884 832099884 832099884 832099884 832099884 
832099884 832099884 832099884 832099884 832099884 832099884 832099884 832099884 832099884 832099884 832099884 832099884 832099884 832099884 832099884 832099884 832099884 832099884 832099884 
832099884 832099884 832099884 832099884 832099884 832099884 832099884 832099884 832099884 832099884 832099884 832099884 832099884 832099884 832099884 832099884 832099884 832099884 832099884 
