832099092 832099088/n832099768 832099768 832099768 832099768 832099768 832099768 832099768 832099768 832099768 832099768 
832099768 832099768 832099768 832099768 832099768 832099768 832099768 832099768 832099768 832099768 
832099768 832099768 832099768 832099768 832099768 832099768 832099768 832099768 832099768 832099768 
832099768 832099768 832099768 832099768 832099768 832099768 832099768 832099768 832099768 832099768 
832099768 832099768 832099768 832099768 832099768 832099768 832099768 832099768 832099768 832099768 
832099768 832099768 832099768 832099768 832099768 832099768 832099768 832099768 832099768 832099768 
832099768 832099768 832099768 832099768 832099768 832099768 832099768 832099768 832099768 832099768 
832099768 832099768 832099768 832099768 832099768 832099768 832099768 832099768 832099768 832099768 
832099768 832099768 832099768 832099768 832099768 832099768 832099768 832099768 832099768 832099768 
832099768 832099768 832099768 832099768 832099768 832099768 832099768 832099768 832099768 832099768 
832099768 832099768 832099768 832099768 832099768 832099768 832099768 832099768 832099768 832099768 
832099768 832099768 832099768 832099768 832099768 832099768 832099768 832099768 832099768 832099768 
832099768 832099768 832099768 832099768 832099768 832099768 832099768 832099768 832099768 832099768 
832099768 832099768 832099768 832099768 832099768 832099768 832099768 832099768 832099768 832099768 
832099768 832099768 832099768 832099768 832099768 832099768 832099768 832099768 832099768 832099768 
832099768 832099768 832099768 832099768 832099768 832099768 832099768 832099768 832099768 832099768 
832099768 832099768 832099768 832099768 832099768 832099768 832099768 832099768 832099768 832099768 
832099768 832099768 832099768 832099768 832099768 832099768 832099768 832099768 832099768 832099768 
832099768 832099768 832099768 832099768 832099768 832099768 832099768 832099768 832099768 832099768 
