832099092 832099088/n832099744 832099744 832099744 832099744 832099744 832099744 832099744 832099744 832099744 832099744 832099744 832099744 
832099744 832099744 832099744 832099744 832099744 832099744 832099744 832099744 832099744 832099744 832099744 832099744 
832099744 832099744 832099744 832099744 832099744 832099744 832099744 832099744 832099744 832099744 832099744 832099744 
832099744 832099744 832099744 832099744 832099744 832099744 832099744 832099744 832099744 832099744 832099744 832099744 
832099744 832099744 832099744 832099744 832099744 832099744 832099744 832099744 832099744 832099744 832099744 832099744 
832099744 832099744 832099744 832099744 832099744 832099744 832099744 832099744 832099744 832099744 832099744 832099744 
832099744 832099744 832099744 832099744 832099744 832099744 832099744 832099744 832099744 832099744 832099744 832099744 
832099744 832099744 832099744 832099744 832099744 832099744 832099744 832099744 832099744 832099744 832099744 832099744 
832099744 832099744 832099744 832099744 832099744 832099744 832099744 832099744 832099744 832099744 832099744 832099744 
832099744 832099744 832099744 832099744 832099744 832099744 832099744 832099744 832099744 832099744 832099744 832099744 
832099744 832099744 832099744 832099744 832099744 832099744 832099744 832099744 832099744 832099744 832099744 832099744 
832099744 832099744 832099744 832099744 832099744 832099744 832099744 832099744 832099744 832099744 832099744 832099744 
832099744 832099744 832099744 832099744 832099744 832099744 832099744 832099744 832099744 832099744 832099744 832099744 
832099744 832099744 832099744 832099744 832099744 832099744 832099744 832099744 832099744 832099744 832099744 832099744 
832099744 832099744 832099744 832099744 832099744 832099744 832099744 832099744 832099744 832099744 832099744 832099744 
832099744 832099744 832099744 832099744 832099744 832099744 832099744 832099744 832099744 832099744 832099744 832099744 
832099744 832099744 832099744 832099744 832099744 832099744 832099744 832099744 832099744 832099744 832099744 832099744 
