832099092 832099088/n832100256 832100256 832100256 832100256 832100256 832100256 832100256 832100256 832100256 832100256 832100256 832100256 832100256 832100256 832100256 832100256 832100256 832100256 832100256 832100256 832100256 832100256 832100256 832100256 
832100256 832100256 832100256 832100256 832100256 832100256 832100256 832100256 832100256 832100256 832100256 832100256 832100256 832100256 832100256 832100256 832100256 832100256 832100256 832100256 832100256 832100256 832100256 832100256 
832100256 832100256 832100256 832100256 832100256 832100256 832100256 832100256 832100256 832100256 832100256 832100256 832100256 832100256 832100256 832100256 832100256 832100256 832100256 832100256 832100256 832100256 832100256 832100256 
832100256 832100256 832100256 832100256 832100256 832100256 832100256 832100256 832100256 832100256 832100256 832100256 832100256 832100256 832100256 832100256 832100256 832100256 832100256 832100256 832100256 832100256 832100256 832100256 
832100256 832100256 832100256 832100256 832100256 832100256 832100256 832100256 832100256 832100256 832100256 832100256 832100256 832100256 832100256 832100256 832100256 832100256 832100256 832100256 832100256 832100256 832100256 832100256 
832100256 832100256 832100256 832100256 832100256 832100256 832100256 832100256 832100256 832100256 832100256 832100256 832100256 832100256 832100256 832100256 832100256 832100256 832100256 832100256 832100256 832100256 832100256 832100256 
832100256 832100256 832100256 832100256 832100256 832100256 832100256 832100256 832100256 832100256 832100256 832100256 832100256 832100256 832100256 832100256 832100256 832100256 832100256 832100256 832100256 832100256 832100256 832100256 
832100256 832100256 832100256 832100256 832100256 832100256 832100256 832100256 832100256 832100256 832100256 832100256 832100256 832100256 832100256 832100256 832100256 832100256 832100256 832100256 832100256 832100256 832100256 832100256 
832100256 832100256 832100256 832100256 832100256 832100256 832100256 832100256 832100256 832100256 832100256 832100256 832100256 832100256 832100256 832100256 832100256 832100256 832100256 832100256 832100256 832100256 832100256 832100256 
832100256 832100256 832100256 832100256 832100256 832100256 832100256 832100256 832100256 832100256 832100256 832100256 832100256 832100256 832100256 832100256 832100256 832100256 832100256 832100256 832100256 832100256 832100256 832100256 
832100256 832100256 832100256 832100256 832100256 832100256 832100256 832100256 832100256 832100256 832100256 832100256 832100256 832100256 832100256 832100256 832100256 832100256 832100256 832100256 832100256 832100256 832100256 832100256 
832100256 832100256 832100256 832100256 832100256 832100256 832100256 832100256 832100256 832100256 832100256 832100256 832100256 832100256 832100256 832100256 832100256 832100256 832100256 832100256 832100256 832100256 832100256 832100256 
832100256 832100256 832100256 832100256 832100256 832100256 832100256 832100256 832100256 832100256 832100256 832100256 832100256 832100256 832100256 832100256 832100256 832100256 832100256 832100256 832100256 832100256 832100256 832100256 
832100256 832100256 832100256 832100256 832100256 832100256 832100256 832100256 832100256 832100256 832100256 832100256 832100256 832100256 832100256 832100256 832100256 832100256 832100256 832100256 832100256 832100256 832100256 832100256 
832100256 832100256 832100256 832100256 832100256 832100256 832100256 832100256 832100256 832100256 832100256 832100256 832100256 832100256 832100256 832100256 832100256 832100256 832100256 832100256 832100256 832100256 832100256 832100256 
832100256 832100256 832100256 832100256 832100256 832100256 832100256 832100256 832100256 832100256 832100256 832100256 832100256 832100256 832100256 832100256 832100256 832100256 832100256 832100256 832100256 832100256 832100256 832100256 
832100256 832100256 832100256 832100256 832100256 832100256 832100256 832100256 832100256 832100256 832100256 832100256 832100256 832100256 832100256 832100256 832100256 832100256 832100256 832100256 832100256 832100256 832100256 832100256 
832100256 832100256 832100256 832100256 832100256 832100256 832100256 832100256 832100256 832100256 832100256 832100256 832100256 832100256 832100256 832100256 832100256 832100256 832100256 832100256 832100256 832100256 832100256 832100256 
832100256 832100256 832100256 832100256 832100256 832100256 832100256 832100256 832100256 832100256 832100256 832100256 832100256 832100256 832100256 832100256 832100256 832100256 832100256 832100256 832100256 832100256 832100256 832100256 
832100256 832100256 832100256 832100256 832100256 832100256 832100256 832100256 832100256 832100256 832100256 832100256 832100256 832100256 832100256 832100256 832100256 832100256 832100256 832100256 832100256 832100256 832100256 832100256 
832100256 832100256 832100256 832100256 832100256 832100256 832100256 832100256 832100256 832100256 832100256 832100256 832100256 832100256 832100256 832100256 832100256 832100256 832100256 832100256 832100256 832100256 832100256 832100256 
832100256 832100256 832100256 832100256 832100256 832100256 832100256 832100256 832100256 832100256 832100256 832100256 832100256 832100256 832100256 832100256 832100256 832100256 832100256 832100256 832100256 832100256 832100256 832100256 
832100256 832100256 832100256 832100256 832100256 832100256 832100256 832100256 832100256 832100256 832100256 832100256 832100256 832100256 832100256 832100256 832100256 832100256 832100256 832100256 832100256 832100256 832100256 832100256 
832100256 832100256 832100256 832100256 832100256 832100256 832100256 832100256 832100256 832100256 832100256 832100256 832100256 832100256 832100256 832100256 832100256 832100256 832100256 832100256 832100256 832100256 832100256 832100256 
832100256 832100256 832100256 832100256 832100256 832100256 832100256 832100256 832100256 832100256 832100256 832100256 832100256 832100256 832100256 832100256 832100256 832100256 832100256 832100256 832100256 832100256 832100256 832100256 
832100256 832100256 832100256 832100256 832100256 832100256 832100256 832100256 832100256 832100256 832100256 832100256 832100256 832100256 832100256 832100256 832100256 832100256 832100256 832100256 832100256 832100256 832100256 832100256 
832100256 832100256 832100256 832100256 832100256 832100256 832100256 832100256 832100256 832100256 832100256 832100256 832100256 832100256 832100256 832100256 832100256 832100256 832100256 832100256 832100256 832100256 832100256 832100256 
832100256 832100256 832100256 832100256 832100256 832100256 832100256 832100256 832100256 832100256 832100256 832100256 832100256 832100256 832100256 832100256 832100256 832100256 832100256 832100256 832100256 832100256 832100256 832100256 
832100256 832100256 832100256 832100256 832100256 832100256 832100256 832100256 832100256 832100256 832100256 832100256 832100256 832100256 832100256 832100256 832100256 832100256 832100256 832100256 832100256 832100256 832100256 832100256 
832100256 832100256 832100256 832100256 832100256 832100256 832100256 832100256 832100256 832100256 832100256 832100256 832100256 832100256 832100256 832100256 832100256 832100256 832100256 832100256 832100256 832100256 832100256 832100256 
832100256 832100256 832100256 832100256 832100256 832100256 832100256 832100256 832100256 832100256 832100256 832100256 832100256 832100256 832100256 832100256 832100256 832100256 832100256 832100256 832100256 832100256 832100256 832100256 
832100256 832100256 832100256 832100256 832100256 832100256 832100256 832100256 832100256 832100256 832100256 832100256 832100256 832100256 832100256 832100256 832100256 832100256 832100256 832100256 832100256 832100256 832100256 832100256 
832100256 832100256 832100256 832100256 832100256 832100256 832100256 832100256 832100256 832100256 832100256 832100256 832100256 832100256 832100256 832100256 832100256 832100256 832100256 832100256 832100256 832100256 832100256 832100256 
832100256 832100256 832100256 832100256 832100256 832100256 832100256 832100256 832100256 832100256 832100256 832100256 832100256 832100256 832100256 832100256 832100256 832100256 832100256 832100256 832100256 832100256 832100256 832100256 
832100256 832100256 832100256 832100256 832100256 832100256 832100256 832100256 832100256 832100256 832100256 832100256 832100256 832100256 832100256 832100256 832100256 832100256 832100256 832100256 832100256 832100256 832100256 832100256 
832100256 832100256 832100256 832100256 832100256 832100256 832100256 832100256 832100256 832100256 832100256 832100256 832100256 832100256 832100256 832100256 832100256 832100256 832100256 832100256 832100256 832100256 832100256 832100256 
832100256 832100256 832100256 832100256 832100256 832100256 832100256 832100256 832100256 832100256 832100256 832100256 832100256 832100256 832100256 832100256 832100256 832100256 832100256 832100256 832100256 832100256 832100256 832100256 
832100256 832100256 832100256 832100256 832100256 832100256 832100256 832100256 832100256 832100256 832100256 832100256 832100256 832100256 832100256 832100256 832100256 832100256 832100256 832100256 832100256 832100256 832100256 832100256 
832100256 832100256 832100256 832100256 832100256 832100256 832100256 832100256 832100256 832100256 832100256 832100256 832100256 832100256 832100256 832100256 832100256 832100256 832100256 832100256 832100256 832100256 832100256 832100256 
832100256 832100256 832100256 832100256 832100256 832100256 832100256 832100256 832100256 832100256 832100256 832100256 832100256 832100256 832100256 832100256 832100256 832100256 832100256 832100256 832100256 832100256 832100256 832100256 
832100256 832100256 832100256 832100256 832100256 832100256 832100256 832100256 832100256 832100256 832100256 832100256 832100256 832100256 832100256 832100256 832100256 832100256 832100256 832100256 832100256 832100256 832100256 832100256 
832100256 832100256 832100256 832100256 832100256 832100256 832100256 832100256 832100256 832100256 832100256 832100256 832100256 832100256 832100256 832100256 832100256 832100256 832100256 832100256 832100256 832100256 832100256 832100256 
832100256 832100256 832100256 832100256 832100256 832100256 832100256 832100256 832100256 832100256 832100256 832100256 832100256 832100256 832100256 832100256 832100256 832100256 832100256 832100256 832100256 832100256 832100256 832100256 
832100256 832100256 832100256 832100256 832100256 832100256 832100256 832100256 832100256 832100256 832100256 832100256 832100256 832100256 832100256 832100256 832100256 832100256 832100256 832100256 832100256 832100256 832100256 832100256 
832100256 832100256 832100256 832100256 832100256 832100256 832100256 832100256 832100256 832100256 832100256 832100256 832100256 832100256 832100256 832100256 832100256 832100256 832100256 832100256 832100256 832100256 832100256 832100256 
832100256 832100256 832100256 832100256 832100256 832100256 832100256 832100256 832100256 832100256 832100256 832100256 832100256 832100256 832100256 832100256 832100256 832100256 832100256 832100256 832100256 832100256 832100256 832100256 
