-1.000000 -7.831626
-0.999174 -7.825475
-0.998347 -7.819324
-0.997521 -7.813174
-0.996694 -7.807023
-0.995868 -7.800872
-0.995041 -7.794722
-0.994215 -7.788571
-0.993388 -7.782420
-0.992562 -7.776270
-0.991736 -7.770119
-0.990909 -7.763968
-0.990083 -7.757817
-0.989256 -7.751667
-0.988430 -7.745516
-0.987603 -7.739365
-0.986777 -7.733215
-0.985950 -7.727064
-0.985124 -7.720913
-0.984298 -7.714762
-0.983471 -7.708612
-0.982645 -7.702461
-0.981818 -7.696310
-0.980992 -7.690160
-0.980165 -7.684009
-0.979339 -7.677858
-0.978512 -7.671708
-0.977686 -7.665557
-0.976860 -7.659406
-0.976033 -7.653255
-0.975207 -7.647105
-0.974380 -7.640954
-0.973554 -7.634803
-0.972727 -7.628653
-0.971901 -7.622502
-0.971074 -7.616351
-0.970248 -7.610200
-0.969421 -7.604050
-0.968595 -7.597899
-0.967769 -7.591748
-0.966942 -7.585598
-0.966116 -7.579447
-0.965289 -7.573296
-0.964463 -7.567145
-0.963636 -7.560995
-0.962810 -7.554844
-0.961983 -7.548693
-0.961157 -7.542543
-0.960331 -7.536392
-0.959504 -7.530241
-0.958678 -7.524091
-0.957851 -7.517940
-0.957025 -7.511789
-0.956198 -7.505638
-0.955372 -7.499488
-0.954545 -7.493337
-0.953719 -7.487186
-0.952893 -7.481036
-0.952066 -7.474885
-0.951240 -7.468734
-0.950413 -7.462583
-0.949587 -7.456433
-0.948760 -7.450282
-0.947934 -7.444131
-0.947107 -7.437981
-0.946281 -7.431830
-0.945455 -7.425679
-0.944628 -7.419529
-0.943802 -7.413378
-0.942975 -7.407227
-0.942149 -7.401076
-0.941322 -7.394926
-0.940496 -7.388775
-0.939669 -7.382624
-0.938843 -7.376474
-0.938017 -7.370323
-0.937190 -7.364172
-0.936364 -7.358021
-0.935537 -7.351871
-0.934711 -7.345720
-0.933884 -7.339569
-0.933058 -7.333419
-0.932231 -7.327268
-0.931405 -7.321117
-0.930579 -7.314967
-0.929752 -7.308816
-0.928926 -7.302665
-0.928099 -7.296514
-0.927273 -7.290364
-0.926446 -7.284213
-0.925620 -7.278062
-0.924793 -7.271912
-0.923967 -7.265761
-0.923140 -7.259610
-0.922314 -7.253459
-0.921488 -7.247309
-0.920661 -7.241158
-0.919835 -7.235007
-0.919008 -7.228857
-0.918182 -7.222706
-0.917355 -7.216555
-0.916529 -7.210404
-0.915702 -7.204254
-0.914876 -7.198103
-0.914050 -7.191952
-0.913223 -7.185802
-0.912397 -7.179651
-0.911570 -7.173500
-0.910744 -7.167350
-0.909917 -7.161199
-0.909091 -7.155048
-0.908264 -7.148897
-0.907438 -7.142747
-0.906612 -7.136596
-0.905785 -7.130445
-0.904959 -7.124295
-0.904132 -7.118144
-0.903306 -7.111993
-0.902479 -7.105842
-0.901653 -7.099692
-0.900826 -7.093541
-0.900000 -7.087390
-0.899174 -7.081240
-0.898347 -7.075089
-0.897521 -7.068938
-0.896694 -7.062788
-0.895868 -7.056637
-0.895041 -7.050486
-0.894215 -7.044335
-0.893388 -7.038185
-0.892562 -7.032034
-0.891736 -7.025883
-0.890909 -7.019733
-0.890083 -7.013582
-0.889256 -7.007431
-0.888430 -7.001280
-0.887603 -6.995130
-0.886777 -6.988979
-0.885950 -6.982828
-0.885124 -6.976678
-0.884298 -6.970527
-0.883471 -6.964376
-0.882645 -6.958226
-0.881818 -6.952075
-0.880992 -6.945924
-0.880165 -6.939773
-0.879339 -6.933623
-0.878512 -6.927472
-0.877686 -6.921321
-0.876860 -6.915171
-0.876033 -6.909020
-0.875207 -6.902869
-0.874380 -6.896718
-0.873554 -6.890568
-0.872727 -6.884417
-0.871901 -6.878266
-0.871074 -6.872116
-0.870248 -6.865965
-0.869421 -6.859814
-0.868595 -6.853664
-0.867769 -6.847513
-0.866942 -6.841362
-0.866116 -6.835211
-0.865289 -6.829061
-0.864463 -6.822910
-0.863636 -6.816759
-0.862810 -6.810609
-0.861983 -6.804458
-0.861157 -6.798307
-0.860331 -6.792156
-0.859504 -6.786006
-0.858678 -6.779855
-0.857851 -6.773704
-0.857025 -6.767554
-0.856198 -6.761403
-0.855372 -6.755252
-0.854545 -6.749101
-0.853719 -6.742951
-0.852893 -6.736800
-0.852066 -6.730649
-0.851240 -6.724499
-0.850413 -6.718348
-0.849587 -6.712197
-0.848760 -6.706047
-0.847934 -6.699896
-0.847107 -6.693745
-0.846281 -6.687594
-0.845455 -6.681444
-0.844628 -6.675293
-0.843802 -6.669142
-0.842975 -6.662992
-0.842149 -6.656841
-0.841322 -6.650690
-0.840496 -6.644539
-0.839669 -6.638389
-0.838843 -6.632238
-0.838017 -6.626087
-0.837190 -6.619937
-0.836364 -6.613786
-0.835537 -6.607635
-0.834711 -6.601485
-0.833884 -6.595334
-0.833058 -6.589183
-0.832231 -6.583032
-0.831405 -6.576882
-0.830579 -6.570731
-0.829752 -6.564580
-0.828926 -6.558430
-0.828099 -6.552279
-0.827273 -6.546128
-0.826446 -6.539977
-0.825620 -6.533827
-0.824793 -6.527676
-0.823967 -6.521525
-0.823140 -6.515375
-0.822314 -6.509224
-0.821488 -6.503073
-0.820661 -6.496923
-0.819835 -6.490772
-0.819008 -6.484621
-0.818182 -6.478470
-0.817355 -6.472320
-0.816529 -6.466169
-0.815702 -6.460018
-0.814876 -6.453868
-0.814050 -6.447717
-0.813223 -6.441566
-0.812397 -6.435415
-0.811570 -6.429265
-0.810744 -6.423114
-0.809917 -6.416963
-0.809091 -6.410813
-0.808264 -6.404662
-0.807438 -6.398511
-0.806612 -6.392360
-0.805785 -6.386210
-0.804959 -6.380059
-0.804132 -6.373908
-0.803306 -6.367758
-0.802479 -6.361607
-0.801653 -6.355456
-0.800826 -6.349306
-0.800000 -6.343155
-0.799174 -6.337004
-0.798347 -6.330853
-0.797521 -6.324703
-0.796694 -6.318552
-0.795868 -6.312401
-0.795041 -6.306251
-0.794215 -6.300100
-0.793388 -6.293949
-0.792562 -6.287798
-0.791736 -6.281648
-0.790909 -6.275497
-0.790083 -6.269346
-0.789256 -6.263196
-0.788430 -6.257045
-0.787603 -6.250894
-0.786777 -6.244744
-0.785950 -6.238593
-0.785124 -6.232442
-0.784298 -6.226291
-0.783471 -6.220141
-0.782645 -6.213990
-0.781818 -6.207839
-0.780992 -6.201689
-0.780165 -6.195538
-0.779339 -6.189387
-0.778512 -6.183236
-0.777686 -6.177086
-0.776860 -6.170935
-0.776033 -6.164784
-0.775207 -6.158634
-0.774380 -6.152483
-0.773554 -6.146332
-0.772727 -6.140182
-0.771901 -6.134031
-0.771074 -6.127880
-0.770248 -6.121729
-0.769421 -6.115579
-0.768595 -6.109428
-0.767769 -6.103277
-0.766942 -6.097127
-0.766116 -6.090976
-0.765289 -6.084825
-0.764463 -6.078674
-0.763636 -6.072524
-0.762810 -6.066373
-0.761983 -6.060222
-0.761157 -6.054072
-0.760331 -6.047921
-0.759504 -6.041770
-0.758678 -6.035619
-0.757851 -6.029469
-0.757025 -6.023318
-0.756198 -6.017167
-0.755372 -6.011017
-0.754545 -6.004866
-0.753719 -5.998715
-0.752893 -5.992565
-0.752066 -5.986414
-0.751240 -5.980263
-0.750413 -5.974112
-0.749587 -5.967962
-0.748760 -5.961811
-0.747934 -5.955660
-0.747107 -5.949510
-0.746281 -5.943359
-0.745455 -5.937208
-0.744628 -5.931057
-0.743802 -5.924907
-0.742975 -5.918756
-0.742149 -5.912605
-0.741322 -5.906455
-0.740496 -5.900304
-0.739669 -5.894153
-0.738843 -5.888003
-0.738017 -5.881852
-0.737190 -5.875701
-0.736364 -5.869550
-0.735537 -5.863400
-0.734711 -5.857249
-0.733884 -5.851098
-0.733058 -5.844948
-0.732231 -5.838797
-0.731405 -5.832646
-0.730579 -5.826495
-0.729752 -5.820345
-0.728926 -5.814194
-0.728099 -5.808043
-0.727273 -5.801893
-0.726446 -5.795742
-0.725620 -5.789591
-0.724793 -5.783441
-0.723967 -5.777290
-0.723140 -5.771139
-0.722314 -5.764988
-0.721488 -5.758838
-0.720661 -5.752687
-0.719835 -5.746536
-0.719008 -5.740386
-0.718182 -5.734235
-0.717355 -5.728084
-0.716529 -5.721933
-0.715702 -5.715783
-0.714876 -5.709632
-0.714050 -5.703481
-0.713223 -5.697331
-0.712397 -5.691180
-0.711570 -5.685029
-0.710744 -5.678878
-0.709917 -5.672728
-0.709091 -5.666577
-0.708264 -5.660426
-0.707438 -5.654276
-0.706612 -5.648125
-0.705785 -5.641974
-0.704959 -5.635824
-0.704132 -5.629673
-0.703306 -5.623522
-0.702479 -5.617371
-0.701653 -5.611221
-0.700826 -5.605070
-0.700000 -5.598919
-0.699174 -5.592769
-0.698347 -5.586618
-0.697521 -5.580467
-0.696694 -5.574316
-0.695868 -5.568166
-0.695041 -5.562015
-0.694215 -5.555864
-0.693388 -5.549714
-0.692562 -5.543563
-0.691736 -5.537412
-0.690909 -5.531262
-0.690083 -5.525111
-0.689256 -5.518960
-0.688430 -5.512809
-0.687603 -5.506659
-0.686777 -5.500508
-0.685950 -5.494357
-0.685124 -5.488207
-0.684298 -5.482056
-0.683471 -5.475905
-0.682645 -5.469754
-0.681818 -5.463604
-0.680992 -5.457453
-0.680165 -5.451302
-0.679339 -5.445152
-0.678512 -5.439001
-0.677686 -5.432850
-0.676860 -5.426700
-0.676033 -5.420549
-0.675207 -5.414398
-0.674380 -5.408247
-0.673554 -5.402097
-0.672727 -5.395946
-0.671901 -5.389795
-0.671074 -5.383645
-0.670248 -5.377494
-0.669421 -5.371343
-0.668595 -5.365192
-0.667769 -5.359042
-0.666942 -5.352891
-0.666116 -5.346740
-0.665289 -5.340590
-0.664463 -5.334439
-0.663636 -5.328288
-0.662810 -5.322138
-0.661983 -5.315987
-0.661157 -5.309836
-0.660331 -5.303685
-0.659504 -5.297535
-0.658678 -5.291384
-0.657851 -5.285233
-0.657025 -5.279083
-0.656198 -5.272932
-0.655372 -5.266781
-0.654545 -5.260630
-0.653719 -5.254480
-0.652893 -5.248329
-0.652066 -5.242178
-0.651240 -5.236028
-0.650413 -5.229877
-0.649587 -5.223726
-0.648760 -5.217575
-0.647934 -5.211425
-0.647107 -5.205274
-0.646281 -5.199123
-0.645455 -5.192973
-0.644628 -5.186822
-0.643802 -5.180671
-0.642975 -5.174521
-0.642149 -5.168370
-0.641322 -5.162219
-0.640496 -5.156068
-0.639669 -5.149918
-0.638843 -5.143767
-0.638017 -5.137616
-0.637190 -5.131466
-0.636364 -5.125315
-0.635537 -5.119164
-0.634711 -5.113013
-0.633884 -5.106863
-0.633058 -5.100712
-0.632231 -5.094561
-0.631405 -5.088411
-0.630579 -5.082260
-0.629752 -5.076109
-0.628926 -5.069959
-0.628099 -5.063808
-0.627273 -5.057657
-0.626446 -5.051506
-0.625620 -5.045356
-0.624793 -5.039205
-0.623967 -5.033054
-0.623140 -5.026904
-0.622314 -5.020753
-0.621488 -5.014602
-0.620661 -5.008451
-0.619835 -5.002301
-0.619008 -4.996150
-0.618182 -4.989999
-0.617355 -4.983849
-0.616529 -4.977698
-0.615702 -4.971547
-0.614876 -4.965397
-0.614050 -4.959246
-0.613223 -4.953095
-0.612397 -4.946944
-0.611570 -4.940794
-0.610744 -4.934643
-0.609917 -4.928492
-0.609091 -4.922342
-0.608264 -4.916191
-0.607438 -4.910040
-0.606612 -4.903889
-0.605785 -4.897739
-0.604959 -4.891588
-0.604132 -4.885437
-0.603306 -4.879287
-0.602479 -4.873136
-0.601653 -4.866985
-0.600826 -4.860834
-0.600000 -4.854684
-0.599174 -4.848533
-0.598347 -4.842382
-0.597521 -4.836232
-0.596694 -4.830081
-0.595868 -4.823930
-0.595041 -4.817780
-0.594215 -4.811629
-0.593388 -4.805478
-0.592562 -4.799327
-0.591736 -4.793177
-0.590909 -4.787026
-0.590083 -4.780875
-0.589256 -4.774725
-0.588430 -4.768574
-0.587603 -4.762423
-0.586777 -4.756272
-0.585950 -4.750122
-0.585124 -4.743971
-0.584298 -4.737820
-0.583471 -4.731670
-0.582645 -4.725519
-0.581818 -4.719368
-0.580992 -4.713218
-0.580165 -4.707067
-0.579339 -4.700916
-0.578512 -4.694765
-0.577686 -4.688615
-0.576860 -4.682464
-0.576033 -4.676313
-0.575207 -4.670163
-0.574380 -4.664012
-0.573554 -4.657861
-0.572727 -4.651710
-0.571901 -4.645560
-0.571074 -4.639409
-0.570248 -4.633258
-0.569421 -4.627108
-0.568595 -4.620957
-0.567769 -4.614806
-0.566942 -4.608656
-0.566116 -4.602505
-0.565289 -4.596354
-0.564463 -4.590203
-0.563636 -4.584053
-0.562810 -4.577902
-0.561983 -4.571751
-0.561157 -4.565601
-0.560331 -4.559450
-0.559504 -4.553299
-0.558678 -4.547148
-0.557851 -4.540998
-0.557025 -4.534847
-0.556198 -4.528696
-0.555372 -4.522546
-0.554545 -4.516395
-0.553719 -4.510244
-0.552893 -4.504093
-0.552066 -4.497943
-0.551240 -4.491792
-0.550413 -4.485641
-0.549587 -4.479491
-0.548760 -4.473340
-0.547934 -4.467189
-0.547107 -4.461039
-0.546281 -4.454888
-0.545455 -4.448737
-0.544628 -4.442586
-0.543802 -4.436436
-0.542975 -4.430285
-0.542149 -4.424134
-0.541322 -4.417984
-0.540496 -4.411833
-0.539669 -4.405682
-0.538843 -4.399531
-0.538017 -4.393381
-0.537190 -4.387230
-0.536364 -4.381079
-0.535537 -4.374929
-0.534711 -4.368778
-0.533884 -4.362627
-0.533058 -4.356477
-0.532231 -4.350326
-0.531405 -4.344175
-0.530579 -4.338024
-0.529752 -4.331874
-0.528926 -4.325723
-0.528099 -4.319572
-0.527273 -4.313422
-0.526446 -4.307271
-0.525620 -4.301120
-0.524793 -4.294969
-0.523967 -4.288819
-0.523140 -4.282668
-0.522314 -4.276517
-0.521488 -4.270367
-0.520661 -4.264216
-0.519835 -4.258065
-0.519008 -4.251915
-0.518182 -4.245764
-0.517355 -4.239613
-0.516529 -4.233462
-0.515702 -4.227312
-0.514876 -4.221161
-0.514050 -4.215010
-0.513223 -4.208860
-0.512397 -4.202709
-0.511570 -4.196558
-0.510744 -4.190407
-0.509917 -4.184257
-0.509091 -4.178106
-0.508264 -4.171955
-0.507438 -4.165805
-0.506612 -4.159654
-0.505785 -4.153503
-0.504959 -4.147353
-0.504132 -4.141202
-0.503306 -4.135051
-0.502479 -4.128900
-0.501653 -4.122750
-0.500826 -4.116599
-0.500000 -4.110448
-0.499174 -4.104298
-0.498347 -4.098147
-0.497521 -4.091996
-0.496694 -4.085845
-0.495868 -4.079695
-0.495041 -4.073544
-0.494215 -4.067393
-0.493388 -4.061243
-0.492562 -4.055092
-0.491736 -4.048941
-0.490909 -4.042790
-0.490083 -4.036640
-0.489256 -4.030489
-0.488430 -4.024338
-0.487603 -4.018188
-0.486777 -4.012037
-0.485950 -4.005886
-0.485124 -3.999736
-0.484298 -3.993585
-0.483471 -3.987434
-0.482645 -3.981283
-0.481818 -3.975133
-0.480992 -3.968982
-0.480165 -3.962831
-0.479339 -3.956681
-0.478512 -3.950530
-0.477686 -3.944379
-0.476860 -3.938228
-0.476033 -3.932078
-0.475207 -3.925927
-0.474380 -3.919776
-0.473554 -3.913626
-0.472727 -3.907475
-0.471901 -3.901324
-0.471074 -3.895174
-0.470248 -3.889023
-0.469421 -3.882872
-0.468595 -3.876721
-0.467769 -3.870571
-0.466942 -3.864420
-0.466116 -3.858269
-0.465289 -3.852119
-0.464463 -3.845968
-0.463636 -3.839817
-0.462810 -3.833666
-0.461983 -3.827516
-0.461157 -3.821365
-0.460331 -3.815214
-0.459504 -3.809064
-0.458678 -3.802913
-0.457851 -3.796762
-0.457025 -3.790612
-0.456198 -3.784461
-0.455372 -3.778310
-0.454545 -3.772159
-0.453719 -3.766009
-0.452893 -3.759858
-0.452066 -3.753707
-0.451240 -3.747557
-0.450413 -3.741406
-0.449587 -3.735255
-0.448760 -3.729104
-0.447934 -3.722954
-0.447107 -3.716803
-0.446281 -3.710652
-0.445455 -3.704502
-0.444628 -3.698351
-0.443802 -3.692200
-0.442975 -3.686049
-0.442149 -3.679899
-0.441322 -3.673748
-0.440496 -3.667597
-0.439669 -3.661447
-0.438843 -3.655296
-0.438017 -3.649145
-0.437190 -3.642995
-0.436364 -3.636844
-0.435537 -3.630693
-0.434711 -3.624542
-0.433884 -3.618392
-0.433058 -3.612241
-0.432231 -3.606090
-0.431405 -3.599940
-0.430579 -3.593789
-0.429752 -3.587638
-0.428926 -3.581487
-0.428099 -3.575337
-0.427273 -3.569186
-0.426446 -3.563035
-0.425620 -3.556885
-0.424793 -3.550734
-0.423967 -3.544583
-0.423140 -3.538433
-0.422314 -3.532282
-0.421488 -3.526131
-0.420661 -3.519980
-0.419835 -3.513830
-0.419008 -3.507679
-0.418182 -3.501528
-0.417355 -3.495378
-0.416529 -3.489227
-0.415702 -3.483076
-0.414876 -3.476925
-0.414050 -3.470775
-0.413223 -3.464624
-0.412397 -3.458473
-0.411570 -3.452323
-0.410744 -3.446172
-0.409917 -3.440021
-0.409091 -3.433871
-0.408264 -3.427720
-0.407438 -3.421569
-0.406612 -3.415418
-0.405785 -3.409268
-0.404959 -3.403117
-0.404132 -3.396966
-0.403306 -3.390816
-0.402479 -3.384665
-0.401653 -3.378514
-0.400826 -3.372363
-0.400000 -3.366213
-0.399174 -3.360062
-0.398347 -3.353911
-0.397521 -3.347761
-0.396694 -3.341610
-0.395868 -3.335459
-0.395041 -3.329308
-0.394215 -3.323158
-0.393388 -3.317007
-0.392562 -3.310856
-0.391736 -3.304706
-0.390909 -3.298555
-0.390083 -3.292404
-0.389256 -3.286254
-0.388430 -3.280103
-0.387603 -3.273952
-0.386777 -3.267801
-0.385950 -3.261651
-0.385124 -3.255500
-0.384298 -3.249349
-0.383471 -3.243199
-0.382645 -3.237048
-0.381818 -3.230897
-0.380992 -3.224746
-0.380165 -3.218596
-0.379339 -3.212445
-0.378512 -3.206294
-0.377686 -3.200144
-0.376860 -3.193993
-0.376033 -3.187842
-0.375207 -3.181692
-0.374380 -3.175541
-0.373554 -3.169390
-0.372727 -3.163239
-0.371901 -3.157089
-0.371074 -3.150938
-0.370248 -3.144787
-0.369421 -3.138637
-0.368595 -3.132486
-0.367769 -3.126335
-0.366942 -3.120184
-0.366116 -3.114034
-0.365289 -3.107883
-0.364463 -3.101732
-0.363636 -3.095582
-0.362810 -3.089431
-0.361983 -3.083280
-0.361157 -3.077130
-0.360331 -3.070979
-0.359504 -3.064828
-0.358678 -3.058677
-0.357851 -3.052527
-0.357025 -3.046376
-0.356198 -3.040225
-0.355372 -3.034075
-0.354545 -3.027924
-0.353719 -3.021773
-0.352893 -3.015622
-0.352066 -3.009472
-0.351240 -3.003321
-0.350413 -2.997170
-0.349587 -2.991020
-0.348760 -2.984869
-0.347934 -2.978718
-0.347107 -2.972567
-0.346281 -2.966417
-0.345455 -2.960266
-0.344628 -2.954115
-0.343802 -2.947965
-0.342975 -2.941814
-0.342149 -2.935663
-0.341322 -2.929513
-0.340496 -2.923362
-0.339669 -2.917211
-0.338843 -2.911060
-0.338017 -2.904910
-0.337190 -2.898759
-0.336364 -2.892608
-0.335537 -2.886458
-0.334711 -2.880307
-0.333884 -2.874156
-0.333058 -2.868005
-0.332231 -2.861855
-0.331405 -2.855704
-0.330579 -2.849553
-0.329752 -2.843403
-0.328926 -2.837252
-0.328099 -2.831101
-0.327273 -2.824951
-0.326446 -2.818800
-0.325620 -2.812649
-0.324793 -2.806498
-0.323967 -2.800348
-0.323140 -2.794197
-0.322314 -2.788046
-0.321488 -2.781896
-0.320661 -2.775745
-0.319835 -2.769594
-0.319008 -2.763443
-0.318182 -2.757293
-0.317355 -2.751142
-0.316529 -2.744991
-0.315702 -2.738841
-0.314876 -2.732690
-0.314050 -2.726539
-0.313223 -2.720389
-0.312397 -2.714238
-0.311570 -2.708087
-0.310744 -2.701936
-0.309917 -2.695786
-0.309091 -2.689635
-0.308264 -2.683484
-0.307438 -2.677334
-0.306612 -2.671183
-0.305785 -2.665032
-0.304959 -2.658881
-0.304132 -2.652731
-0.303306 -2.646580
-0.302479 -2.640429
-0.301653 -2.634279
-0.300826 -2.628128
-0.300000 -2.621977
-0.299174 -2.615827
-0.298347 -2.609676
-0.297521 -2.603525
-0.296694 -2.597374
-0.295868 -2.591224
-0.295041 -2.585073
-0.294215 -2.578922
-0.293388 -2.572772
-0.292562 -2.566621
-0.291736 -2.560470
-0.290909 -2.554319
-0.290083 -2.548169
-0.289256 -2.542018
-0.288430 -2.535867
-0.287603 -2.529717
-0.286777 -2.523566
-0.285950 -2.517415
-0.285124 -2.511264
-0.284298 -2.505114
-0.283471 -2.498963
-0.282645 -2.492812
-0.281818 -2.486662
-0.280992 -2.480511
-0.280165 -2.474360
-0.279339 -2.468210
-0.278512 -2.462059
-0.277686 -2.455908
-0.276860 -2.449757
-0.276033 -2.443607
-0.275207 -2.437456
-0.274380 -2.431305
-0.273554 -2.425155
-0.272727 -2.419004
-0.271901 -2.412853
-0.271074 -2.406702
-0.270248 -2.400552
-0.269421 -2.394401
-0.268595 -2.388250
-0.267769 -2.382100
-0.266942 -2.375949
-0.266116 -2.369798
-0.265289 -2.363648
-0.264463 -2.357497
-0.263636 -2.351346
-0.262810 -2.345195
-0.261983 -2.339045
-0.261157 -2.332894
-0.260331 -2.326743
-0.259504 -2.320593
-0.258678 -2.314442
-0.257851 -2.308291
-0.257025 -2.302140
-0.256198 -2.295990
-0.255372 -2.289839
-0.254545 -2.283688
-0.253719 -2.277538
-0.252893 -2.271387
-0.252066 -2.265236
-0.251240 -2.259086
-0.250413 -2.252935
-0.249587 -2.246784
-0.248760 -2.240633
-0.247934 -2.234483
-0.247107 -2.228332
-0.246281 -2.222181
-0.245455 -2.216031
-0.244628 -2.209880
-0.243802 -2.203729
-0.242975 -2.197578
-0.242149 -2.191428
-0.241322 -2.185277
-0.240496 -2.179126
-0.239669 -2.172976
-0.238843 -2.166825
-0.238017 -2.160674
-0.237190 -2.154523
-0.236364 -2.148373
-0.235537 -2.142222
-0.234711 -2.136071
-0.233884 -2.129921
-0.233058 -2.123770
-0.232231 -2.117619
-0.231405 -2.111469
-0.230579 -2.105318
-0.229752 -2.099167
-0.228926 -2.093016
-0.228099 -2.086866
-0.227273 -2.080715
-0.226446 -2.074564
-0.225620 -2.068414
-0.224793 -2.062263
-0.223967 -2.056112
-0.223140 -2.049961
-0.222314 -2.043811
-0.221488 -2.037660
-0.220661 -2.031509
-0.219835 -2.025359
-0.219008 -2.019208
-0.218182 -2.013057
-0.217355 -2.006907
-0.216529 -2.000756
-0.215702 -1.994605
-0.214876 -1.988454
-0.214050 -1.982304
-0.213223 -1.976153
-0.212397 -1.970002
-0.211570 -1.963852
-0.210744 -1.957701
-0.209917 -1.951550
-0.209091 -1.945399
-0.208264 -1.939249
-0.207438 -1.933098
-0.206612 -1.926947
-0.205785 -1.920797
-0.204959 -1.914646
-0.204132 -1.908495
-0.203306 -1.902345
-0.202479 -1.896194
-0.201653 -1.890043
-0.200826 -1.883892
-0.200000 -1.877742
-0.199174 -1.871591
-0.198347 -1.865440
-0.197521 -1.859290
-0.196694 -1.853139
-0.195868 -1.846988
-0.195041 -1.840837
-0.194215 -1.834687
-0.193388 -1.828536
-0.192562 -1.822385
-0.191736 -1.816235
-0.190909 -1.810084
-0.190083 -1.803933
-0.189256 -1.797782
-0.188430 -1.791632
-0.187603 -1.785481
-0.186777 -1.779330
-0.185950 -1.773180
-0.185124 -1.767029
-0.184298 -1.760878
-0.183471 -1.754728
-0.182645 -1.748577
-0.181818 -1.742426
-0.180992 -1.736275
-0.180165 -1.730125
-0.179339 -1.723974
-0.178512 -1.717823
-0.177686 -1.711673
-0.176860 -1.705522
-0.176033 -1.699371
-0.175207 -1.693220
-0.174380 -1.687070
-0.173554 -1.680919
-0.172727 -1.674768
-0.171901 -1.668618
-0.171074 -1.662467
-0.170248 -1.656316
-0.169421 -1.650166
-0.168595 -1.644015
-0.167769 -1.637864
-0.166942 -1.631713
-0.166116 -1.625563
-0.165289 -1.619412
-0.164463 -1.613261
-0.163636 -1.607111
-0.162810 -1.600960
-0.161983 -1.594809
-0.161157 -1.588658
-0.160331 -1.582508
-0.159504 -1.576357
-0.158678 -1.570206
-0.157851 -1.564056
-0.157025 -1.557905
-0.156198 -1.551754
-0.155372 -1.545604
-0.154545 -1.539453
-0.153719 -1.533302
-0.152893 -1.527151
-0.152066 -1.521001
-0.151240 -1.514850
-0.150413 -1.508699
-0.149587 -1.502549
-0.148760 -1.496398
-0.147934 -1.490247
-0.147107 -1.484096
-0.146281 -1.477946
-0.145455 -1.471795
-0.144628 -1.465644
-0.143802 -1.459494
-0.142975 -1.453343
-0.142149 -1.447192
-0.141322 -1.441042
-0.140496 -1.434891
-0.139669 -1.428740
-0.138843 -1.422589
-0.138017 -1.416439
-0.137190 -1.410288
-0.136364 -1.404137
-0.135537 -1.397987
-0.134711 -1.391836
-0.133884 -1.385685
-0.133058 -1.379534
-0.132231 -1.373384
-0.131405 -1.367233
-0.130579 -1.361082
-0.129752 -1.354932
-0.128926 -1.348781
-0.128099 -1.342630
-0.127273 -1.336479
-0.126446 -1.330329
-0.125620 -1.324178
-0.124793 -1.318027
-0.123967 -1.311877
-0.123140 -1.305726
-0.122314 -1.299575
-0.121488 -1.293425
-0.120661 -1.287274
-0.119835 -1.281123
-0.119008 -1.274972
-0.118182 -1.268822
-0.117355 -1.262671
-0.116529 -1.256520
-0.115702 -1.250370
-0.114876 -1.244219
-0.114050 -1.238068
-0.113223 -1.231917
-0.112397 -1.225767
-0.111570 -1.219616
-0.110744 -1.213465
-0.109917 -1.207315
-0.109091 -1.201164
-0.108264 -1.195013
-0.107438 -1.188863
-0.106612 -1.182712
-0.105785 -1.176561
-0.104959 -1.170410
-0.104132 -1.164260
-0.103306 -1.158109
-0.102479 -1.151958
-0.101653 -1.145808
-0.100826 -1.139657
-0.100000 -1.133506
-0.099174 -1.127355
-0.098347 -1.121205
-0.097521 -1.115054
-0.096694 -1.108903
-0.095868 -1.102753
-0.095041 -1.096602
-0.094215 -1.090451
-0.093388 -1.084301
-0.092562 -1.078150
-0.091736 -1.071999
-0.090909 -1.065848
-0.090083 -1.059698
-0.089256 -1.053547
-0.088430 -1.047396
-0.087603 -1.041246
-0.086777 -1.035095
-0.085950 -1.028944
-0.085124 -1.022793
-0.084298 -1.016643
-0.083471 -1.010492
-0.082645 -1.004341
-0.081818 -0.998191
-0.080992 -0.992040
-0.080165 -0.985889
-0.079339 -0.979738
-0.078512 -0.973588
-0.077686 -0.967437
-0.076860 -0.961286
-0.076033 -0.955136
-0.075207 -0.948985
-0.074380 -0.942834
-0.073554 -0.936684
-0.072727 -0.930533
-0.071901 -0.924382
-0.071074 -0.918231
-0.070248 -0.912081
-0.069421 -0.905930
-0.068595 -0.899779
-0.067769 -0.893629
-0.066942 -0.887478
-0.066116 -0.881327
-0.065289 -0.875176
-0.064463 -0.869026
-0.063636 -0.862875
-0.062810 -0.856724
-0.061983 -0.850574
-0.061157 -0.844423
-0.060331 -0.838272
-0.059504 -0.832122
-0.058678 -0.825971
-0.057851 -0.819820
-0.057025 -0.813669
-0.056198 -0.807519
-0.055372 -0.801368
-0.054545 -0.795217
-0.053719 -0.789067
-0.052893 -0.782916
-0.052066 -0.776765
-0.051240 -0.770614
-0.050413 -0.764464
-0.049587 -0.758313
-0.048760 -0.752162
-0.047934 -0.746012
-0.047107 -0.739861
-0.046281 -0.733710
-0.045455 -0.727560
-0.044628 -0.721409
-0.043802 -0.715258
-0.042975 -0.709107
-0.042149 -0.702957
-0.041322 -0.696806
-0.040496 -0.690655
-0.039669 -0.684505
-0.038843 -0.678354
-0.038017 -0.672203
-0.037190 -0.666052
-0.036364 -0.659902
-0.035537 -0.653751
-0.034711 -0.647600
-0.033884 -0.641450
-0.033058 -0.635299
-0.032231 -0.629148
-0.031405 -0.622997
-0.030579 -0.616847
-0.029752 -0.610696
-0.028926 -0.604545
-0.028099 -0.598395
-0.027273 -0.592244
-0.026446 -0.586093
-0.025620 -0.579943
-0.024793 -0.573792
-0.023967 -0.567641
-0.023140 -0.561490
-0.022314 -0.555340
-0.021488 -0.549189
-0.020661 -0.543038
-0.019835 -0.536888
-0.019008 -0.530737
-0.018182 -0.524586
-0.017355 -0.518435
-0.016529 -0.512285
-0.015702 -0.506134
-0.014876 -0.499983
-0.014050 -0.493833
-0.013223 -0.487682
-0.012397 -0.481531
-0.011570 -0.475381
-0.010744 -0.469230
-0.009917 -0.463079
-0.009091 -0.456928
-0.008264 -0.450778
-0.007438 -0.444627
-0.006612 -0.438476
-0.005785 -0.432326
-0.004959 -0.426175
-0.004132 -0.420024
-0.003306 -0.413873
-0.002479 -0.407723
-0.001653 -0.401572
-0.000826 -0.395421
-0.000000 -0.389271
0.000826 -0.383120
0.001653 -0.376969
0.002479 -0.370819
0.003306 -0.364668
0.004132 -0.358517
0.004959 -0.352366
0.005785 -0.346216
0.006612 -0.340065
0.007438 -0.333914
0.008264 -0.327764
0.009091 -0.321613
0.009917 -0.315462
0.010744 -0.309311
0.011570 -0.303161
0.012397 -0.297010
0.013223 -0.290859
0.014050 -0.284709
0.014876 -0.278558
0.015702 -0.272407
0.016529 -0.266256
0.017355 -0.260106
0.018182 -0.253955
0.019008 -0.247804
0.019835 -0.241654
0.020661 -0.235503
0.021488 -0.229352
0.022314 -0.223202
0.023140 -0.217051
0.023967 -0.210900
0.024793 -0.204749
0.025620 -0.198599
0.026446 -0.192448
0.027273 -0.186297
0.028099 -0.180147
0.028926 -0.173996
0.029752 -0.167845
0.030579 -0.161694
0.031405 -0.155544
0.032231 -0.149393
0.033058 -0.143242
0.033884 -0.137092
0.034711 -0.130941
0.035537 -0.124790
0.036364 -0.118640
0.037190 -0.112489
0.038017 -0.106338
0.038843 -0.100187
0.039669 -0.094037
0.040496 -0.087886
0.041322 -0.081735
0.042149 -0.075585
0.042975 -0.069434
0.043802 -0.063283
0.044628 -0.057132
0.045455 -0.050982
0.046281 -0.044831
0.047107 -0.038680
0.047934 -0.032530
0.048760 -0.026379
0.049587 -0.020228
0.050413 -0.014078
0.051240 -0.007927
0.052066 -0.001776
0.052893 0.004375
0.053719 0.010525
0.054545 0.016676
0.055372 0.022827
0.056198 0.028977
0.057025 0.035128
0.057851 0.041279
0.058678 0.047430
0.059504 0.053580
0.060331 0.059731
0.061157 0.065882
0.061983 0.072032
0.062810 0.078183
0.063636 0.084334
0.064463 0.090484
0.065289 0.096635
0.066116 0.102786
0.066942 0.108937
0.067769 0.115087
0.068595 0.121238
0.069421 0.127389
0.070248 0.133539
0.071074 0.139690
0.071901 0.145841
0.072727 0.151992
0.073554 0.158142
0.074380 0.164293
0.075207 0.170444
0.076033 0.176594
0.076860 0.182745
0.077686 0.188896
0.078512 0.195047
0.079339 0.201197
0.080165 0.207348
0.080992 0.213499
0.081818 0.219649
0.082645 0.225800
0.083471 0.231951
0.084298 0.238101
0.085124 0.244252
0.085950 0.250403
0.086777 0.256554
0.087603 0.262704
0.088430 0.268855
0.089256 0.275006
0.090083 0.281156
0.090909 0.287307
0.091736 0.293458
0.092562 0.299609
0.093388 0.305759
0.094215 0.311910
0.095041 0.318061
0.095868 0.324211
0.096694 0.330362
0.097521 0.336513
0.098347 0.342663
0.099174 0.348814
0.100000 0.354965
0.100826 0.361116
0.101653 0.367266
0.102479 0.373417
0.103306 0.379568
0.104132 0.385718
0.104959 0.391869
0.105785 0.398020
0.106612 0.404171
0.107438 0.410321
0.108264 0.416472
0.109091 0.422623
0.109917 0.428773
0.110744 0.434924
0.111570 0.441075
0.112397 0.447225
0.113223 0.453376
0.114050 0.459527
0.114876 0.465678
0.115702 0.471828
0.116529 0.477979
0.117355 0.484130
0.118182 0.490280
0.119008 0.496431
0.119835 0.502582
0.120661 0.508733
0.121488 0.514883
0.122314 0.521034
0.123140 0.527185
0.123967 0.533335
0.124793 0.539486
0.125620 0.545637
0.126446 0.551788
0.127273 0.557938
0.128099 0.564089
0.128926 0.570240
0.129752 0.576390
0.130579 0.582541
0.131405 0.588692
0.132231 0.594842
0.133058 0.600993
0.133884 0.607144
0.134711 0.613295
0.135537 0.619445
0.136364 0.625596
0.137190 0.631747
0.138017 0.637897
0.138843 0.644048
0.139669 0.650199
0.140496 0.656350
0.141322 0.662500
0.142149 0.668651
0.142975 0.674802
0.143802 0.680952
0.144628 0.687103
0.145455 0.693254
0.146281 0.699404
0.147107 0.705555
0.147934 0.711706
0.148760 0.717857
0.149587 0.724007
0.150413 0.730158
0.151240 0.736309
0.152066 0.742459
0.152893 0.748610
0.153719 0.754761
0.154545 0.760912
0.155372 0.767062
0.156198 0.773213
0.157025 0.779364
0.157851 0.785514
0.158678 0.791665
0.159504 0.797816
0.160331 0.803966
0.161157 0.810117
0.161983 0.816268
0.162810 0.822419
0.163636 0.828569
0.164463 0.834720
0.165289 0.840871
0.166116 0.847021
0.166942 0.853172
0.167769 0.859323
0.168595 0.865474
0.169421 0.871624
0.170248 0.877775
0.171074 0.883926
0.171901 0.890076
0.172727 0.896227
0.173554 0.902378
0.174380 0.908529
0.175207 0.914679
0.176033 0.920830
0.176860 0.926981
0.177686 0.933131
0.178512 0.939282
0.179339 0.945433
0.180165 0.951583
0.180992 0.957734
0.181818 0.963885
0.182645 0.970036
0.183471 0.976186
0.184298 0.982337
0.185124 0.988488
0.185950 0.994638
0.186777 1.000789
0.187603 1.006940
0.188430 1.013091
0.189256 1.019241
0.190083 1.025392
0.190909 1.031543
0.191736 1.037693
0.192562 1.043844
0.193388 1.049995
0.194215 1.056145
0.195041 1.062296
0.195868 1.068447
0.196694 1.074598
0.197521 1.080748
0.198347 1.086899
0.199174 1.093050
0.200000 1.099200
0.200826 1.105351
0.201653 1.111502
0.202479 1.117653
0.203306 1.123803
0.204132 1.129954
0.204959 1.136105
0.205785 1.142255
0.206612 1.148406
0.207438 1.154557
0.208264 1.160707
0.209091 1.166858
0.209917 1.173009
0.210744 1.179160
0.211570 1.185310
0.212397 1.191461
0.213223 1.197612
0.214050 1.203762
0.214876 1.209913
0.215702 1.216064
0.216529 1.222215
0.217355 1.228365
0.218182 1.234516
0.219008 1.240667
0.219835 1.246817
0.220661 1.252968
0.221488 1.259119
0.222314 1.265269
0.223140 1.271420
0.223967 1.277571
0.224793 1.283722
0.225620 1.289872
0.226446 1.296023
0.227273 1.302174
0.228099 1.308324
0.228926 1.314475
0.229752 1.320626
0.230579 1.326777
0.231405 1.332927
0.232231 1.339078
0.233058 1.345229
0.233884 1.351379
0.234711 1.357530
0.235537 1.363681
0.236364 1.369832
0.237190 1.375982
0.238017 1.382133
0.238843 1.388284
0.239669 1.394434
0.240496 1.400585
0.241322 1.406736
0.242149 1.412886
0.242975 1.419037
0.243802 1.425188
0.244628 1.431339
0.245455 1.437489
0.246281 1.443640
0.247107 1.449791
0.247934 1.455941
0.248760 1.462092
0.249587 1.468243
0.250413 1.474394
0.251240 1.480544
0.252066 1.486695
0.252893 1.492846
0.253719 1.498996
0.254545 1.505147
0.255372 1.511298
0.256198 1.517448
0.257025 1.523599
0.257851 1.529750
0.258678 1.535901
0.259504 1.542051
0.260331 1.548202
0.261157 1.554353
0.261983 1.560503
0.262810 1.566654
0.263636 1.572805
0.264463 1.578956
0.265289 1.585106
0.266116 1.591257
0.266942 1.597408
0.267769 1.603558
0.268595 1.609709
0.269421 1.615860
0.270248 1.622010
0.271074 1.628161
0.271901 1.634312
0.272727 1.640463
0.273554 1.646613
0.274380 1.652764
0.275207 1.658915
0.276033 1.665065
0.276860 1.671216
0.277686 1.677367
0.278512 1.683518
0.279339 1.689668
0.280165 1.695819
0.280992 1.701970
0.281818 1.708120
0.282645 1.714271
0.283471 1.720422
0.284298 1.726573
0.285124 1.732723
0.285950 1.738874
0.286777 1.745025
0.287603 1.751175
0.288430 1.757326
0.289256 1.763477
0.290083 1.769627
0.290909 1.775778
0.291736 1.781929
0.292562 1.788080
0.293388 1.794230
0.294215 1.800381
0.295041 1.806532
0.295868 1.812682
0.296694 1.818833
0.297521 1.824984
0.298347 1.831135
0.299174 1.837285
0.300000 1.843436
0.300826 1.849587
0.301653 1.855737
0.302479 1.861888
0.303306 1.868039
0.304132 1.874189
0.304959 1.880340
0.305785 1.886491
0.306612 1.892642
0.307438 1.898792
0.308264 1.904943
0.309091 1.911094
0.309917 1.917244
0.310744 1.923395
0.311570 1.929546
0.312397 1.935697
0.313223 1.941847
0.314050 1.947998
0.314876 1.954149
0.315702 1.960299
0.316529 1.966450
0.317355 1.972601
0.318182 1.978751
0.319008 1.984902
0.319835 1.991053
0.320661 1.997204
0.321488 2.003354
0.322314 2.009505
0.323140 2.015656
0.323967 2.021806
0.324793 2.027957
0.325620 2.034108
0.326446 2.040259
0.327273 2.046409
0.328099 2.052560
0.328926 2.058711
0.329752 2.064861
0.330579 2.071012
0.331405 2.077163
0.332231 2.083314
0.333058 2.089464
0.333884 2.095615
0.334711 2.101766
0.335537 2.107916
0.336364 2.114067
0.337190 2.120218
0.338017 2.126368
0.338843 2.132519
0.339669 2.138670
0.340496 2.144821
0.341322 2.150971
0.342149 2.157122
0.342975 2.163273
0.343802 2.169423
0.344628 2.175574
0.345455 2.181725
0.346281 2.187876
0.347107 2.194026
0.347934 2.200177
0.348760 2.206328
0.349587 2.212478
0.350413 2.218629
0.351240 2.224780
0.352066 2.230930
0.352893 2.237081
0.353719 2.243232
0.354545 2.249383
0.355372 2.255533
0.356198 2.261684
0.357025 2.267835
0.357851 2.273985
0.358678 2.280136
0.359504 2.286287
0.360331 2.292438
0.361157 2.298588
0.361983 2.304739
0.362810 2.310890
0.363636 2.317040
0.364463 2.323191
0.365289 2.329342
0.366116 2.335492
0.366942 2.341643
0.367769 2.347794
0.368595 2.353945
0.369421 2.360095
0.370248 2.366246
0.371074 2.372397
0.371901 2.378547
0.372727 2.384698
0.373554 2.390849
0.374380 2.397000
0.375207 2.403150
0.376033 2.409301
0.376860 2.415452
0.377686 2.421602
0.378512 2.427753
0.379339 2.433904
0.380165 2.440055
0.380992 2.446205
0.381818 2.452356
0.382645 2.458507
0.383471 2.464657
0.384298 2.470808
0.385124 2.476959
0.385950 2.483109
0.386777 2.489260
0.387603 2.495411
0.388430 2.501562
0.389256 2.507712
0.390083 2.513863
0.390909 2.520014
0.391736 2.526164
0.392562 2.532315
0.393388 2.538466
0.394215 2.544617
0.395041 2.550767
0.395868 2.556918
0.396694 2.563069
0.397521 2.569219
0.398347 2.575370
0.399174 2.581521
0.400000 2.587671
0.400826 2.593822
0.401653 2.599973
0.402479 2.606124
0.403306 2.612274
0.404132 2.618425
0.404959 2.624576
0.405785 2.630726
0.406612 2.636877
0.407438 2.643028
0.408264 2.649179
0.409091 2.655329
0.409917 2.661480
0.410744 2.667631
0.411570 2.673781
0.412397 2.679932
0.413223 2.686083
0.414050 2.692233
0.414876 2.698384
0.415702 2.704535
0.416529 2.710686
0.417355 2.716836
0.418182 2.722987
0.419008 2.729138
0.419835 2.735288
0.420661 2.741439
0.421488 2.747590
0.422314 2.753741
0.423140 2.759891
0.423967 2.766042
0.424793 2.772193
0.425620 2.778343
0.426446 2.784494
0.427273 2.790645
0.428099 2.796795
0.428926 2.802946
0.429752 2.809097
0.430579 2.815248
0.431405 2.821398
0.432231 2.827549
0.433058 2.833700
0.433884 2.839850
0.434711 2.846001
0.435537 2.852152
0.436364 2.858303
0.437190 2.864453
0.438017 2.870604
0.438843 2.876755
0.439669 2.882905
0.440496 2.889056
0.441322 2.895207
0.442149 2.901358
0.442975 2.907508
0.443802 2.913659
0.444628 2.919810
0.445455 2.925960
0.446281 2.932111
0.447107 2.938262
0.447934 2.944412
0.448760 2.950563
0.449587 2.956714
0.450413 2.962865
0.451240 2.969015
0.452066 2.975166
0.452893 2.981317
0.453719 2.987467
0.454545 2.993618
0.455372 2.999769
0.456198 3.005920
0.457025 3.012070
0.457851 3.018221
0.458678 3.024372
0.459504 3.030522
0.460331 3.036673
0.461157 3.042824
0.461983 3.048974
0.462810 3.055125
0.463636 3.061276
0.464463 3.067427
0.465289 3.073577
0.466116 3.079728
0.466942 3.085879
0.467769 3.092029
0.468595 3.098180
0.469421 3.104331
0.470248 3.110482
0.471074 3.116632
0.471901 3.122783
0.472727 3.128934
0.473554 3.135084
0.474380 3.141235
0.475207 3.147386
0.476033 3.153536
0.476860 3.159687
0.477686 3.165838
0.478512 3.171989
0.479339 3.178139
0.480165 3.184290
0.480992 3.190441
0.481818 3.196591
0.482645 3.202742
0.483471 3.208893
0.484298 3.215044
0.485124 3.221194
0.485950 3.227345
0.486777 3.233496
0.487603 3.239646
0.488430 3.245797
0.489256 3.251948
0.490083 3.258099
0.490909 3.264249
0.491736 3.270400
0.492562 3.276551
0.493388 3.282701
0.494215 3.288852
0.495041 3.295003
0.495868 3.301153
0.496694 3.307304
0.497521 3.313455
0.498347 3.319606
0.499174 3.325756
0.500000 3.331907
0.500826 3.338058
0.501653 3.344208
0.502479 3.350359
0.503306 3.356510
0.504132 3.362661
0.504959 3.368811
0.505785 3.374962
0.506612 3.381113
0.507438 3.387263
0.508264 3.393414
0.509091 3.399565
0.509917 3.405715
0.510744 3.411866
0.511570 3.418017
0.512397 3.424168
0.513223 3.430318
0.514050 3.436469
0.514876 3.442620
0.515702 3.448770
0.516529 3.454921
0.517355 3.461072
0.518182 3.467223
0.519008 3.473373
0.519835 3.479524
0.520661 3.485675
0.521488 3.491825
0.522314 3.497976
0.523140 3.504127
0.523967 3.510277
0.524793 3.516428
0.525620 3.522579
0.526446 3.528730
0.527273 3.534880
0.528099 3.541031
0.528926 3.547182
0.529752 3.553332
0.530579 3.559483
0.531405 3.565634
0.532231 3.571785
0.533058 3.577935
0.533884 3.584086
0.534711 3.590237
0.535537 3.596387
0.536364 3.602538
0.537190 3.608689
0.538017 3.614840
0.538843 3.620990
0.539669 3.627141
0.540496 3.633292
0.541322 3.639442
0.542149 3.645593
0.542975 3.651744
0.543802 3.657894
0.544628 3.664045
0.545455 3.670196
0.546281 3.676347
0.547107 3.682497
0.547934 3.688648
0.548760 3.694799
0.549587 3.700949
0.550413 3.707100
0.551240 3.713251
0.552066 3.719402
0.552893 3.725552
0.553719 3.731703
0.554545 3.737854
0.555372 3.744004
0.556198 3.750155
0.557025 3.756306
0.557851 3.762456
0.558678 3.768607
0.559504 3.774758
0.560331 3.780909
0.561157 3.787059
0.561983 3.793210
0.562810 3.799361
0.563636 3.805511
0.564463 3.811662
0.565289 3.817813
0.566116 3.823964
0.566942 3.830114
0.567769 3.836265
0.568595 3.842416
0.569421 3.848566
0.570248 3.854717
0.571074 3.860868
0.571901 3.867018
0.572727 3.873169
0.573554 3.879320
0.574380 3.885471
0.575207 3.891621
0.576033 3.897772
0.576860 3.903923
0.577686 3.910073
0.578512 3.916224
0.579339 3.922375
0.580165 3.928526
0.580992 3.934676
0.581818 3.940827
0.582645 3.946978
0.583471 3.953128
0.584298 3.959279
0.585124 3.965430
0.585950 3.971580
0.586777 3.977731
0.587603 3.983882
0.588430 3.990033
0.589256 3.996183
0.590083 4.002334
0.590909 4.008485
0.591736 4.014635
0.592562 4.020786
0.593388 4.026937
0.594215 4.033088
0.595041 4.039238
0.595868 4.045389
0.596694 4.051540
0.597521 4.057690
0.598347 4.063841
0.599174 4.069992
0.600000 4.076143
0.600826 4.082293
0.601653 4.088444
0.602479 4.094595
0.603306 4.100745
0.604132 4.106896
0.604959 4.113047
0.605785 4.119197
0.606612 4.125348
0.607438 4.131499
0.608264 4.137650
0.609091 4.143800
0.609917 4.149951
0.610744 4.156102
0.611570 4.162252
0.612397 4.168403
0.613223 4.174554
0.614050 4.180705
0.614876 4.186855
0.615702 4.193006
0.616529 4.199157
0.617355 4.205307
0.618182 4.211458
0.619008 4.217609
0.619835 4.223759
0.620661 4.229910
0.621488 4.236061
0.622314 4.242212
0.623140 4.248362
0.623967 4.254513
0.624793 4.260664
0.625620 4.266814
0.626446 4.272965
0.627273 4.279116
0.628099 4.285267
0.628926 4.291417
0.629752 4.297568
0.630579 4.303719
0.631405 4.309869
0.632231 4.316020
0.633058 4.322171
0.633884 4.328321
0.634711 4.334472
0.635537 4.340623
0.636364 4.346774
0.637190 4.352924
0.638017 4.359075
0.638843 4.365226
0.639669 4.371376
0.640496 4.377527
0.641322 4.383678
0.642149 4.389829
0.642975 4.395979
0.643802 4.402130
0.644628 4.408281
0.645455 4.414431
0.646281 4.420582
0.647107 4.426733
0.647934 4.432884
0.648760 4.439034
0.649587 4.445185
0.650413 4.451336
0.651240 4.457486
0.652066 4.463637
0.652893 4.469788
0.653719 4.475938
0.654545 4.482089
0.655372 4.488240
0.656198 4.494391
0.657025 4.500541
0.657851 4.506692
0.658678 4.512843
0.659504 4.518993
0.660331 4.525144
0.661157 4.531295
0.661983 4.537446
0.662810 4.543596
0.663636 4.549747
0.664463 4.555898
0.665289 4.562048
0.666116 4.568199
0.666942 4.574350
0.667769 4.580500
0.668595 4.586651
0.669421 4.592802
0.670248 4.598953
0.671074 4.605103
0.671901 4.611254
0.672727 4.617405
0.673554 4.623555
0.674380 4.629706
0.675207 4.635857
0.676033 4.642008
0.676860 4.648158
0.677686 4.654309
0.678512 4.660460
0.679339 4.666610
0.680165 4.672761
0.680992 4.678912
0.681818 4.685062
0.682645 4.691213
0.683471 4.697364
0.684298 4.703515
0.685124 4.709665
0.685950 4.715816
0.686777 4.721967
0.687603 4.728117
0.688430 4.734268
0.689256 4.740419
0.690083 4.746570
0.690909 4.752720
0.691736 4.758871
0.692562 4.765022
0.693388 4.771172
0.694215 4.777323
0.695041 4.783474
0.695868 4.789625
0.696694 4.795775
0.697521 4.801926
0.698347 4.808077
0.699174 4.814227
0.700000 4.820378
0.700826 4.826529
0.701653 4.832679
0.702479 4.838830
0.703306 4.844981
0.704132 4.851132
0.704959 4.857282
0.705785 4.863433
0.706612 4.869584
0.707438 4.875734
0.708264 4.881885
0.709091 4.888036
0.709917 4.894187
0.710744 4.900337
0.711570 4.906488
0.712397 4.912639
0.713223 4.918789
0.714050 4.924940
0.714876 4.931091
0.715702 4.937241
0.716529 4.943392
0.717355 4.949543
0.718182 4.955694
0.719008 4.961844
0.719835 4.967995
0.720661 4.974146
0.721488 4.980296
0.722314 4.986447
0.723140 4.992598
0.723967 4.998749
0.724793 5.004899
0.725620 5.011050
0.726446 5.017201
0.727273 5.023351
0.728099 5.029502
0.728926 5.035653
0.729752 5.041803
0.730579 5.047954
0.731405 5.054105
0.732231 5.060256
0.733058 5.066406
0.733884 5.072557
0.734711 5.078708
0.735537 5.084858
0.736364 5.091009
0.737190 5.097160
0.738017 5.103311
0.738843 5.109461
0.739669 5.115612
0.740496 5.121763
0.741322 5.127913
0.742149 5.134064
0.742975 5.140215
0.743802 5.146366
0.744628 5.152516
0.745455 5.158667
0.746281 5.164818
0.747107 5.170968
0.747934 5.177119
0.748760 5.183270
0.749587 5.189420
0.750413 5.195571
0.751240 5.201722
0.752066 5.207873
0.752893 5.214023
0.753719 5.220174
0.754545 5.226325
0.755372 5.232475
0.756198 5.238626
0.757025 5.244777
0.757851 5.250928
0.758678 5.257078
0.759504 5.263229
0.760331 5.269380
0.761157 5.275530
0.761983 5.281681
0.762810 5.287832
0.763636 5.293982
0.764463 5.300133
0.765289 5.306284
0.766116 5.312435
0.766942 5.318585
0.767769 5.324736
0.768595 5.330887
0.769421 5.337037
0.770248 5.343188
0.771074 5.349339
0.771901 5.355490
0.772727 5.361640
0.773554 5.367791
0.774380 5.373942
0.775207 5.380092
0.776033 5.386243
0.776860 5.392394
0.777686 5.398544
0.778512 5.404695
0.779339 5.410846
0.780165 5.416997
0.780992 5.423147
0.781818 5.429298
0.782645 5.435449
0.783471 5.441599
0.784298 5.447750
0.785124 5.453901
0.785950 5.460052
0.786777 5.466202
0.787603 5.472353
0.788430 5.478504
0.789256 5.484654
0.790083 5.490805
0.790909 5.496956
0.791736 5.503106
0.792562 5.509257
0.793388 5.515408
0.794215 5.521559
0.795041 5.527709
0.795868 5.533860
0.796694 5.540011
0.797521 5.546161
0.798347 5.552312
0.799174 5.558463
0.800000 5.564614
0.800826 5.570764
0.801653 5.576915
0.802479 5.583066
0.803306 5.589216
0.804132 5.595367
0.804959 5.601518
0.805785 5.607669
0.806612 5.613819
0.807438 5.619970
0.808264 5.626121
0.809091 5.632271
0.809917 5.638422
0.810744 5.644573
0.811570 5.650723
0.812397 5.656874
0.813223 5.663025
0.814050 5.669176
0.814876 5.675326
0.815702 5.681477
0.816529 5.687628
0.817355 5.693778
0.818182 5.699929
0.819008 5.706080
0.819835 5.712231
0.820661 5.718381
0.821488 5.724532
0.822314 5.730683
0.823140 5.736833
0.823967 5.742984
0.824793 5.749135
0.825620 5.755285
0.826446 5.761436
0.827273 5.767587
0.828099 5.773738
0.828926 5.779888
0.829752 5.786039
0.830579 5.792190
0.831405 5.798340
0.832231 5.804491
0.833058 5.810642
0.833884 5.816793
0.834711 5.822943
0.835537 5.829094
0.836364 5.835245
0.837190 5.841395
0.838017 5.847546
0.838843 5.853697
0.839669 5.859847
0.840496 5.865998
0.841322 5.872149
0.842149 5.878300
0.842975 5.884450
0.843802 5.890601
0.844628 5.896752
0.845455 5.902902
0.846281 5.909053
0.847107 5.915204
0.847934 5.921355
0.848760 5.927505
0.849587 5.933656
0.850413 5.939807
0.851240 5.945957
0.852066 5.952108
0.852893 5.958259
0.853719 5.964410
0.854545 5.970560
0.855372 5.976711
0.856198 5.982862
0.857025 5.989012
0.857851 5.995163
0.858678 6.001314
0.859504 6.007464
0.860331 6.013615
0.861157 6.019766
0.861983 6.025917
0.862810 6.032067
0.863636 6.038218
0.864463 6.044369
0.865289 6.050519
0.866116 6.056670
0.866942 6.062821
0.867769 6.068972
0.868595 6.075122
0.869421 6.081273
0.870248 6.087424
0.871074 6.093574
0.871901 6.099725
0.872727 6.105876
0.873554 6.112026
0.874380 6.118177
0.875207 6.124328
0.876033 6.130479
0.876860 6.136629
0.877686 6.142780
0.878512 6.148931
0.879339 6.155081
0.880165 6.161232
0.880992 6.167383
0.881818 6.173534
0.882645 6.179684
0.883471 6.185835
0.884298 6.191986
0.885124 6.198136
0.885950 6.204287
0.886777 6.210438
0.887603 6.216588
0.888430 6.222739
0.889256 6.228890
0.890083 6.235041
0.890909 6.241191
0.891736 6.247342
0.892562 6.253493
0.893388 6.259643
0.894215 6.265794
0.895041 6.271945
0.895868 6.278096
0.896694 6.284246
0.897521 6.290397
0.898347 6.296548
0.899174 6.302698
0.900000 6.308849
0.900826 6.315000
0.901653 6.321151
0.902479 6.327301
0.903306 6.333452
0.904132 6.339603
0.904959 6.345753
0.905785 6.351904
0.906612 6.358055
0.907438 6.364205
0.908264 6.370356
0.909091 6.376507
0.909917 6.382658
0.910744 6.388808
0.911570 6.394959
0.912397 6.401110
0.913223 6.407260
0.914050 6.413411
0.914876 6.419562
0.915702 6.425713
0.916529 6.431863
0.917355 6.438014
0.918182 6.444165
0.919008 6.450315
0.919835 6.456466
0.920661 6.462617
0.921488 6.468767
0.922314 6.474918
0.923140 6.481069
0.923967 6.487220
0.924793 6.493370
0.925620 6.499521
0.926446 6.505672
0.927273 6.511822
0.928099 6.517973
0.928926 6.524124
0.929752 6.530275
0.930579 6.536425
0.931405 6.542576
0.932231 6.548727
0.933058 6.554877
0.933884 6.561028
0.934711 6.567179
0.935537 6.573329
0.936364 6.579480
0.937190 6.585631
0.938017 6.591782
0.938843 6.597932
0.939669 6.604083
0.940496 6.610234
0.941322 6.616384
0.942149 6.622535
0.942975 6.628686
0.943802 6.634837
0.944628 6.640987
0.945455 6.647138
0.946281 6.653289
0.947107 6.659439
0.947934 6.665590
0.948760 6.671741
0.949587 6.677892
0.950413 6.684042
0.951240 6.690193
0.952066 6.696344
0.952893 6.702494
0.953719 6.708645
0.954545 6.714796
0.955372 6.720946
0.956198 6.727097
0.957025 6.733248
0.957851 6.739399
0.958678 6.745549
0.959504 6.751700
0.960331 6.757851
0.961157 6.764001
0.961983 6.770152
0.962810 6.776303
0.963636 6.782454
0.964463 6.788604
0.965289 6.794755
0.966116 6.800906
0.966942 6.807056
0.967769 6.813207
0.968595 6.819358
0.969421 6.825508
0.970248 6.831659
0.971074 6.837810
0.971901 6.843961
0.972727 6.850111
0.973554 6.856262
0.974380 6.862413
0.975207 6.868563
0.976033 6.874714
0.976860 6.880865
0.977686 6.887016
0.978512 6.893166
0.979339 6.899317
0.980165 6.905468
0.980992 6.911618
0.981818 6.917769
0.982645 6.923920
0.983471 6.930070
0.984298 6.936221
0.985124 6.942372
0.985950 6.948523
0.986777 6.954673
0.987603 6.960824
0.988430 6.966975
0.989256 6.973125
0.990083 6.979276
0.990909 6.985427
0.991736 6.991578
0.992562 6.997728
0.993388 7.003879
0.994215 7.010030
0.995041 7.016180
0.995868 7.022331
0.996694 7.028482
0.997521 7.034632
0.998347 7.040783
0.999174 7.046934
