0.020000 0.020000 -0.000085
0.020000 0.040000 -0.000119
0.020000 0.060000 -0.000137
0.020000 0.080000 -0.000150
0.020000 0.100000 -0.000161
0.020000 0.120000 -0.000173
0.020000 0.140000 -0.000185
0.020000 0.160000 -0.000199
0.020000 0.180000 -0.000213
0.020000 0.200000 -0.000229
0.020000 0.220000 -0.000246
0.020000 0.240000 -0.000264
0.020000 0.260000 -0.000283
0.020000 0.280000 -0.000303
0.020000 0.300000 -0.000323
0.020000 0.320000 -0.000342
0.020000 0.340000 -0.000362
0.020000 0.360000 -0.000380
0.020000 0.380000 -0.000397
0.020000 0.400000 -0.000412
0.020000 0.420000 -0.000424
0.020000 0.440000 -0.000433
0.020000 0.460000 -0.000438
0.020000 0.480000 -0.000440
0.020000 0.500000 -0.000438
0.020000 0.520000 -0.000433
0.020000 0.540000 -0.000424
0.020000 0.560000 -0.000412
0.020000 0.580000 -0.000397
0.020000 0.600000 -0.000380
0.020000 0.620000 -0.000362
0.020000 0.640000 -0.000343
0.020000 0.660000 -0.000323
0.020000 0.680000 -0.000304
0.020000 0.700000 -0.000285
0.020000 0.720000 -0.000266
0.020000 0.740000 -0.000249
0.020000 0.760000 -0.000232
0.020000 0.780000 -0.000218
0.020000 0.800000 -0.000204
0.020000 0.820000 -0.000192
0.020000 0.840000 -0.000182
0.020000 0.860000 -0.000174
0.020000 0.880000 -0.000167
0.020000 0.900000 -0.000163
0.020000 0.920000 -0.000161
0.020000 0.940000 -0.000162
0.020000 0.960000 -0.000167
0.020000 0.980000 -0.000183
0.040000 0.020000 -0.000222
0.040000 0.040000 -0.000254
0.040000 0.060000 -0.000279
0.040000 0.080000 -0.000301
0.040000 0.100000 -0.000322
0.040000 0.120000 -0.000345
0.040000 0.140000 -0.000370
0.040000 0.160000 -0.000396
0.040000 0.180000 -0.000426
0.040000 0.200000 -0.000457
0.040000 0.220000 -0.000491
0.040000 0.240000 -0.000528
0.040000 0.260000 -0.000566
0.040000 0.280000 -0.000605
0.040000 0.300000 -0.000645
0.040000 0.320000 -0.000685
0.040000 0.340000 -0.000724
0.040000 0.360000 -0.000762
0.040000 0.380000 -0.000796
0.040000 0.400000 -0.000826
0.040000 0.420000 -0.000851
0.040000 0.440000 -0.000869
0.040000 0.460000 -0.000880
0.040000 0.480000 -0.000884
0.040000 0.500000 -0.000881
0.040000 0.520000 -0.000869
0.040000 0.540000 -0.000851
0.040000 0.560000 -0.000826
0.040000 0.580000 -0.000796
0.040000 0.600000 -0.000762
0.040000 0.620000 -0.000725
0.040000 0.640000 -0.000687
0.040000 0.660000 -0.000647
0.040000 0.680000 -0.000607
0.040000 0.700000 -0.000568
0.040000 0.720000 -0.000531
0.040000 0.740000 -0.000496
0.040000 0.760000 -0.000463
0.040000 0.780000 -0.000434
0.040000 0.800000 -0.000407
0.040000 0.820000 -0.000383
0.040000 0.840000 -0.000363
0.040000 0.860000 -0.000346
0.040000 0.880000 -0.000333
0.040000 0.900000 -0.000323
0.040000 0.920000 -0.000319
0.040000 0.940000 -0.000319
0.040000 0.960000 -0.000326
0.040000 0.980000 -0.000341
0.060000 0.020000 -0.000367
0.060000 0.040000 -0.000395
0.060000 0.060000 -0.000423
0.060000 0.080000 -0.000452
0.060000 0.100000 -0.000483
0.060000 0.120000 -0.000516
0.060000 0.140000 -0.000552
0.060000 0.160000 -0.000592
0.060000 0.180000 -0.000635
0.060000 0.200000 -0.000683
0.060000 0.220000 -0.000734
0.060000 0.240000 -0.000789
0.060000 0.260000 -0.000847
0.060000 0.280000 -0.000907
0.060000 0.300000 -0.000968
0.060000 0.320000 -0.001029
0.060000 0.340000 -0.001089
0.060000 0.360000 -0.001146
0.060000 0.380000 -0.001199
0.060000 0.400000 -0.001245
0.060000 0.420000 -0.001284
0.060000 0.440000 -0.001312
0.060000 0.460000 -0.001330
0.060000 0.480000 -0.001336
0.060000 0.500000 -0.001330
0.060000 0.520000 -0.001313
0.060000 0.540000 -0.001284
0.060000 0.560000 -0.001246
0.060000 0.580000 -0.001200
0.060000 0.600000 -0.001147
0.060000 0.620000 -0.001090
0.060000 0.640000 -0.001031
0.060000 0.660000 -0.000970
0.060000 0.680000 -0.000910
0.060000 0.700000 -0.000851
0.060000 0.720000 -0.000794
0.060000 0.740000 -0.000741
0.060000 0.760000 -0.000692
0.060000 0.780000 -0.000646
0.060000 0.800000 -0.000606
0.060000 0.820000 -0.000570
0.060000 0.840000 -0.000540
0.060000 0.860000 -0.000514
0.060000 0.880000 -0.000494
0.060000 0.900000 -0.000480
0.060000 0.920000 -0.000471
0.060000 0.940000 -0.000469
0.060000 0.960000 -0.000475
0.060000 0.980000 -0.000488
0.080000 0.020000 -0.000510
0.080000 0.040000 -0.000537
0.080000 0.060000 -0.000568
0.080000 0.080000 -0.000602
0.080000 0.100000 -0.000640
0.080000 0.120000 -0.000683
0.080000 0.140000 -0.000730
0.080000 0.160000 -0.000783
0.080000 0.180000 -0.000841
0.080000 0.200000 -0.000905
0.080000 0.220000 -0.000974
0.080000 0.240000 -0.001048
0.080000 0.260000 -0.001126
0.080000 0.280000 -0.001207
0.080000 0.300000 -0.001290
0.080000 0.320000 -0.001374
0.080000 0.340000 -0.001457
0.080000 0.360000 -0.001536
0.080000 0.380000 -0.001609
0.080000 0.400000 -0.001673
0.080000 0.420000 -0.001726
0.080000 0.440000 -0.001767
0.080000 0.460000 -0.001791
0.080000 0.480000 -0.001800
0.080000 0.500000 -0.001791
0.080000 0.520000 -0.001767
0.080000 0.540000 -0.001727
0.080000 0.560000 -0.001674
0.080000 0.580000 -0.001609
0.080000 0.600000 -0.001537
0.080000 0.620000 -0.001458
0.080000 0.640000 -0.001376
0.080000 0.660000 -0.001293
0.080000 0.680000 -0.001211
0.080000 0.700000 -0.001131
0.080000 0.720000 -0.001054
0.080000 0.740000 -0.000982
0.080000 0.760000 -0.000916
0.080000 0.780000 -0.000855
0.080000 0.800000 -0.000800
0.080000 0.820000 -0.000753
0.080000 0.840000 -0.000711
0.080000 0.860000 -0.000677
0.080000 0.880000 -0.000650
0.080000 0.900000 -0.000630
0.080000 0.920000 -0.000617
0.080000 0.940000 -0.000613
0.080000 0.960000 -0.000616
0.080000 0.980000 -0.000628
0.100000 0.020000 -0.000648
0.100000 0.040000 -0.000675
0.100000 0.060000 -0.000708
0.100000 0.080000 -0.000748
0.100000 0.100000 -0.000793
0.100000 0.120000 -0.000845
0.100000 0.140000 -0.000903
0.100000 0.160000 -0.000969
0.100000 0.180000 -0.001042
0.100000 0.200000 -0.001122
0.100000 0.220000 -0.001209
0.100000 0.240000 -0.001302
0.100000 0.260000 -0.001401
0.100000 0.280000 -0.001505
0.100000 0.300000 -0.001612
0.100000 0.320000 -0.001721
0.100000 0.340000 -0.001828
0.100000 0.360000 -0.001931
0.100000 0.380000 -0.002027
0.100000 0.400000 -0.002112
0.100000 0.420000 -0.002183
0.100000 0.440000 -0.002236
0.100000 0.460000 -0.002269
0.100000 0.480000 -0.002280
0.100000 0.500000 -0.002269
0.100000 0.520000 -0.002236
0.100000 0.540000 -0.002183
0.100000 0.560000 -0.002112
0.100000 0.580000 -0.002028
0.100000 0.600000 -0.001932
0.100000 0.620000 -0.001829
0.100000 0.640000 -0.001723
0.100000 0.660000 -0.001615
0.100000 0.680000 -0.001509
0.100000 0.700000 -0.001407
0.100000 0.720000 -0.001309
0.100000 0.740000 -0.001218
0.100000 0.760000 -0.001134
0.100000 0.780000 -0.001057
0.100000 0.800000 -0.000988
0.100000 0.820000 -0.000928
0.100000 0.840000 -0.000876
0.100000 0.860000 -0.000833
0.100000 0.880000 -0.000798
0.100000 0.900000 -0.000772
0.100000 0.920000 -0.000755
0.100000 0.940000 -0.000748
0.100000 0.960000 -0.000749
0.100000 0.980000 -0.000759
0.120000 0.020000 -0.000779
0.120000 0.040000 -0.000807
0.120000 0.060000 -0.000843
0.120000 0.080000 -0.000887
0.120000 0.100000 -0.000939
0.120000 0.120000 -0.001000
0.120000 0.140000 -0.001070
0.120000 0.160000 -0.001148
0.120000 0.180000 -0.001235
0.120000 0.200000 -0.001332
0.120000 0.220000 -0.001437
0.120000 0.240000 -0.001551
0.120000 0.260000 -0.001672
0.120000 0.280000 -0.001800
0.120000 0.300000 -0.001933
0.120000 0.320000 -0.002068
0.120000 0.340000 -0.002203
0.120000 0.360000 -0.002333
0.120000 0.380000 -0.002456
0.120000 0.400000 -0.002565
0.120000 0.420000 -0.002656
0.120000 0.440000 -0.002725
0.120000 0.460000 -0.002769
0.120000 0.480000 -0.002783
0.120000 0.500000 -0.002769
0.120000 0.520000 -0.002726
0.120000 0.540000 -0.002657
0.120000 0.560000 -0.002565
0.120000 0.580000 -0.002456
0.120000 0.600000 -0.002335
0.120000 0.620000 -0.002205
0.120000 0.640000 -0.002071
0.120000 0.660000 -0.001936
0.120000 0.680000 -0.001805
0.120000 0.700000 -0.001678
0.120000 0.720000 -0.001558
0.120000 0.740000 -0.001447
0.120000 0.760000 -0.001344
0.120000 0.780000 -0.001251
0.120000 0.800000 -0.001168
0.120000 0.820000 -0.001095
0.120000 0.840000 -0.001033
0.120000 0.860000 -0.000980
0.120000 0.880000 -0.000938
0.120000 0.900000 -0.000906
0.120000 0.920000 -0.000885
0.120000 0.940000 -0.000873
0.120000 0.960000 -0.000872
0.120000 0.980000 -0.000882
0.140000 0.020000 -0.000901
0.140000 0.040000 -0.000930
0.140000 0.060000 -0.000970
0.140000 0.080000 -0.001019
0.140000 0.100000 -0.001078
0.140000 0.120000 -0.001147
0.140000 0.140000 -0.001227
0.140000 0.160000 -0.001317
0.140000 0.180000 -0.001419
0.140000 0.200000 -0.001532
0.140000 0.220000 -0.001657
0.140000 0.240000 -0.001792
0.140000 0.260000 -0.001937
0.140000 0.280000 -0.002091
0.140000 0.300000 -0.002251
0.140000 0.320000 -0.002416
0.140000 0.340000 -0.002582
0.140000 0.360000 -0.002744
0.140000 0.380000 -0.002897
0.140000 0.400000 -0.003035
0.140000 0.420000 -0.003152
0.140000 0.440000 -0.003241
0.140000 0.460000 -0.003297
0.140000 0.480000 -0.003316
0.140000 0.500000 -0.003297
0.140000 0.520000 -0.003241
0.140000 0.540000 -0.003152
0.140000 0.560000 -0.003036
0.140000 0.580000 -0.002898
0.140000 0.600000 -0.002745
0.140000 0.620000 -0.002584
0.140000 0.640000 -0.002419
0.140000 0.660000 -0.002254
0.140000 0.680000 -0.002095
0.140000 0.700000 -0.001942
0.140000 0.720000 -0.001799
0.140000 0.740000 -0.001666
0.140000 0.760000 -0.001545
0.140000 0.780000 -0.001435
0.140000 0.800000 -0.001338
0.140000 0.820000 -0.001252
0.140000 0.840000 -0.001179
0.140000 0.860000 -0.001117
0.140000 0.880000 -0.001068
0.140000 0.900000 -0.001030
0.140000 0.920000 -0.001004
0.140000 0.940000 -0.000989
0.140000 0.960000 -0.000986
0.140000 0.980000 -0.000994
0.160000 0.020000 -0.001013
0.160000 0.040000 -0.001044
0.160000 0.060000 -0.001086
0.160000 0.080000 -0.001140
0.160000 0.100000 -0.001205
0.160000 0.120000 -0.001283
0.160000 0.140000 -0.001373
0.160000 0.160000 -0.001476
0.160000 0.180000 -0.001592
0.160000 0.200000 -0.001722
0.160000 0.220000 -0.001866
0.160000 0.240000 -0.002023
0.160000 0.260000 -0.002193
0.160000 0.280000 -0.002374
0.160000 0.300000 -0.002565
0.160000 0.320000 -0.002764
0.160000 0.340000 -0.002965
0.160000 0.360000 -0.003164
0.160000 0.380000 -0.003354
0.160000 0.400000 -0.003528
0.160000 0.420000 -0.003676
0.160000 0.440000 -0.003789
0.160000 0.460000 -0.003861
0.160000 0.480000 -0.003886
0.160000 0.500000 -0.003861
0.160000 0.520000 -0.003790
0.160000 0.540000 -0.003676
0.160000 0.560000 -0.003528
0.160000 0.580000 -0.003355
0.160000 0.600000 -0.003165
0.160000 0.620000 -0.002966
0.160000 0.640000 -0.002766
0.160000 0.660000 -0.002568
0.160000 0.680000 -0.002378
0.160000 0.700000 -0.002198
0.160000 0.720000 -0.002029
0.160000 0.740000 -0.001875
0.160000 0.760000 -0.001734
0.160000 0.780000 -0.001607
0.160000 0.800000 -0.001495
0.160000 0.820000 -0.001397
0.160000 0.840000 -0.001313
0.160000 0.860000 -0.001242
0.160000 0.880000 -0.001186
0.160000 0.900000 -0.001142
0.160000 0.920000 -0.001111
0.160000 0.940000 -0.001093
0.160000 0.960000 -0.001087
0.160000 0.980000 -0.001094
0.180000 0.020000 -0.001114
0.180000 0.040000 -0.001147
0.180000 0.060000 -0.001192
0.180000 0.080000 -0.001250
0.180000 0.100000 -0.001321
0.180000 0.120000 -0.001407
0.180000 0.140000 -0.001506
0.180000 0.160000 -0.001621
0.180000 0.180000 -0.001752
0.180000 0.200000 -0.001898
0.180000 0.220000 -0.002061
0.180000 0.240000 -0.002241
0.180000 0.260000 -0.002437
0.180000 0.280000 -0.002648
0.180000 0.300000 -0.002873
0.180000 0.320000 -0.003108
0.180000 0.340000 -0.003350
0.180000 0.360000 -0.003593
0.180000 0.380000 -0.003828
0.180000 0.400000 -0.004045
0.180000 0.420000 -0.004233
0.180000 0.440000 -0.004380
0.180000 0.460000 -0.004473
0.180000 0.480000 -0.004506
0.180000 0.500000 -0.004473
0.180000 0.520000 -0.004380
0.180000 0.540000 -0.004233
0.180000 0.560000 -0.004045
0.180000 0.580000 -0.003828
0.180000 0.600000 -0.003593
0.180000 0.620000 -0.003351
0.180000 0.640000 -0.003109
0.180000 0.660000 -0.002875
0.180000 0.680000 -0.002651
0.180000 0.700000 -0.002441
0.180000 0.720000 -0.002247
0.180000 0.740000 -0.002069
0.180000 0.760000 -0.001908
0.180000 0.780000 -0.001765
0.180000 0.800000 -0.001638
0.180000 0.820000 -0.001528
0.180000 0.840000 -0.001433
0.180000 0.860000 -0.001354
0.180000 0.880000 -0.001290
0.180000 0.900000 -0.001241
0.180000 0.920000 -0.001205
0.180000 0.940000 -0.001184
0.180000 0.960000 -0.001177
0.180000 0.980000 -0.001183
0.200000 0.020000 -0.001203
0.200000 0.040000 -0.001236
0.200000 0.060000 -0.001284
0.200000 0.080000 -0.001346
0.200000 0.100000 -0.001423
0.200000 0.120000 -0.001516
0.200000 0.140000 -0.001625
0.200000 0.160000 -0.001751
0.200000 0.180000 -0.001895
0.200000 0.200000 -0.002058
0.200000 0.220000 -0.002240
0.200000 0.240000 -0.002443
0.200000 0.260000 -0.002665
0.200000 0.280000 -0.002908
0.200000 0.300000 -0.003169
0.200000 0.320000 -0.003446
0.200000 0.340000 -0.003735
0.200000 0.360000 -0.004029
0.200000 0.380000 -0.004319
0.200000 0.400000 -0.004592
0.200000 0.420000 -0.004833
0.200000 0.440000 -0.005024
0.200000 0.460000 -0.005147
0.200000 0.480000 -0.005190
0.200000 0.500000 -0.005147
0.200000 0.520000 -0.005023
0.200000 0.540000 -0.004833
0.200000 0.560000 -0.004592
0.200000 0.580000 -0.004319
0.200000 0.600000 -0.004029
0.200000 0.620000 -0.003735
0.200000 0.640000 -0.003447
0.200000 0.660000 -0.003170
0.200000 0.680000 -0.002910
0.200000 0.700000 -0.002668
0.200000 0.720000 -0.002447
0.200000 0.740000 -0.002246
0.200000 0.760000 -0.002066
0.200000 0.780000 -0.001906
0.200000 0.800000 -0.001765
0.200000 0.820000 -0.001643
0.200000 0.840000 -0.001538
0.200000 0.860000 -0.001451
0.200000 0.880000 -0.001380
0.200000 0.900000 -0.001325
0.200000 0.920000 -0.001286
0.200000 0.940000 -0.001262
0.200000 0.960000 -0.001252
0.200000 0.980000 -0.001257
0.220000 0.020000 -0.001277
0.220000 0.040000 -0.001312
0.220000 0.060000 -0.001362
0.220000 0.080000 -0.001428
0.220000 0.100000 -0.001510
0.220000 0.120000 -0.001609
0.220000 0.140000 -0.001726
0.220000 0.160000 -0.001863
0.220000 0.180000 -0.002019
0.220000 0.200000 -0.002198
0.220000 0.220000 -0.002399
0.220000 0.240000 -0.002624
0.220000 0.260000 -0.002874
0.220000 0.280000 -0.003149
0.220000 0.300000 -0.003449
0.220000 0.320000 -0.003772
0.220000 0.340000 -0.004114
0.220000 0.360000 -0.004469
0.220000 0.380000 -0.004827
0.220000 0.400000 -0.005171
0.220000 0.420000 -0.005482
0.220000 0.440000 -0.005735
0.220000 0.460000 -0.005901
0.220000 0.480000 -0.005959
0.220000 0.500000 -0.005901
0.220000 0.520000 -0.005734
0.220000 0.540000 -0.005482
0.220000 0.560000 -0.005170
0.220000 0.580000 -0.004826
0.220000 0.600000 -0.004468
0.220000 0.620000 -0.004114
0.220000 0.640000 -0.003772
0.220000 0.660000 -0.003449
0.220000 0.680000 -0.003150
0.220000 0.700000 -0.002876
0.220000 0.720000 -0.002627
0.220000 0.740000 -0.002403
0.220000 0.760000 -0.002203
0.220000 0.780000 -0.002027
0.220000 0.800000 -0.001873
0.220000 0.820000 -0.001740
0.220000 0.840000 -0.001626
0.220000 0.860000 -0.001532
0.220000 0.880000 -0.001455
0.220000 0.900000 -0.001395
0.220000 0.920000 -0.001352
0.220000 0.940000 -0.001324
0.220000 0.960000 -0.001313
0.220000 0.980000 -0.001317
0.240000 0.020000 -0.001337
0.240000 0.040000 -0.001372
0.240000 0.060000 -0.001424
0.240000 0.080000 -0.001493
0.240000 0.100000 -0.001579
0.240000 0.120000 -0.001684
0.240000 0.140000 -0.001808
0.240000 0.160000 -0.001954
0.240000 0.180000 -0.002122
0.240000 0.200000 -0.002315
0.240000 0.220000 -0.002534
0.240000 0.240000 -0.002781
0.240000 0.260000 -0.003058
0.240000 0.280000 -0.003366
0.240000 0.300000 -0.003707
0.240000 0.320000 -0.004079
0.240000 0.340000 -0.004481
0.240000 0.360000 -0.004907
0.240000 0.380000 -0.005347
0.240000 0.400000 -0.005784
0.240000 0.420000 -0.006191
0.240000 0.440000 -0.006531
0.240000 0.460000 -0.006763
0.240000 0.480000 -0.006846
0.240000 0.500000 -0.006763
0.240000 0.520000 -0.006531
0.240000 0.540000 -0.006190
0.240000 0.560000 -0.005783
0.240000 0.580000 -0.005346
0.240000 0.600000 -0.004906
0.240000 0.620000 -0.004479
0.240000 0.640000 -0.004078
0.240000 0.660000 -0.003705
0.240000 0.680000 -0.003365
0.240000 0.700000 -0.003058
0.240000 0.720000 -0.002781
0.240000 0.740000 -0.002535
0.240000 0.760000 -0.002318
0.240000 0.780000 -0.002127
0.240000 0.800000 -0.001960
0.240000 0.820000 -0.001817
0.240000 0.840000 -0.001695
0.240000 0.860000 -0.001594
0.240000 0.880000 -0.001512
0.240000 0.900000 -0.001448
0.240000 0.920000 -0.001401
0.240000 0.940000 -0.001371
0.240000 0.960000 -0.001358
0.240000 0.980000 -0.001361
0.260000 0.020000 -0.001380
0.260000 0.040000 -0.001416
0.260000 0.060000 -0.001469
0.260000 0.080000 -0.001540
0.260000 0.100000 -0.001630
0.260000 0.120000 -0.001739
0.260000 0.140000 -0.001869
0.260000 0.160000 -0.002023
0.260000 0.180000 -0.002201
0.260000 0.200000 -0.002406
0.260000 0.220000 -0.002641
0.260000 0.240000 -0.002908
0.260000 0.260000 -0.003210
0.260000 0.280000 -0.003551
0.260000 0.300000 -0.003932
0.260000 0.320000 -0.004356
0.260000 0.340000 -0.004823
0.260000 0.360000 -0.005331
0.260000 0.380000 -0.005871
0.260000 0.400000 -0.006426
0.260000 0.420000 -0.006965
0.260000 0.440000 -0.007438
0.260000 0.460000 -0.007774
0.260000 0.480000 -0.007899
0.260000 0.500000 -0.007773
0.260000 0.520000 -0.007437
0.260000 0.540000 -0.006964
0.260000 0.560000 -0.006424
0.260000 0.580000 -0.005869
0.260000 0.600000 -0.005329
0.260000 0.620000 -0.004821
0.260000 0.640000 -0.004354
0.260000 0.660000 -0.003930
0.260000 0.680000 -0.003548
0.260000 0.700000 -0.003208
0.260000 0.720000 -0.002906
0.260000 0.740000 -0.002639
0.260000 0.760000 -0.002405
0.260000 0.780000 -0.002201
0.260000 0.800000 -0.002024
0.260000 0.820000 -0.001873
0.260000 0.840000 -0.001744
0.260000 0.860000 -0.001637
0.260000 0.880000 -0.001551
0.260000 0.900000 -0.001483
0.260000 0.920000 -0.001434
0.260000 0.940000 -0.001402
0.260000 0.960000 -0.001387
0.260000 0.980000 -0.001389
0.280000 0.020000 -0.001407
0.280000 0.040000 -0.001443
0.280000 0.060000 -0.001497
0.280000 0.080000 -0.001569
0.280000 0.100000 -0.001660
0.280000 0.120000 -0.001773
0.280000 0.140000 -0.001907
0.280000 0.160000 -0.002066
0.280000 0.180000 -0.002252
0.280000 0.200000 -0.002467
0.280000 0.220000 -0.002715
0.280000 0.240000 -0.003000
0.280000 0.260000 -0.003325
0.280000 0.280000 -0.003695
0.280000 0.300000 -0.004115
0.280000 0.320000 -0.004590
0.280000 0.340000 -0.005125
0.280000 0.360000 -0.005723
0.280000 0.380000 -0.006380
0.280000 0.400000 -0.007085
0.280000 0.420000 -0.007806
0.280000 0.440000 -0.008480
0.280000 0.460000 -0.008995
0.280000 0.480000 -0.009202
0.280000 0.500000 -0.008995
0.280000 0.520000 -0.008479
0.280000 0.540000 -0.007804
0.280000 0.560000 -0.007082
0.280000 0.580000 -0.006377
0.280000 0.600000 -0.005719
0.280000 0.620000 -0.005122
0.280000 0.640000 -0.004586
0.280000 0.660000 -0.004111
0.280000 0.680000 -0.003690
0.280000 0.700000 -0.003320
0.280000 0.720000 -0.002995
0.280000 0.740000 -0.002711
0.280000 0.760000 -0.002463
0.280000 0.780000 -0.002249
0.280000 0.800000 -0.002063
0.280000 0.820000 -0.001905
0.280000 0.840000 -0.001772
0.280000 0.860000 -0.001661
0.280000 0.880000 -0.001571
0.280000 0.900000 -0.001500
0.280000 0.920000 -0.001449
0.280000 0.940000 -0.001415
0.280000 0.960000 -0.001399
0.280000 0.980000 -0.001400
0.300000 0.020000 -0.001417
0.300000 0.040000 -0.001453
0.300000 0.060000 -0.001506
0.300000 0.080000 -0.001578
0.300000 0.100000 -0.001671
0.300000 0.120000 -0.001784
0.300000 0.140000 -0.001921
0.300000 0.160000 -0.002083
0.300000 0.180000 -0.002274
0.300000 0.200000 -0.002496
0.300000 0.220000 -0.002753
0.300000 0.240000 -0.003051
0.300000 0.260000 -0.003394
0.300000 0.280000 -0.003788
0.300000 0.300000 -0.004243
0.300000 0.320000 -0.004765
0.300000 0.340000 -0.005365
0.300000 0.360000 -0.006054
0.300000 0.380000 -0.006841
0.300000 0.400000 -0.007726
0.300000 0.420000 -0.008695
0.300000 0.440000 -0.009681
0.300000 0.460000 -0.010525
0.300000 0.480000 -0.010919
0.300000 0.500000 -0.010525
0.300000 0.520000 -0.009680
0.300000 0.540000 -0.008693
0.300000 0.560000 -0.007724
0.300000 0.580000 -0.006837
0.300000 0.600000 -0.006050
0.300000 0.620000 -0.005361
0.300000 0.640000 -0.004760
0.300000 0.660000 -0.004237
0.300000 0.680000 -0.003782
0.300000 0.700000 -0.003387
0.300000 0.720000 -0.003044
0.300000 0.740000 -0.002746
0.300000 0.760000 -0.002488
0.300000 0.780000 -0.002266
0.300000 0.800000 -0.002075
0.300000 0.820000 -0.001913
0.300000 0.840000 -0.001776
0.300000 0.860000 -0.001663
0.300000 0.880000 -0.001571
0.300000 0.900000 -0.001499
0.300000 0.920000 -0.001446
0.300000 0.940000 -0.001411
0.300000 0.960000 -0.001394
0.300000 0.980000 -0.001393
0.320000 0.020000 -0.001410
0.320000 0.040000 -0.001444
0.320000 0.060000 -0.001497
0.320000 0.080000 -0.001568
0.320000 0.100000 -0.001659
0.320000 0.120000 -0.001772
0.320000 0.140000 -0.001909
0.320000 0.160000 -0.002072
0.320000 0.180000 -0.002264
0.320000 0.200000 -0.002489
0.320000 0.220000 -0.002752
0.320000 0.240000 -0.003057
0.320000 0.260000 -0.003411
0.320000 0.280000 -0.003823
0.320000 0.300000 -0.004302
0.320000 0.320000 -0.004861
0.320000 0.340000 -0.005517
0.320000 0.360000 -0.006289
0.320000 0.380000 -0.007202
0.320000 0.400000 -0.008286
0.320000 0.420000 -0.009565
0.320000 0.440000 -0.011025
0.320000 0.460000 -0.012506
0.320000 0.480000 -0.013424
0.320000 0.500000 -0.012505
0.320000 0.520000 -0.011024
0.320000 0.540000 -0.009563
0.320000 0.560000 -0.008283
0.320000 0.580000 -0.007198
0.320000 0.600000 -0.006283
0.320000 0.620000 -0.005511
0.320000 0.640000 -0.004855
0.320000 0.660000 -0.004295
0.320000 0.680000 -0.003814
0.320000 0.700000 -0.003402
0.320000 0.720000 -0.003047
0.320000 0.740000 -0.002741
0.320000 0.760000 -0.002478
0.320000 0.780000 -0.002252
0.320000 0.800000 -0.002059
0.320000 0.820000 -0.001895
0.320000 0.840000 -0.001758
0.320000 0.860000 -0.001644
0.320000 0.880000 -0.001551
0.320000 0.900000 -0.001479
0.320000 0.920000 -0.001425
0.320000 0.940000 -0.001390
0.320000 0.960000 -0.001371
0.320000 0.980000 -0.001370
0.340000 0.020000 -0.001385
0.340000 0.040000 -0.001418
0.340000 0.060000 -0.001468
0.340000 0.080000 -0.001537
0.340000 0.100000 -0.001626
0.340000 0.120000 -0.001737
0.340000 0.140000 -0.001871
0.340000 0.160000 -0.002032
0.340000 0.180000 -0.002222
0.340000 0.200000 -0.002445
0.340000 0.220000 -0.002707
0.340000 0.240000 -0.003013
0.340000 0.260000 -0.003371
0.340000 0.280000 -0.003790
0.340000 0.300000 -0.004281
0.340000 0.320000 -0.004862
0.340000 0.340000 -0.005552
0.340000 0.360000 -0.006381
0.340000 0.380000 -0.007393
0.340000 0.400000 -0.008650
0.340000 0.420000 -0.010255
0.340000 0.440000 -0.012349
0.340000 0.460000 -0.015047
0.340000 0.480000 -0.017768
0.340000 0.500000 -0.015046
0.340000 0.520000 -0.012347
0.340000 0.540000 -0.010252
0.340000 0.560000 -0.008646
0.340000 0.580000 -0.007387
0.340000 0.600000 -0.006375
0.340000 0.620000 -0.005545
0.340000 0.640000 -0.004854
0.340000 0.660000 -0.004272
0.340000 0.680000 -0.003779
0.340000 0.700000 -0.003359
0.340000 0.720000 -0.003000
0.340000 0.740000 -0.002693
0.340000 0.760000 -0.002430
0.340000 0.780000 -0.002205
0.340000 0.800000 -0.002014
0.340000 0.820000 -0.001851
0.340000 0.840000 -0.001715
0.340000 0.860000 -0.001603
0.340000 0.880000 -0.001512
0.340000 0.900000 -0.001440
0.340000 0.920000 -0.001387
0.340000 0.940000 -0.001351
0.340000 0.960000 -0.001332
0.340000 0.980000 -0.001329
0.360000 0.020000 -0.001343
0.360000 0.040000 -0.001373
0.360000 0.060000 -0.001421
0.360000 0.080000 -0.001487
0.360000 0.100000 -0.001572
0.360000 0.120000 -0.001678
0.360000 0.140000 -0.001807
0.360000 0.160000 -0.001962
0.360000 0.180000 -0.002146
0.360000 0.200000 -0.002363
0.360000 0.220000 -0.002618
0.360000 0.240000 -0.002918
0.360000 0.260000 -0.003270
0.360000 0.280000 -0.003683
0.360000 0.300000 -0.004172
0.360000 0.320000 -0.004752
0.360000 0.340000 -0.005448
0.360000 0.360000 -0.006292
0.360000 0.380000 -0.007337
0.360000 0.400000 -0.008668
0.360000 0.420000 -0.010454
0.360000 0.440000 -0.013069
0.360000 0.460000 -0.017567
0.360000 0.480000 -0.027554
0.360000 0.500000 -0.017566
0.360000 0.520000 -0.013067
0.360000 0.540000 -0.010450
0.360000 0.560000 -0.008664
0.360000 0.580000 -0.007331
0.360000 0.600000 -0.006285
0.360000 0.620000 -0.005440
0.360000 0.640000 -0.004743
0.360000 0.660000 -0.004161
0.360000 0.680000 -0.003671
0.360000 0.700000 -0.003256
0.360000 0.720000 -0.002903
0.360000 0.740000 -0.002601
0.360000 0.760000 -0.002344
0.360000 0.780000 -0.002125
0.360000 0.800000 -0.001939
0.360000 0.820000 -0.001781
0.360000 0.840000 -0.001650
0.360000 0.860000 -0.001541
0.360000 0.880000 -0.001452
0.360000 0.900000 -0.001383
0.360000 0.920000 -0.001331
0.360000 0.940000 -0.001296
0.360000 0.960000 -0.001276
0.360000 0.980000 -0.001272
0.380000 0.020000 -0.001284
0.380000 0.040000 -0.001312
0.380000 0.060000 -0.001356
0.380000 0.080000 -0.001417
0.380000 0.100000 -0.001496
0.380000 0.120000 -0.001595
0.380000 0.140000 -0.001717
0.380000 0.160000 -0.001863
0.380000 0.180000 -0.002037
0.380000 0.200000 -0.002243
0.380000 0.220000 -0.002485
0.380000 0.240000 -0.002770
0.380000 0.260000 -0.003106
0.380000 0.280000 -0.003502
0.380000 0.300000 -0.003971
0.380000 0.320000 -0.004528
0.380000 0.340000 -0.005195
0.380000 0.360000 -0.006002
0.380000 0.380000 -0.006993
0.380000 0.400000 -0.008233
0.380000 0.420000 -0.009823
0.380000 0.440000 -0.011906
0.380000 0.460000 -0.014597
0.380000 0.480000 -0.017316
0.380000 0.500000 -0.014596
0.380000 0.520000 -0.011903
0.380000 0.540000 -0.009819
0.380000 0.560000 -0.008228
0.380000 0.580000 -0.006987
0.380000 0.600000 -0.005994
0.380000 0.620000 -0.005186
0.380000 0.640000 -0.004517
0.380000 0.660000 -0.003958
0.380000 0.680000 -0.003488
0.380000 0.700000 -0.003090
0.380000 0.720000 -0.002753
0.380000 0.740000 -0.002465
0.380000 0.760000 -0.002220
0.380000 0.780000 -0.002012
0.380000 0.800000 -0.001835
0.380000 0.820000 -0.001686
0.380000 0.840000 -0.001561
0.380000 0.860000 -0.001458
0.380000 0.880000 -0.001374
0.380000 0.900000 -0.001308
0.380000 0.920000 -0.001258
0.380000 0.940000 -0.001224
0.380000 0.960000 -0.001205
0.380000 0.980000 -0.001200
0.400000 0.020000 -0.001210
0.400000 0.040000 -0.001234
0.400000 0.060000 -0.001273
0.400000 0.080000 -0.001328
0.400000 0.100000 -0.001400
0.400000 0.120000 -0.001491
0.400000 0.140000 -0.001602
0.400000 0.160000 -0.001736
0.400000 0.180000 -0.001896
0.400000 0.200000 -0.002085
0.400000 0.220000 -0.002309
0.400000 0.240000 -0.002573
0.400000 0.260000 -0.002883
0.400000 0.280000 -0.003249
0.400000 0.300000 -0.003681
0.400000 0.320000 -0.004193
0.400000 0.340000 -0.004802
0.400000 0.360000 -0.005529
0.400000 0.380000 -0.006401
0.400000 0.400000 -0.007449
0.400000 0.420000 -0.008698
0.400000 0.440000 -0.010135
0.400000 0.460000 -0.011601
0.400000 0.480000 -0.012515
0.400000 0.500000 -0.011600
0.400000 0.520000 -0.010132
0.400000 0.540000 -0.008693
0.400000 0.560000 -0.007443
0.400000 0.580000 -0.006394
0.400000 0.600000 -0.005520
0.400000 0.620000 -0.004792
0.400000 0.640000 -0.004181
0.400000 0.660000 -0.003667
0.400000 0.680000 -0.003233
0.400000 0.700000 -0.002865
0.400000 0.720000 -0.002552
0.400000 0.740000 -0.002286
0.400000 0.760000 -0.002060
0.400000 0.780000 -0.001867
0.400000 0.800000 -0.001704
0.400000 0.820000 -0.001566
0.400000 0.840000 -0.001451
0.400000 0.860000 -0.001355
0.400000 0.880000 -0.001278
0.400000 0.900000 -0.001217
0.400000 0.920000 -0.001170
0.400000 0.940000 -0.001138
0.400000 0.960000 -0.001119
0.400000 0.980000 -0.001113
0.420000 0.020000 -0.001121
0.420000 0.040000 -0.001141
0.420000 0.060000 -0.001175
0.420000 0.080000 -0.001223
0.420000 0.100000 -0.001286
0.420000 0.120000 -0.001366
0.420000 0.140000 -0.001464
0.420000 0.160000 -0.001583
0.420000 0.180000 -0.001725
0.420000 0.200000 -0.001894
0.420000 0.220000 -0.002093
0.420000 0.240000 -0.002328
0.420000 0.260000 -0.002604
0.420000 0.280000 -0.002929
0.420000 0.300000 -0.003312
0.420000 0.320000 -0.003762
0.420000 0.340000 -0.004291
0.420000 0.360000 -0.004911
0.420000 0.380000 -0.005633
0.420000 0.400000 -0.006463
0.420000 0.420000 -0.007384
0.420000 0.440000 -0.008335
0.420000 0.460000 -0.009157
0.420000 0.480000 -0.009543
0.420000 0.500000 -0.009155
0.420000 0.520000 -0.008332
0.420000 0.540000 -0.007379
0.420000 0.560000 -0.006456
0.420000 0.580000 -0.005625
0.420000 0.600000 -0.004901
0.420000 0.620000 -0.004279
0.420000 0.640000 -0.003748
0.420000 0.660000 -0.003296
0.420000 0.680000 -0.002912
0.420000 0.700000 -0.002584
0.420000 0.720000 -0.002305
0.420000 0.740000 -0.002068
0.420000 0.760000 -0.001865
0.420000 0.780000 -0.001693
0.420000 0.800000 -0.001547
0.420000 0.820000 -0.001424
0.420000 0.840000 -0.001321
0.420000 0.860000 -0.001235
0.420000 0.880000 -0.001166
0.420000 0.900000 -0.001110
0.420000 0.920000 -0.001068
0.420000 0.940000 -0.001038
0.420000 0.960000 -0.001020
0.420000 0.980000 -0.001014
0.440000 0.020000 -0.001018
0.440000 0.040000 -0.001034
0.440000 0.060000 -0.001062
0.440000 0.080000 -0.001102
0.440000 0.100000 -0.001155
0.440000 0.120000 -0.001223
0.440000 0.140000 -0.001306
0.440000 0.160000 -0.001407
0.440000 0.180000 -0.001528
0.440000 0.200000 -0.001672
0.440000 0.220000 -0.001842
0.440000 0.240000 -0.002042
0.440000 0.260000 -0.002277
0.440000 0.280000 -0.002552
0.440000 0.300000 -0.002875
0.440000 0.320000 -0.003251
0.440000 0.340000 -0.003688
0.440000 0.360000 -0.004190
0.440000 0.380000 -0.004759
0.440000 0.400000 -0.005385
0.440000 0.420000 -0.006041
0.440000 0.440000 -0.006665
0.440000 0.460000 -0.007149
0.440000 0.480000 -0.007344
0.440000 0.500000 -0.007147
0.440000 0.520000 -0.006661
0.440000 0.540000 -0.006036
0.440000 0.560000 -0.005378
0.440000 0.580000 -0.004750
0.440000 0.600000 -0.004180
0.440000 0.620000 -0.003676
0.440000 0.640000 -0.003237
0.440000 0.660000 -0.002858
0.440000 0.680000 -0.002533
0.440000 0.700000 -0.002255
0.440000 0.720000 -0.002017
0.440000 0.740000 -0.001814
0.440000 0.760000 -0.001641
0.440000 0.780000 -0.001493
0.440000 0.800000 -0.001368
0.440000 0.820000 -0.001262
0.440000 0.840000 -0.001173
0.440000 0.860000 -0.001099
0.440000 0.880000 -0.001039
0.440000 0.900000 -0.000991
0.440000 0.920000 -0.000954
0.440000 0.940000 -0.000927
0.440000 0.960000 -0.000910
0.440000 0.980000 -0.000903
0.460000 0.020000 -0.000905
0.460000 0.040000 -0.000916
0.460000 0.060000 -0.000937
0.460000 0.080000 -0.000968
0.460000 0.100000 -0.001010
0.460000 0.120000 -0.001064
0.460000 0.140000 -0.001131
0.460000 0.160000 -0.001211
0.460000 0.180000 -0.001308
0.460000 0.200000 -0.001424
0.460000 0.220000 -0.001560
0.460000 0.240000 -0.001720
0.460000 0.260000 -0.001909
0.460000 0.280000 -0.002128
0.460000 0.300000 -0.002384
0.460000 0.320000 -0.002681
0.460000 0.340000 -0.003020
0.460000 0.360000 -0.003403
0.460000 0.380000 -0.003827
0.460000 0.400000 -0.004277
0.460000 0.420000 -0.004729
0.460000 0.440000 -0.005135
0.460000 0.460000 -0.005429
0.460000 0.480000 -0.005539
0.460000 0.500000 -0.005427
0.460000 0.520000 -0.005131
0.460000 0.540000 -0.004723
0.460000 0.560000 -0.004270
0.460000 0.580000 -0.003818
0.460000 0.600000 -0.003392
0.460000 0.620000 -0.003007
0.460000 0.640000 -0.002665
0.460000 0.660000 -0.002367
0.460000 0.680000 -0.002108
0.460000 0.700000 -0.001885
0.460000 0.720000 -0.001694
0.460000 0.740000 -0.001530
0.460000 0.760000 -0.001390
0.460000 0.780000 -0.001271
0.460000 0.800000 -0.001169
0.460000 0.820000 -0.001083
0.460000 0.840000 -0.001010
0.460000 0.860000 -0.000950
0.460000 0.880000 -0.000900
0.460000 0.900000 -0.000860
0.460000 0.920000 -0.000829
0.460000 0.940000 -0.000806
0.460000 0.960000 -0.000790
0.460000 0.980000 -0.000782
0.480000 0.020000 -0.000782
0.480000 0.040000 -0.000788
0.480000 0.060000 -0.000802
0.480000 0.080000 -0.000824
0.480000 0.100000 -0.000854
0.480000 0.120000 -0.000892
0.480000 0.140000 -0.000940
0.480000 0.160000 -0.000999
0.480000 0.180000 -0.001070
0.480000 0.200000 -0.001154
0.480000 0.220000 -0.001254
0.480000 0.240000 -0.001371
0.480000 0.260000 -0.001509
0.480000 0.280000 -0.001669
0.480000 0.300000 -0.001854
0.480000 0.320000 -0.002066
0.480000 0.340000 -0.002308
0.480000 0.360000 -0.002576
0.480000 0.380000 -0.002867
0.480000 0.400000 -0.003169
0.480000 0.420000 -0.003462
0.480000 0.440000 -0.003716
0.480000 0.460000 -0.003893
0.480000 0.480000 -0.003956
0.480000 0.500000 -0.003891
0.480000 0.520000 -0.003712
0.480000 0.540000 -0.003457
0.480000 0.560000 -0.003162
0.480000 0.580000 -0.002858
0.480000 0.600000 -0.002565
0.480000 0.620000 -0.002294
0.480000 0.640000 -0.002050
0.480000 0.660000 -0.001835
0.480000 0.680000 -0.001647
0.480000 0.700000 -0.001484
0.480000 0.720000 -0.001344
0.480000 0.740000 -0.001223
0.480000 0.760000 -0.001119
0.480000 0.780000 -0.001030
0.480000 0.800000 -0.000955
0.480000 0.820000 -0.000890
0.480000 0.840000 -0.000835
0.480000 0.860000 -0.000790
0.480000 0.880000 -0.000751
0.480000 0.900000 -0.000720
0.480000 0.920000 -0.000695
0.480000 0.940000 -0.000677
0.480000 0.960000 -0.000663
0.480000 0.980000 -0.000655
0.500000 0.020000 -0.000651
0.500000 0.040000 -0.000653
0.500000 0.060000 -0.000660
0.500000 0.080000 -0.000671
0.500000 0.100000 -0.000688
0.500000 0.120000 -0.000711
0.500000 0.140000 -0.000740
0.500000 0.160000 -0.000775
0.500000 0.180000 -0.000818
0.500000 0.200000 -0.000870
0.500000 0.220000 -0.000931
0.500000 0.240000 -0.001002
0.500000 0.260000 -0.001086
0.500000 0.280000 -0.001183
0.500000 0.300000 -0.001296
0.500000 0.320000 -0.001424
0.500000 0.340000 -0.001568
0.500000 0.360000 -0.001727
0.500000 0.380000 -0.001897
0.500000 0.400000 -0.002070
0.500000 0.420000 -0.002235
0.500000 0.440000 -0.002375
0.500000 0.460000 -0.002469
0.500000 0.480000 -0.002503
0.500000 0.500000 -0.002467
0.500000 0.520000 -0.002371
0.500000 0.540000 -0.002229
0.500000 0.560000 -0.002063
0.500000 0.580000 -0.001887
0.500000 0.600000 -0.001715
0.500000 0.620000 -0.001554
0.500000 0.640000 -0.001407
0.500000 0.660000 -0.001276
0.500000 0.680000 -0.001161
0.500000 0.700000 -0.001061
0.500000 0.720000 -0.000974
0.500000 0.740000 -0.000898
0.500000 0.760000 -0.000833
0.500000 0.780000 -0.000777
0.500000 0.800000 -0.000729
0.500000 0.820000 -0.000687
0.500000 0.840000 -0.000652
0.500000 0.860000 -0.000622
0.500000 0.880000 -0.000596
0.500000 0.900000 -0.000574
0.500000 0.920000 -0.000557
0.500000 0.940000 -0.000542
0.500000 0.960000 -0.000531
0.500000 0.980000 -0.000522
0.520000 0.020000 -0.000516
0.520000 0.040000 -0.000513
0.520000 0.060000 -0.000512
0.520000 0.080000 -0.000513
0.520000 0.100000 -0.000517
0.520000 0.120000 -0.000523
0.520000 0.140000 -0.000532
0.520000 0.160000 -0.000544
0.520000 0.180000 -0.000558
0.520000 0.200000 -0.000576
0.520000 0.220000 -0.000596
0.520000 0.240000 -0.000621
0.520000 0.260000 -0.000650
0.520000 0.280000 -0.000683
0.520000 0.300000 -0.000722
0.520000 0.320000 -0.000765
0.520000 0.340000 -0.000814
0.520000 0.360000 -0.000867
0.520000 0.380000 -0.000923
0.520000 0.400000 -0.000980
0.520000 0.420000 -0.001033
0.520000 0.440000 -0.001078
0.520000 0.460000 -0.001107
0.520000 0.480000 -0.001117
0.520000 0.500000 -0.001106
0.520000 0.520000 -0.001074
0.520000 0.540000 -0.001028
0.520000 0.560000 -0.000972
0.520000 0.580000 -0.000913
0.520000 0.600000 -0.000855
0.520000 0.620000 -0.000799
0.520000 0.640000 -0.000748
0.520000 0.660000 -0.000702
0.520000 0.680000 -0.000661
0.520000 0.700000 -0.000624
0.520000 0.720000 -0.000592
0.520000 0.740000 -0.000563
0.520000 0.760000 -0.000538
0.520000 0.780000 -0.000516
0.520000 0.800000 -0.000496
0.520000 0.820000 -0.000479
0.520000 0.840000 -0.000463
0.520000 0.860000 -0.000449
0.520000 0.880000 -0.000436
0.520000 0.900000 -0.000425
0.520000 0.920000 -0.000414
0.520000 0.940000 -0.000405
0.520000 0.960000 -0.000395
0.520000 0.980000 -0.000387
0.540000 0.020000 -0.000378
0.540000 0.040000 -0.000370
0.540000 0.060000 -0.000362
0.540000 0.080000 -0.000353
0.540000 0.100000 -0.000344
0.540000 0.120000 -0.000333
0.540000 0.140000 -0.000322
0.540000 0.160000 -0.000309
0.540000 0.180000 -0.000295
0.540000 0.200000 -0.000278
0.540000 0.220000 -0.000258
0.540000 0.240000 -0.000236
0.540000 0.260000 -0.000209
0.540000 0.280000 -0.000178
0.540000 0.300000 -0.000142
0.540000 0.320000 -0.000101
0.540000 0.340000 -0.000055
0.540000 0.360000 -0.000004
0.540000 0.380000 0.000051
0.540000 0.400000 0.000107
0.540000 0.420000 0.000160
0.540000 0.440000 0.000204
0.540000 0.460000 0.000235
0.540000 0.480000 0.000246
0.540000 0.500000 0.000237
0.540000 0.520000 0.000208
0.540000 0.540000 0.000165
0.540000 0.560000 0.000115
0.540000 0.580000 0.000061
0.540000 0.600000 0.000009
0.540000 0.620000 -0.000040
0.540000 0.640000 -0.000084
0.540000 0.660000 -0.000123
0.540000 0.680000 -0.000155
0.540000 0.700000 -0.000183
0.540000 0.720000 -0.000206
0.540000 0.740000 -0.000225
0.540000 0.760000 -0.000240
0.540000 0.780000 -0.000252
0.540000 0.800000 -0.000262
0.540000 0.820000 -0.000268
0.540000 0.840000 -0.000273
0.540000 0.860000 -0.000275
0.540000 0.880000 -0.000276
0.540000 0.900000 -0.000274
0.540000 0.920000 -0.000271
0.540000 0.940000 -0.000266
0.540000 0.960000 -0.000260
0.540000 0.980000 -0.000251
0.560000 0.020000 -0.000241
0.560000 0.040000 -0.000227
0.560000 0.060000 -0.000212
0.560000 0.080000 -0.000193
0.560000 0.100000 -0.000171
0.560000 0.120000 -0.000144
0.560000 0.140000 -0.000113
0.560000 0.160000 -0.000077
0.560000 0.180000 -0.000034
0.560000 0.200000 0.000017
0.560000 0.220000 0.000076
0.560000 0.240000 0.000146
0.560000 0.260000 0.000227
0.560000 0.280000 0.000322
0.560000 0.300000 0.000432
0.560000 0.320000 0.000557
0.560000 0.340000 0.000699
0.560000 0.360000 0.000856
0.560000 0.380000 0.001024
0.560000 0.400000 0.001197
0.560000 0.420000 0.001361
0.560000 0.440000 0.001500
0.560000 0.460000 0.001596
0.560000 0.480000 0.001631
0.560000 0.500000 0.001598
0.560000 0.520000 0.001504
0.560000 0.540000 0.001367
0.560000 0.560000 0.001205
0.560000 0.580000 0.001034
0.560000 0.600000 0.000868
0.560000 0.620000 0.000714
0.560000 0.640000 0.000574
0.560000 0.660000 0.000451
0.560000 0.680000 0.000345
0.560000 0.700000 0.000253
0.560000 0.720000 0.000175
0.560000 0.740000 0.000109
0.560000 0.760000 0.000054
0.560000 0.780000 0.000008
0.560000 0.800000 -0.000029
0.560000 0.820000 -0.000060
0.560000 0.840000 -0.000084
0.560000 0.860000 -0.000103
0.560000 0.880000 -0.000117
0.560000 0.900000 -0.000125
0.560000 0.920000 -0.000130
0.560000 0.940000 -0.000130
0.560000 0.960000 -0.000126
0.560000 0.980000 -0.000118
0.580000 0.020000 -0.000105
0.580000 0.040000 -0.000088
0.580000 0.060000 -0.000065
0.580000 0.080000 -0.000037
0.580000 0.100000 -0.000002
0.580000 0.120000 0.000040
0.580000 0.140000 0.000090
0.580000 0.160000 0.000149
0.580000 0.180000 0.000220
0.580000 0.200000 0.000303
0.580000 0.220000 0.000401
0.580000 0.240000 0.000516
0.580000 0.260000 0.000650
0.580000 0.280000 0.000807
0.580000 0.300000 0.000990
0.580000 0.320000 0.001200
0.580000 0.340000 0.001438
0.580000 0.360000 0.001705
0.580000 0.380000 0.001994
0.580000 0.400000 0.002294
0.580000 0.420000 0.002587
0.580000 0.440000 0.002840
0.580000 0.460000 0.003018
0.580000 0.480000 0.003083
0.580000 0.500000 0.003020
0.580000 0.520000 0.002844
0.580000 0.540000 0.002593
0.580000 0.560000 0.002302
0.580000 0.580000 0.002004
0.580000 0.600000 0.001717
0.580000 0.620000 0.001453
0.580000 0.640000 0.001216
0.580000 0.660000 0.001009
0.580000 0.680000 0.000830
0.580000 0.700000 0.000676
0.580000 0.720000 0.000544
0.580000 0.740000 0.000433
0.580000 0.760000 0.000340
0.580000 0.780000 0.000261
0.580000 0.800000 0.000196
0.580000 0.820000 0.000142
0.580000 0.840000 0.000098
0.580000 0.860000 0.000064
0.580000 0.880000 0.000038
0.580000 0.900000 0.000019
0.580000 0.920000 0.000007
0.580000 0.940000 0.000002
0.580000 0.960000 0.000003
0.580000 0.980000 0.000011
0.600000 0.020000 0.000026
0.600000 0.040000 0.000047
0.600000 0.060000 0.000076
0.600000 0.080000 0.000113
0.600000 0.100000 0.000159
0.600000 0.120000 0.000216
0.600000 0.140000 0.000283
0.600000 0.160000 0.000364
0.600000 0.180000 0.000460
0.600000 0.200000 0.000574
0.600000 0.220000 0.000708
0.600000 0.240000 0.000866
0.600000 0.260000 0.001051
0.600000 0.280000 0.001267
0.600000 0.300000 0.001520
0.600000 0.320000 0.001813
0.600000 0.340000 0.002149
0.600000 0.360000 0.002530
0.600000 0.380000 0.002952
0.600000 0.400000 0.003401
0.600000 0.420000 0.003851
0.600000 0.440000 0.004257
0.600000 0.460000 0.004552
0.600000 0.480000 0.004663
0.600000 0.500000 0.004553
0.600000 0.520000 0.004261
0.600000 0.540000 0.003857
0.600000 0.560000 0.003408
0.600000 0.580000 0.002961
0.600000 0.600000 0.002542
0.600000 0.620000 0.002164
0.600000 0.640000 0.001830
0.600000 0.660000 0.001539
0.600000 0.680000 0.001289
0.600000 0.700000 0.001076
0.600000 0.720000 0.000894
0.600000 0.740000 0.000740
0.600000 0.760000 0.000610
0.600000 0.780000 0.000500
0.600000 0.800000 0.000409
0.600000 0.820000 0.000334
0.600000 0.840000 0.000272
0.600000 0.860000 0.000223
0.600000 0.880000 0.000185
0.600000 0.900000 0.000156
0.600000 0.920000 0.000138
0.600000 0.940000 0.000128
0.600000 0.960000 0.000126
0.600000 0.980000 0.000134
0.620000 0.020000 0.000150
0.620000 0.040000 0.000175
0.620000 0.060000 0.000209
0.620000 0.080000 0.000254
0.620000 0.100000 0.000311
0.620000 0.120000 0.000380
0.620000 0.140000 0.000464
0.620000 0.160000 0.000564
0.620000 0.180000 0.000684
0.620000 0.200000 0.000825
0.620000 0.220000 0.000992
0.620000 0.240000 0.001188
0.620000 0.260000 0.001420
0.620000 0.280000 0.001692
0.620000 0.300000 0.002010
0.620000 0.320000 0.002383
0.620000 0.340000 0.002816
0.620000 0.360000 0.003316
0.620000 0.380000 0.003882
0.620000 0.400000 0.004506
0.620000 0.420000 0.005160
0.620000 0.440000 0.005784
0.620000 0.460000 0.006269
0.620000 0.480000 0.006466
0.620000 0.500000 0.006270
0.620000 0.520000 0.005788
0.620000 0.540000 0.005166
0.620000 0.560000 0.004513
0.620000 0.580000 0.003891
0.620000 0.600000 0.003327
0.620000 0.620000 0.002830
0.620000 0.640000 0.002399
0.620000 0.660000 0.002029
0.620000 0.680000 0.001713
0.620000 0.700000 0.001444
0.620000 0.720000 0.001215
0.620000 0.740000 0.001022
0.620000 0.760000 0.000859
0.620000 0.780000 0.000722
0.620000 0.800000 0.000607
0.620000 0.820000 0.000512
0.620000 0.840000 0.000434
0.620000 0.860000 0.000371
0.620000 0.880000 0.000321
0.620000 0.900000 0.000284
0.620000 0.920000 0.000259
0.620000 0.940000 0.000245
0.620000 0.960000 0.000241
0.620000 0.980000 0.000247
0.640000 0.020000 0.000264
0.640000 0.040000 0.000292
0.640000 0.060000 0.000332
0.640000 0.080000 0.000384
0.640000 0.100000 0.000449
0.640000 0.120000 0.000530
0.640000 0.140000 0.000628
0.640000 0.160000 0.000745
0.640000 0.180000 0.000885
0.640000 0.200000 0.001050
0.640000 0.220000 0.001246
0.640000 0.240000 0.001476
0.640000 0.260000 0.001748
0.640000 0.280000 0.002069
0.640000 0.300000 0.002447
0.640000 0.320000 0.002892
0.640000 0.340000 0.003417
0.640000 0.360000 0.004034
0.640000 0.380000 0.004754
0.640000 0.400000 0.005581
0.640000 0.420000 0.006500
0.640000 0.440000 0.007451
0.640000 0.460000 0.008273
0.640000 0.480000 0.008660
0.640000 0.500000 0.008275
0.640000 0.520000 0.007454
0.640000 0.540000 0.006506
0.640000 0.560000 0.005588
0.640000 0.580000 0.004763
0.640000 0.600000 0.004045
0.640000 0.620000 0.003430
0.640000 0.640000 0.002908
0.640000 0.660000 0.002464
0.640000 0.680000 0.002089
0.640000 0.700000 0.001771
0.640000 0.720000 0.001502
0.640000 0.740000 0.001274
0.640000 0.760000 0.001082
0.640000 0.780000 0.000921
0.640000 0.800000 0.000785
0.640000 0.820000 0.000672
0.640000 0.840000 0.000580
0.640000 0.860000 0.000505
0.640000 0.880000 0.000446
0.640000 0.900000 0.000401
0.640000 0.920000 0.000370
0.640000 0.940000 0.000351
0.640000 0.960000 0.000345
0.640000 0.980000 0.000350
0.660000 0.020000 0.000368
0.660000 0.040000 0.000398
0.660000 0.060000 0.000442
0.660000 0.080000 0.000500
0.660000 0.100000 0.000573
0.660000 0.120000 0.000663
0.660000 0.140000 0.000773
0.660000 0.160000 0.000904
0.660000 0.180000 0.001060
0.660000 0.200000 0.001245
0.660000 0.220000 0.001464
0.660000 0.240000 0.001723
0.660000 0.260000 0.002028
0.660000 0.280000 0.002389
0.660000 0.300000 0.002815
0.660000 0.320000 0.003322
0.660000 0.340000 0.003926
0.660000 0.360000 0.004649
0.660000 0.380000 0.005518
0.660000 0.400000 0.006563
0.660000 0.420000 0.007810
0.660000 0.440000 0.009246
0.660000 0.460000 0.010712
0.660000 0.480000 0.011627
0.660000 0.500000 0.010714
0.660000 0.520000 0.009249
0.660000 0.540000 0.007815
0.660000 0.560000 0.006569
0.660000 0.580000 0.005526
0.660000 0.600000 0.004660
0.660000 0.620000 0.003939
0.660000 0.640000 0.003337
0.660000 0.660000 0.002832
0.660000 0.680000 0.002407
0.660000 0.700000 0.002049
0.660000 0.720000 0.001747
0.660000 0.740000 0.001491
0.660000 0.760000 0.001275
0.660000 0.780000 0.001093
0.660000 0.800000 0.000941
0.660000 0.820000 0.000813
0.660000 0.840000 0.000708
0.660000 0.860000 0.000623
0.660000 0.880000 0.000555
0.660000 0.900000 0.000504
0.660000 0.920000 0.000468
0.660000 0.940000 0.000445
0.660000 0.960000 0.000437
0.660000 0.980000 0.000441
0.680000 0.020000 0.000459
0.680000 0.040000 0.000491
0.680000 0.060000 0.000538
0.680000 0.080000 0.000600
0.680000 0.100000 0.000679
0.680000 0.120000 0.000777
0.680000 0.140000 0.000895
0.680000 0.160000 0.001037
0.680000 0.180000 0.001207
0.680000 0.200000 0.001407
0.680000 0.220000 0.001644
0.680000 0.240000 0.001923
0.680000 0.260000 0.002252
0.680000 0.280000 0.002642
0.680000 0.300000 0.003104
0.680000 0.320000 0.003655
0.680000 0.340000 0.004317
0.680000 0.360000 0.005119
0.680000 0.380000 0.006106
0.680000 0.400000 0.007343
0.680000 0.420000 0.008929
0.680000 0.440000 0.011011
0.680000 0.460000 0.013703
0.680000 0.480000 0.016422
0.680000 0.500000 0.013704
0.680000 0.520000 0.011015
0.680000 0.540000 0.008934
0.680000 0.560000 0.007349
0.680000 0.580000 0.006114
0.680000 0.600000 0.005129
0.680000 0.620000 0.004328
0.680000 0.640000 0.003669
0.680000 0.660000 0.003120
0.680000 0.680000 0.002660
0.680000 0.700000 0.002272
0.680000 0.720000 0.001945
0.680000 0.740000 0.001668
0.680000 0.760000 0.001434
0.680000 0.780000 0.001237
0.680000 0.800000 0.001071
0.680000 0.820000 0.000932
0.680000 0.840000 0.000817
0.680000 0.860000 0.000723
0.680000 0.880000 0.000649
0.680000 0.900000 0.000592
0.680000 0.920000 0.000551
0.680000 0.940000 0.000526
0.680000 0.960000 0.000515
0.680000 0.980000 0.000519
0.700000 0.020000 0.000537
0.700000 0.040000 0.000570
0.700000 0.060000 0.000618
0.700000 0.080000 0.000684
0.700000 0.100000 0.000767
0.700000 0.120000 0.000869
0.700000 0.140000 0.000994
0.700000 0.160000 0.001144
0.700000 0.180000 0.001322
0.700000 0.200000 0.001532
0.700000 0.220000 0.001780
0.700000 0.240000 0.002073
0.700000 0.260000 0.002417
0.700000 0.280000 0.002823
0.700000 0.300000 0.003304
0.700000 0.320000 0.003877
0.700000 0.340000 0.004566
0.700000 0.360000 0.005405
0.700000 0.380000 0.006444
0.700000 0.400000 0.007772
0.700000 0.420000 0.009554
0.700000 0.440000 0.012168
0.700000 0.460000 0.016665
0.700000 0.480000 0.026653
0.700000 0.500000 0.016667
0.700000 0.520000 0.012171
0.700000 0.540000 0.009559
0.700000 0.560000 0.007778
0.700000 0.580000 0.006452
0.700000 0.600000 0.005414
0.700000 0.620000 0.004577
0.700000 0.640000 0.003890
0.700000 0.660000 0.003318
0.700000 0.680000 0.002839
0.700000 0.700000 0.002435
0.700000 0.720000 0.002093
0.700000 0.740000 0.001803
0.700000 0.760000 0.001557
0.700000 0.780000 0.001349
0.700000 0.800000 0.001173
0.700000 0.820000 0.001026
0.700000 0.840000 0.000904
0.700000 0.860000 0.000805
0.700000 0.880000 0.000725
0.700000 0.900000 0.000664
0.700000 0.920000 0.000620
0.700000 0.940000 0.000592
0.700000 0.960000 0.000579
0.700000 0.980000 0.000582
0.720000 0.020000 0.000599
0.720000 0.040000 0.000633
0.720000 0.060000 0.000682
0.720000 0.080000 0.000749
0.720000 0.100000 0.000834
0.720000 0.120000 0.000940
0.720000 0.140000 0.001069
0.720000 0.160000 0.001222
0.720000 0.180000 0.001405
0.720000 0.200000 0.001620
0.720000 0.220000 0.001873
0.720000 0.240000 0.002170
0.720000 0.260000 0.002519
0.720000 0.280000 0.002929
0.720000 0.300000 0.003412
0.720000 0.320000 0.003984
0.720000 0.340000 0.004666
0.720000 0.360000 0.005489
0.720000 0.380000 0.006494
0.720000 0.400000 0.007747
0.720000 0.420000 0.009348
0.720000 0.440000 0.011440
0.720000 0.460000 0.014137
0.720000 0.480000 0.016859
0.720000 0.500000 0.014139
0.720000 0.520000 0.011443
0.720000 0.540000 0.009352
0.720000 0.560000 0.007753
0.720000 0.580000 0.006501
0.720000 0.600000 0.005497
0.720000 0.620000 0.004676
0.720000 0.640000 0.003995
0.720000 0.660000 0.003425
0.720000 0.680000 0.002943
0.720000 0.700000 0.002535
0.720000 0.720000 0.002188
0.720000 0.740000 0.001893
0.720000 0.760000 0.001641
0.720000 0.780000 0.001428
0.720000 0.800000 0.001248
0.720000 0.820000 0.001096
0.720000 0.840000 0.000970
0.720000 0.860000 0.000866
0.720000 0.880000 0.000783
0.720000 0.900000 0.000719
0.720000 0.920000 0.000672
0.720000 0.940000 0.000642
0.720000 0.960000 0.000628
0.720000 0.980000 0.000629
0.740000 0.020000 0.000646
0.740000 0.040000 0.000679
0.740000 0.060000 0.000729
0.740000 0.080000 0.000796
0.740000 0.100000 0.000882
0.740000 0.120000 0.000988
0.740000 0.140000 0.001118
0.740000 0.160000 0.001272
0.740000 0.180000 0.001455
0.740000 0.200000 0.001670
0.740000 0.220000 0.001922
0.740000 0.240000 0.002216
0.740000 0.260000 0.002560
0.740000 0.280000 0.002961
0.740000 0.300000 0.003430
0.740000 0.320000 0.003980
0.740000 0.340000 0.004627
0.740000 0.360000 0.005390
0.740000 0.380000 0.006297
0.740000 0.400000 0.007375
0.740000 0.420000 0.008650
0.740000 0.440000 0.010107
0.740000 0.460000 0.011586
0.740000 0.480000 0.012505
0.740000 0.500000 0.011587
0.740000 0.520000 0.010109
0.740000 0.540000 0.008654
0.740000 0.560000 0.007380
0.740000 0.580000 0.006303
0.740000 0.600000 0.005398
0.740000 0.620000 0.004636
0.740000 0.640000 0.003990
0.740000 0.660000 0.003442
0.740000 0.680000 0.002974
0.740000 0.700000 0.002574
0.740000 0.720000 0.002232
0.740000 0.740000 0.001939
0.740000 0.760000 0.001688
0.740000 0.780000 0.001475
0.740000 0.800000 0.001293
0.740000 0.820000 0.001140
0.740000 0.840000 0.001012
0.740000 0.860000 0.000907
0.740000 0.880000 0.000822
0.740000 0.900000 0.000757
0.740000 0.920000 0.000708
0.740000 0.940000 0.000677
0.740000 0.960000 0.000661
0.740000 0.980000 0.000662
0.760000 0.020000 0.000678
0.760000 0.040000 0.000709
0.760000 0.060000 0.000758
0.760000 0.080000 0.000824
0.760000 0.100000 0.000909
0.760000 0.120000 0.001014
0.760000 0.140000 0.001141
0.760000 0.160000 0.001293
0.760000 0.180000 0.001473
0.760000 0.200000 0.001683
0.760000 0.220000 0.001928
0.760000 0.240000 0.002213
0.760000 0.260000 0.002544
0.760000 0.280000 0.002926
0.760000 0.300000 0.003368
0.760000 0.320000 0.003880
0.760000 0.340000 0.004470
0.760000 0.360000 0.005149
0.760000 0.380000 0.005927
0.760000 0.400000 0.006806
0.760000 0.420000 0.007769
0.760000 0.440000 0.008752
0.760000 0.460000 0.009594
0.760000 0.480000 0.009988
0.760000 0.500000 0.009595
0.760000 0.520000 0.008755
0.760000 0.540000 0.007773
0.760000 0.560000 0.006811
0.760000 0.580000 0.005933
0.760000 0.600000 0.005156
0.760000 0.620000 0.004478
0.760000 0.640000 0.003889
0.760000 0.660000 0.003379
0.760000 0.680000 0.002938
0.760000 0.700000 0.002556
0.760000 0.720000 0.002227
0.760000 0.740000 0.001943
0.760000 0.760000 0.001698
0.760000 0.780000 0.001489
0.760000 0.800000 0.001310
0.760000 0.820000 0.001159
0.760000 0.840000 0.001032
0.760000 0.860000 0.000927
0.760000 0.880000 0.000843
0.760000 0.900000 0.000777
0.760000 0.920000 0.000728
0.760000 0.940000 0.000695
0.760000 0.960000 0.000679
0.760000 0.980000 0.000678
0.780000 0.020000 0.000693
0.780000 0.040000 0.000723
0.780000 0.060000 0.000770
0.780000 0.080000 0.000833
0.780000 0.100000 0.000915
0.780000 0.120000 0.001017
0.780000 0.140000 0.001140
0.780000 0.160000 0.001287
0.780000 0.180000 0.001459
0.780000 0.200000 0.001661
0.780000 0.220000 0.001895
0.780000 0.240000 0.002165
0.780000 0.260000 0.002475
0.780000 0.280000 0.002831
0.780000 0.300000 0.003238
0.780000 0.320000 0.003700
0.780000 0.340000 0.004223
0.780000 0.360000 0.004809
0.780000 0.380000 0.005457
0.780000 0.400000 0.006154
0.780000 0.420000 0.006869
0.780000 0.440000 0.007538
0.780000 0.460000 0.008051
0.780000 0.480000 0.008258
0.780000 0.500000 0.008052
0.780000 0.520000 0.007540
0.780000 0.540000 0.006872
0.780000 0.560000 0.006158
0.780000 0.580000 0.005462
0.780000 0.600000 0.004815
0.780000 0.620000 0.004230
0.780000 0.640000 0.003708
0.780000 0.660000 0.003247
0.780000 0.680000 0.002841
0.780000 0.700000 0.002486
0.780000 0.720000 0.002176
0.780000 0.740000 0.001907
0.780000 0.760000 0.001673
0.780000 0.780000 0.001472
0.780000 0.800000 0.001300
0.780000 0.820000 0.001153
0.780000 0.840000 0.001030
0.780000 0.860000 0.000927
0.780000 0.880000 0.000844
0.780000 0.900000 0.000779
0.780000 0.920000 0.000731
0.780000 0.940000 0.000698
0.780000 0.960000 0.000681
0.780000 0.980000 0.000679
0.800000 0.020000 0.000692
0.800000 0.040000 0.000720
0.800000 0.060000 0.000764
0.800000 0.080000 0.000824
0.800000 0.100000 0.000902
0.800000 0.120000 0.000999
0.800000 0.140000 0.001116
0.800000 0.160000 0.001254
0.800000 0.180000 0.001417
0.800000 0.200000 0.001607
0.800000 0.220000 0.001825
0.800000 0.240000 0.002076
0.800000 0.260000 0.002361
0.800000 0.280000 0.002686
0.800000 0.300000 0.003051
0.800000 0.320000 0.003460
0.800000 0.340000 0.003913
0.800000 0.360000 0.004408
0.800000 0.380000 0.004937
0.800000 0.400000 0.005482
0.800000 0.420000 0.006014
0.800000 0.440000 0.006481
0.800000 0.460000 0.006814
0.800000 0.480000 0.006939
0.800000 0.500000 0.006815
0.800000 0.520000 0.006483
0.800000 0.540000 0.006017
0.800000 0.560000 0.005486
0.800000 0.580000 0.004941
0.800000 0.600000 0.004413
0.800000 0.620000 0.003919
0.800000 0.640000 0.003467
0.800000 0.660000 0.003059
0.800000 0.680000 0.002694
0.800000 0.700000 0.002370
0.800000 0.720000 0.002085
0.800000 0.740000 0.001835
0.800000 0.760000 0.001616
0.800000 0.780000 0.001427
0.800000 0.800000 0.001264
0.800000 0.820000 0.001124
0.800000 0.840000 0.001006
0.800000 0.860000 0.000908
0.800000 0.880000 0.000828
0.800000 0.900000 0.000765
0.800000 0.920000 0.000718
0.800000 0.940000 0.000686
0.800000 0.960000 0.000668
0.800000 0.980000 0.000665
0.820000 0.020000 0.000676
0.820000 0.040000 0.000701
0.820000 0.060000 0.000742
0.820000 0.080000 0.000798
0.820000 0.100000 0.000871
0.820000 0.120000 0.000960
0.820000 0.140000 0.001069
0.820000 0.160000 0.001198
0.820000 0.180000 0.001349
0.820000 0.200000 0.001523
0.820000 0.220000 0.001723
0.820000 0.240000 0.001951
0.820000 0.260000 0.002209
0.820000 0.280000 0.002499
0.820000 0.300000 0.002821
0.820000 0.320000 0.003176
0.820000 0.340000 0.003561
0.820000 0.360000 0.003973
0.820000 0.380000 0.004400
0.820000 0.400000 0.004825
0.820000 0.420000 0.005224
0.820000 0.440000 0.005558
0.820000 0.460000 0.005786
0.820000 0.480000 0.005868
0.820000 0.500000 0.005787
0.820000 0.520000 0.005560
0.820000 0.540000 0.005226
0.820000 0.560000 0.004829
0.820000 0.580000 0.004404
0.820000 0.600000 0.003977
0.820000 0.620000 0.003567
0.820000 0.640000 0.003182
0.820000 0.660000 0.002827
0.820000 0.680000 0.002506
0.820000 0.700000 0.002216
0.820000 0.720000 0.001959
0.820000 0.740000 0.001731
0.820000 0.760000 0.001530
0.820000 0.780000 0.001355
0.820000 0.800000 0.001204
0.820000 0.820000 0.001073
0.820000 0.840000 0.000963
0.820000 0.860000 0.000871
0.820000 0.880000 0.000795
0.820000 0.900000 0.000735
0.820000 0.920000 0.000690
0.820000 0.940000 0.000658
0.820000 0.960000 0.000641
0.820000 0.980000 0.000636
0.840000 0.020000 0.000645
0.840000 0.040000 0.000668
0.840000 0.060000 0.000704
0.840000 0.080000 0.000755
0.840000 0.100000 0.000821
0.840000 0.120000 0.000903
0.840000 0.140000 0.001002
0.840000 0.160000 0.001120
0.840000 0.180000 0.001256
0.840000 0.200000 0.001414
0.840000 0.220000 0.001594
0.840000 0.240000 0.001797
0.840000 0.260000 0.002026
0.840000 0.280000 0.002279
0.840000 0.300000 0.002558
0.840000 0.320000 0.002861
0.840000 0.340000 0.003184
0.840000 0.360000 0.003522
0.840000 0.380000 0.003864
0.840000 0.400000 0.004196
0.840000 0.420000 0.004497
0.840000 0.440000 0.004742
0.840000 0.460000 0.004904
0.840000 0.480000 0.004961
0.840000 0.500000 0.004905
0.840000 0.520000 0.004743
0.840000 0.540000 0.004499
0.840000 0.560000 0.004199
0.840000 0.580000 0.003867
0.840000 0.600000 0.003526
0.840000 0.620000 0.003189
0.840000 0.640000 0.002866
0.840000 0.660000 0.002563
0.840000 0.680000 0.002285
0.840000 0.700000 0.002031
0.840000 0.720000 0.001803
0.840000 0.740000 0.001599
0.840000 0.760000 0.001419
0.840000 0.780000 0.001260
0.840000 0.800000 0.001122
0.840000 0.820000 0.001003
0.840000 0.840000 0.000902
0.840000 0.860000 0.000816
0.840000 0.880000 0.000746
0.840000 0.900000 0.000690
0.840000 0.920000 0.000648
0.840000 0.940000 0.000618
0.840000 0.960000 0.000600
0.840000 0.980000 0.000595
0.860000 0.020000 0.000601
0.860000 0.040000 0.000620
0.860000 0.060000 0.000652
0.860000 0.080000 0.000697
0.860000 0.100000 0.000756
0.860000 0.120000 0.000829
0.860000 0.140000 0.000918
0.860000 0.160000 0.001022
0.860000 0.180000 0.001143
0.860000 0.200000 0.001282
0.860000 0.220000 0.001441
0.860000 0.240000 0.001618
0.860000 0.260000 0.001816
0.860000 0.280000 0.002034
0.860000 0.300000 0.002271
0.860000 0.320000 0.002525
0.860000 0.340000 0.002793
0.860000 0.360000 0.003067
0.860000 0.380000 0.003339
0.860000 0.400000 0.003597
0.860000 0.420000 0.003826
0.860000 0.440000 0.004008
0.860000 0.460000 0.004126
0.860000 0.480000 0.004168
0.860000 0.500000 0.004127
0.860000 0.520000 0.004009
0.860000 0.540000 0.003828
0.860000 0.560000 0.003600
0.860000 0.580000 0.003342
0.860000 0.600000 0.003070
0.860000 0.620000 0.002796
0.860000 0.640000 0.002529
0.860000 0.660000 0.002276
0.860000 0.680000 0.002039
0.860000 0.700000 0.001821
0.860000 0.720000 0.001623
0.860000 0.740000 0.001444
0.860000 0.760000 0.001285
0.860000 0.780000 0.001145
0.860000 0.800000 0.001022
0.860000 0.820000 0.000915
0.860000 0.840000 0.000824
0.860000 0.860000 0.000747
0.860000 0.880000 0.000683
0.860000 0.900000 0.000632
0.860000 0.920000 0.000593
0.860000 0.940000 0.000564
0.860000 0.960000 0.000547
0.860000 0.980000 0.000541
0.880000 0.020000 0.000545
0.880000 0.040000 0.000560
0.880000 0.060000 0.000587
0.880000 0.080000 0.000626
0.880000 0.100000 0.000677
0.880000 0.120000 0.000740
0.880000 0.140000 0.000817
0.880000 0.160000 0.000907
0.880000 0.180000 0.001012
0.880000 0.200000 0.001132
0.880000 0.220000 0.001268
0.880000 0.240000 0.001420
0.880000 0.260000 0.001587
0.880000 0.280000 0.001770
0.880000 0.300000 0.001968
0.880000 0.320000 0.002177
0.880000 0.340000 0.002394
0.880000 0.360000 0.002613
0.880000 0.380000 0.002828
0.880000 0.400000 0.003028
0.880000 0.420000 0.003202
0.880000 0.440000 0.003339
0.880000 0.460000 0.003426
0.880000 0.480000 0.003456
0.880000 0.500000 0.003426
0.880000 0.520000 0.003340
0.880000 0.540000 0.003204
0.880000 0.560000 0.003030
0.880000 0.580000 0.002830
0.880000 0.600000 0.002616
0.880000 0.620000 0.002397
0.880000 0.640000 0.002180
0.880000 0.660000 0.001971
0.880000 0.680000 0.001774
0.880000 0.700000 0.001590
0.880000 0.720000 0.001422
0.880000 0.740000 0.001270
0.880000 0.760000 0.001134
0.880000 0.780000 0.001012
0.880000 0.800000 0.000905
0.880000 0.820000 0.000812
0.880000 0.840000 0.000732
0.880000 0.860000 0.000665
0.880000 0.880000 0.000608
0.880000 0.900000 0.000562
0.880000 0.920000 0.000527
0.880000 0.940000 0.000500
0.880000 0.960000 0.000483
0.880000 0.980000 0.000476
0.900000 0.020000 0.000477
0.900000 0.040000 0.000489
0.900000 0.060000 0.000510
0.900000 0.080000 0.000542
0.900000 0.100000 0.000584
0.900000 0.120000 0.000637
0.900000 0.140000 0.000702
0.900000 0.160000 0.000778
0.900000 0.180000 0.000866
0.900000 0.200000 0.000966
0.900000 0.220000 0.001079
0.900000 0.240000 0.001205
0.900000 0.260000 0.001343
0.900000 0.280000 0.001492
0.900000 0.300000 0.001652
0.900000 0.320000 0.001820
0.900000 0.340000 0.001993
0.900000 0.360000 0.002165
0.900000 0.380000 0.002331
0.900000 0.400000 0.002484
0.900000 0.420000 0.002616
0.900000 0.440000 0.002718
0.900000 0.460000 0.002783
0.900000 0.480000 0.002805
0.900000 0.500000 0.002783
0.900000 0.520000 0.002719
0.900000 0.540000 0.002617
0.900000 0.560000 0.002486
0.900000 0.580000 0.002333
0.900000 0.600000 0.002167
0.900000 0.620000 0.001995
0.900000 0.640000 0.001823
0.900000 0.660000 0.001655
0.900000 0.680000 0.001495
0.900000 0.700000 0.001345
0.900000 0.720000 0.001206
0.900000 0.740000 0.001080
0.900000 0.760000 0.000966
0.900000 0.780000 0.000865
0.900000 0.800000 0.000775
0.900000 0.820000 0.000696
0.900000 0.840000 0.000629
0.900000 0.860000 0.000571
0.900000 0.880000 0.000522
0.900000 0.900000 0.000483
0.900000 0.920000 0.000451
0.900000 0.940000 0.000427
0.900000 0.960000 0.000411
0.900000 0.980000 0.000401
0.920000 0.020000 0.000400
0.920000 0.040000 0.000407
0.920000 0.060000 0.000423
0.920000 0.080000 0.000448
0.920000 0.100000 0.000481
0.920000 0.120000 0.000524
0.920000 0.140000 0.000576
0.920000 0.160000 0.000637
0.920000 0.180000 0.000707
0.920000 0.200000 0.000787
0.920000 0.220000 0.000877
0.920000 0.240000 0.000977
0.920000 0.260000 0.001086
0.920000 0.280000 0.001204
0.920000 0.300000 0.001329
0.920000 0.320000 0.001459
0.920000 0.340000 0.001591
0.920000 0.360000 0.001723
0.920000 0.380000 0.001848
0.920000 0.400000 0.001962
0.920000 0.420000 0.002060
0.920000 0.440000 0.002134
0.920000 0.460000 0.002181
0.920000 0.480000 0.002198
0.920000 0.500000 0.002182
0.920000 0.520000 0.002135
0.920000 0.540000 0.002061
0.920000 0.560000 0.001964
0.920000 0.580000 0.001850
0.920000 0.600000 0.001724
0.920000 0.620000 0.001593
0.920000 0.640000 0.001461
0.920000 0.660000 0.001331
0.920000 0.680000 0.001206
0.920000 0.700000 0.001088
0.920000 0.720000 0.000978
0.920000 0.740000 0.000878
0.920000 0.760000 0.000787
0.920000 0.780000 0.000705
0.920000 0.800000 0.000633
0.920000 0.820000 0.000570
0.920000 0.840000 0.000515
0.920000 0.860000 0.000467
0.920000 0.880000 0.000428
0.920000 0.900000 0.000395
0.920000 0.920000 0.000368
0.920000 0.940000 0.000347
0.920000 0.960000 0.000330
0.920000 0.980000 0.000319
0.940000 0.020000 0.000314
0.940000 0.040000 0.000316
0.940000 0.060000 0.000327
0.940000 0.080000 0.000344
0.940000 0.100000 0.000369
0.940000 0.120000 0.000401
0.940000 0.140000 0.000440
0.940000 0.160000 0.000486
0.940000 0.180000 0.000539
0.940000 0.200000 0.000599
0.940000 0.220000 0.000666
0.940000 0.240000 0.000741
0.940000 0.260000 0.000822
0.940000 0.280000 0.000908
0.940000 0.300000 0.001000
0.940000 0.320000 0.001095
0.940000 0.340000 0.001192
0.940000 0.360000 0.001286
0.940000 0.380000 0.001376
0.940000 0.400000 0.001457
0.940000 0.420000 0.001526
0.940000 0.440000 0.001578
0.940000 0.460000 0.001611
0.940000 0.480000 0.001623
0.940000 0.500000 0.001612
0.940000 0.520000 0.001579
0.940000 0.540000 0.001527
0.940000 0.560000 0.001458
0.940000 0.580000 0.001377
0.940000 0.600000 0.001287
0.940000 0.620000 0.001193
0.940000 0.640000 0.001097
0.940000 0.660000 0.001002
0.940000 0.680000 0.000910
0.940000 0.700000 0.000823
0.940000 0.720000 0.000741
0.940000 0.740000 0.000666
0.940000 0.760000 0.000598
0.940000 0.780000 0.000537
0.940000 0.800000 0.000482
0.940000 0.820000 0.000434
0.940000 0.840000 0.000393
0.940000 0.860000 0.000357
0.940000 0.880000 0.000326
0.940000 0.900000 0.000301
0.940000 0.920000 0.000279
0.940000 0.940000 0.000261
0.940000 0.960000 0.000245
0.940000 0.980000 0.000231
0.960000 0.020000 0.000220
0.960000 0.040000 0.000218
0.960000 0.060000 0.000223
0.960000 0.080000 0.000234
0.960000 0.100000 0.000250
0.960000 0.120000 0.000271
0.960000 0.140000 0.000297
0.960000 0.160000 0.000328
0.960000 0.180000 0.000363
0.960000 0.200000 0.000403
0.960000 0.220000 0.000448
0.960000 0.240000 0.000497
0.960000 0.260000 0.000551
0.960000 0.280000 0.000608
0.960000 0.300000 0.000668
0.960000 0.320000 0.000731
0.960000 0.340000 0.000793
0.960000 0.360000 0.000855
0.960000 0.380000 0.000913
0.960000 0.400000 0.000965
0.960000 0.420000 0.001009
0.960000 0.440000 0.001042
0.960000 0.460000 0.001063
0.960000 0.480000 0.001070
0.960000 0.500000 0.001063
0.960000 0.520000 0.001042
0.960000 0.540000 0.001009
0.960000 0.560000 0.000965
0.960000 0.580000 0.000913
0.960000 0.600000 0.000855
0.960000 0.620000 0.000794
0.960000 0.640000 0.000731
0.960000 0.660000 0.000669
0.960000 0.680000 0.000609
0.960000 0.700000 0.000551
0.960000 0.720000 0.000498
0.960000 0.740000 0.000448
0.960000 0.760000 0.000402
0.960000 0.780000 0.000362
0.960000 0.800000 0.000325
0.960000 0.820000 0.000293
0.960000 0.840000 0.000265
0.960000 0.860000 0.000241
0.960000 0.880000 0.000220
0.960000 0.900000 0.000202
0.960000 0.920000 0.000187
0.960000 0.940000 0.000173
0.960000 0.960000 0.000158
0.960000 0.980000 0.000140
0.980000 0.020000 0.000118
0.980000 0.040000 0.000112
0.980000 0.060000 0.000114
0.980000 0.080000 0.000119
0.980000 0.100000 0.000126
0.980000 0.120000 0.000137
0.980000 0.140000 0.000150
0.980000 0.160000 0.000165
0.980000 0.180000 0.000183
0.980000 0.200000 0.000203
0.980000 0.220000 0.000225
0.980000 0.240000 0.000250
0.980000 0.260000 0.000276
0.980000 0.280000 0.000305
0.980000 0.300000 0.000335
0.980000 0.320000 0.000365
0.980000 0.340000 0.000396
0.980000 0.360000 0.000426
0.980000 0.380000 0.000455
0.980000 0.400000 0.000480
0.980000 0.420000 0.000502
0.980000 0.440000 0.000518
0.980000 0.460000 0.000528
0.980000 0.480000 0.000532
0.980000 0.500000 0.000528
0.980000 0.520000 0.000518
0.980000 0.540000 0.000502
0.980000 0.560000 0.000481
0.980000 0.580000 0.000455
0.980000 0.600000 0.000427
0.980000 0.620000 0.000397
0.980000 0.640000 0.000366
0.980000 0.660000 0.000335
0.980000 0.680000 0.000305
0.980000 0.700000 0.000277
0.980000 0.720000 0.000250
0.980000 0.740000 0.000225
0.980000 0.760000 0.000202
0.980000 0.780000 0.000182
0.980000 0.800000 0.000164
0.980000 0.820000 0.000148
0.980000 0.840000 0.000133
0.980000 0.860000 0.000121
0.980000 0.880000 0.000111
0.980000 0.900000 0.000102
0.980000 0.920000 0.000093
0.980000 0.940000 0.000085
0.980000 0.960000 0.000074
0.980000 0.980000 0.000054
0.000000 0.000000 0.000000
0.000000 0.000000 0.000000
0.000000 0.020000 0.000000
0.020000 0.000000 0.000000
0.000000 0.040000 0.000000
0.040000 0.000000 0.000000
0.000000 0.060000 0.000000
0.060000 0.000000 0.000000
0.000000 0.080000 0.000000
0.080000 0.000000 0.000000
0.000000 0.100000 0.000000
0.100000 0.000000 0.000000
0.000000 0.120000 0.000000
0.120000 0.000000 0.000000
0.000000 0.140000 0.000000
0.140000 0.000000 0.000000
0.000000 0.160000 0.000000
0.160000 0.000000 0.000000
0.000000 0.180000 0.000000
0.180000 0.000000 0.000000
0.000000 0.200000 0.000000
0.200000 0.000000 0.000000
0.000000 0.220000 0.000000
0.220000 0.000000 0.000000
0.000000 0.240000 0.000000
0.240000 0.000000 0.000000
0.000000 0.260000 0.000000
0.260000 0.000000 0.000000
0.000000 0.280000 0.000000
0.280000 0.000000 0.000000
0.000000 0.300000 0.000000
0.300000 0.000000 0.000000
0.000000 0.320000 0.000000
0.320000 0.000000 0.000000
0.000000 0.340000 0.000000
0.340000 0.000000 0.000000
0.000000 0.360000 0.000000
0.360000 0.000000 0.000000
0.000000 0.380000 0.000000
0.380000 0.000000 0.000000
0.000000 0.400000 0.000000
0.400000 0.000000 0.000000
0.000000 0.420000 0.000000
0.420000 0.000000 0.000000
0.000000 0.440000 0.000000
0.440000 0.000000 0.000000
0.000000 0.460000 0.000000
0.460000 0.000000 0.000000
0.000000 0.480000 0.000000
0.480000 0.000000 0.000000
0.000000 0.500000 0.000000
0.500000 0.000000 0.000000
0.000000 0.520000 0.000000
0.520000 0.000000 0.000000
0.000000 0.540000 0.000000
0.540000 0.000000 0.000000
0.000000 0.560000 0.000000
0.560000 0.000000 0.000000
0.000000 0.580000 0.000000
0.580000 0.000000 0.000000
0.000000 0.600000 0.000000
0.600000 0.000000 0.000000
0.000000 0.620000 0.000000
0.620000 0.000000 0.000000
0.000000 0.640000 0.000000
0.640000 0.000000 0.000000
0.000000 0.660000 0.000000
0.660000 0.000000 0.000000
0.000000 0.680000 0.000000
0.680000 0.000000 0.000000
0.000000 0.700000 0.000000
0.700000 0.000000 0.000000
0.000000 0.720000 0.000000
0.720000 0.000000 0.000000
0.000000 0.740000 0.000000
0.740000 0.000000 0.000000
0.000000 0.760000 0.000000
0.760000 0.000000 0.000000
0.000000 0.780000 0.000000
0.780000 0.000000 0.000000
0.000000 0.800000 0.000000
0.800000 0.000000 0.000000
0.000000 0.820000 0.000000
0.820000 0.000000 0.000000
0.000000 0.840000 0.000000
0.840000 0.000000 0.000000
0.000000 0.860000 0.000000
0.860000 0.000000 0.000000
0.000000 0.880000 0.000000
0.880000 0.000000 0.000000
0.000000 0.900000 0.000000
0.900000 0.000000 0.000000
0.000000 0.920000 0.000000
0.920000 0.000000 0.000000
0.000000 0.940000 0.000000
0.940000 0.000000 0.000000
0.000000 0.960000 0.000000
0.960000 0.000000 0.000000
0.000000 0.980000 0.000000
0.980000 0.000000 0.000000
1.000000 0.000000 0.000000
0.000000 1.000000 0.000000
1.000000 0.020000 0.000000
0.020000 1.000000 0.000000
1.000000 0.040000 0.000000
0.040000 1.000000 0.000000
1.000000 0.060000 0.000000
0.060000 1.000000 0.000000
1.000000 0.080000 0.000000
0.080000 1.000000 0.000000
1.000000 0.100000 0.000000
0.100000 1.000000 0.000000
1.000000 0.120000 0.000000
0.120000 1.000000 0.000000
1.000000 0.140000 0.000000
0.140000 1.000000 0.000000
1.000000 0.160000 0.000000
0.160000 1.000000 0.000000
1.000000 0.180000 0.000000
0.180000 1.000000 0.000000
1.000000 0.200000 0.000000
0.200000 1.000000 0.000000
1.000000 0.220000 0.000000
0.220000 1.000000 0.000000
1.000000 0.240000 0.000000
0.240000 1.000000 0.000000
1.000000 0.260000 0.000000
0.260000 1.000000 0.000000
1.000000 0.280000 0.000000
0.280000 1.000000 0.000000
1.000000 0.300000 0.000000
0.300000 1.000000 0.000000
1.000000 0.320000 0.000000
0.320000 1.000000 0.000000
1.000000 0.340000 0.000000
0.340000 1.000000 0.000000
1.000000 0.360000 0.000000
0.360000 1.000000 0.000000
1.000000 0.380000 0.000000
0.380000 1.000000 0.000000
1.000000 0.400000 0.000000
0.400000 1.000000 0.000000
1.000000 0.420000 0.000000
0.420000 1.000000 0.000000
1.000000 0.440000 0.000000
0.440000 1.000000 0.000000
1.000000 0.460000 0.000000
0.460000 1.000000 0.000000
1.000000 0.480000 0.000000
0.480000 1.000000 0.000000
1.000000 0.500000 0.000000
0.500000 1.000000 0.000000
1.000000 0.520000 0.000000
0.520000 1.000000 0.000000
1.000000 0.540000 0.000000
0.540000 1.000000 0.000000
1.000000 0.560000 0.000000
0.560000 1.000000 0.000000
1.000000 0.580000 0.000000
0.580000 1.000000 0.000000
1.000000 0.600000 0.000000
0.600000 1.000000 0.000000
1.000000 0.620000 0.000000
0.620000 1.000000 0.000000
1.000000 0.640000 0.000000
0.640000 1.000000 0.000000
1.000000 0.660000 0.000000
0.660000 1.000000 0.000000
1.000000 0.680000 0.000000
0.680000 1.000000 0.000000
1.000000 0.700000 0.000000
0.700000 1.000000 0.000000
1.000000 0.720000 0.000000
0.720000 1.000000 0.000000
1.000000 0.740000 0.000000
0.740000 1.000000 0.000000
1.000000 0.760000 0.000000
0.760000 1.000000 0.000000
1.000000 0.780000 0.000000
0.780000 1.000000 0.000000
1.000000 0.800000 0.000000
0.800000 1.000000 0.000000
1.000000 0.820000 0.000000
0.820000 1.000000 0.000000
1.000000 0.840000 0.000000
0.840000 1.000000 0.000000
1.000000 0.860000 0.000000
0.860000 1.000000 0.000000
1.000000 0.880000 0.000000
0.880000 1.000000 0.000000
1.000000 0.900000 0.000000
0.900000 1.000000 0.000000
1.000000 0.920000 0.000000
0.920000 1.000000 0.000000
1.000000 0.940000 0.000000
0.940000 1.000000 0.000000
1.000000 0.960000 0.000000
0.960000 1.000000 0.000000
1.000000 0.980000 0.000000
0.980000 1.000000 0.000000
1.000000 1.000000 0.000000
