0.000000 1.000000
0.010000 1.006018
0.020000 1.012072
0.030000 1.018162
0.040000 1.024289
0.050000 1.030452
0.060000 1.036652
0.070000 1.042889
0.080000 1.049164
0.090000 1.055476
0.100000 1.061825
0.110000 1.068213
0.120000 1.074639
0.130000 1.081103
0.140000 1.087606
0.150000 1.094147
0.160000 1.100728
0.170000 1.107348
0.180000 1.114007
0.190000 1.120707
0.200000 1.127446
0.210000 1.134226
0.220000 1.141046
0.230000 1.147906
0.240000 1.154808
0.250000 1.161751
0.260000 1.168735
0.270000 1.175761
0.280000 1.182829
0.290000 1.189940
0.300000 1.197092
0.310000 1.204287
0.320000 1.211525
0.330000 1.218807
0.340000 1.226132
0.350000 1.233500
0.360000 1.240912
0.370000 1.248369
0.380000 1.255870
0.390000 1.263416
0.400000 1.271006
0.410000 1.278642
0.420000 1.286324
0.430000 1.294051
0.440000 1.301824
0.450000 1.309644
0.460000 1.317510
0.470000 1.325423
0.480000 1.333383
0.490000 1.341391
0.500000 1.349446
0.510000 1.357549
0.520000 1.365701
0.530000 1.373901
0.540000 1.382150
0.550000 1.390447
0.560000 1.398795
0.570000 1.407192
0.580000 1.415639
0.590000 1.424136
0.600000 1.432683
0.610000 1.441282
0.620000 1.449932
0.630000 1.458633
0.640000 1.467386
0.650000 1.476191
0.660000 1.485048
0.670000 1.493958
0.680000 1.502921
0.690000 1.511937
0.700000 1.521006
0.710000 1.530130
0.720000 1.539308
0.730000 1.548540
0.740000 1.557827
0.750000 1.567169
0.760000 1.576567
0.770000 1.586021
0.780000 1.595530
0.790000 1.605097
0.800000 1.614720
0.810000 1.624400
0.820000 1.634137
0.830000 1.643932
0.840000 1.653785
0.850000 1.663697
0.860000 1.673668
0.870000 1.683697
0.880000 1.693787
0.890000 1.703936
0.900000 1.714145
0.910000 1.724414
0.920000 1.734745
0.930000 1.745136
0.940000 1.755590
0.950000 1.766105
0.960000 1.776682
0.970000 1.787322
0.980000 1.798026
0.990000 1.808792
1.000000 1.819622
1.010000 1.830517
1.020000 1.841475
1.030000 1.852499
1.040000 1.863588
1.050000 1.874742
1.060000 1.885963
1.070000 1.897249
1.080000 1.908603
1.090000 1.920024
1.100000 1.931512
1.110000 1.943068
1.120000 1.954692
1.130000 1.966385
1.140000 1.978147
1.150000 1.989979
1.160000 2.001880
1.170000 2.013852
1.180000 2.025894
1.190000 2.038008
1.200000 2.050193
1.210000 2.062450
1.220000 2.074779
1.230000 2.087181
1.240000 2.099656
1.250000 2.112205
1.260000 2.124828
1.270000 2.137525
1.280000 2.150297
1.290000 2.163144
1.300000 2.176067
1.310000 2.189066
1.320000 2.202142
1.330000 2.215295
1.340000 2.228525
1.350000 2.241833
1.360000 2.255219
1.370000 2.268684
1.380000 2.282229
1.390000 2.295853
1.400000 2.309557
1.410000 2.323342
1.420000 2.337208
1.430000 2.351155
1.440000 2.365185
1.450000 2.379297
1.460000 2.393492
1.470000 2.407770
1.480000 2.422132
1.490000 2.436579
1.500000 2.451110
1.510000 2.465727
1.520000 2.480429
1.530000 2.495218
1.540000 2.510093
1.550000 2.525056
1.560000 2.540107
1.570000 2.555245
1.580000 2.570473
1.590000 2.585790
1.600000 2.601196
1.610000 2.616693
1.620000 2.632281
1.630000 2.647960
1.640000 2.663731
1.650000 2.679594
1.660000 2.695550
1.670000 2.711599
1.680000 2.727742
1.690000 2.743980
1.700000 2.760313
1.710000 2.776741
1.720000 2.793265
1.730000 2.809886
1.740000 2.826604
1.750000 2.843420
1.760000 2.860334
1.770000 2.877346
1.780000 2.894458
1.790000 2.911670
1.800000 2.928982
1.810000 2.946396
1.820000 2.963911
1.830000 2.981528
1.840000 2.999248
1.850000 3.017071
1.860000 3.034998
1.870000 3.053029
1.880000 3.071166
1.890000 3.089408
1.900000 3.107756
1.910000 3.126211
1.920000 3.144774
1.930000 3.163444
1.940000 3.182223
1.950000 3.201112
1.960000 3.220110
1.970000 3.239219
1.980000 3.258438
1.990000 3.277770
2.000000 3.297213
2.010000 3.316770
2.020000 3.336440
2.030000 3.356224
2.040000 3.376123
2.050000 3.396137
2.060000 3.416268
2.070000 3.436515
2.080000 3.456880
2.090000 3.477362
2.100000 3.497964
2.110000 3.518684
2.120000 3.539525
2.130000 3.560486
2.140000 3.581568
2.150000 3.602773
2.160000 3.624100
2.170000 3.645550
2.180000 3.667125
2.190000 3.688824
2.200000 3.710648
2.210000 3.732599
2.220000 3.754676
2.230000 3.776880
2.240000 3.799213
2.250000 3.821675
2.260000 3.844266
2.270000 3.866987
2.280000 3.889839
2.290000 3.912823
2.300000 3.935940
2.310000 3.959189
2.320000 3.982572
2.330000 4.006090
2.340000 4.029743
2.350000 4.053533
2.360000 4.077459
2.370000 4.101522
2.380000 4.125724
2.390000 4.150064
2.400000 4.174545
2.410000 4.199166
2.420000 4.223928
2.430000 4.248833
2.440000 4.273880
2.450000 4.299070
2.460000 4.324405
2.470000 4.349886
2.480000 4.375512
2.490000 4.401284
2.500000 4.427205
2.510000 4.453273
2.520000 4.479491
2.530000 4.505858
2.540000 4.532377
2.550000 4.559046
2.560000 4.585868
2.570000 4.612843
2.580000 4.639972
2.590000 4.667256
2.600000 4.694695
2.610000 4.722291
2.620000 4.750044
2.630000 4.777955
2.640000 4.806025
2.650000 4.834255
2.660000 4.862645
2.670000 4.891197
2.680000 4.919911
2.690000 4.948788
2.700000 4.977830
2.710000 5.007036
2.720000 5.036408
2.730000 5.065947
2.740000 5.095653
2.750000 5.125527
2.760000 5.155571
2.770000 5.185785
2.780000 5.216171
2.790000 5.246728
2.800000 5.277458
2.810000 5.308362
2.820000 5.339440
2.830000 5.370694
2.840000 5.402125
2.850000 5.433733
2.860000 5.465519
2.870000 5.497485
2.880000 5.529631
2.890000 5.561958
2.900000 5.594468
2.910000 5.627160
2.920000 5.660036
2.930000 5.693097
2.940000 5.726345
2.950000 5.759779
2.960000 5.793401
2.970000 5.827211
2.980000 5.861212
2.990000 5.895403
3.000000 5.929786
3.010000 5.964362
3.020000 5.999131
3.030000 6.034095
3.040000 6.069255
3.050000 6.104611
3.060000 6.140165
3.070000 6.175918
3.080000 6.211871
3.090000 6.248024
3.100000 6.284379
3.110000 6.320937
3.120000 6.357698
3.130000 6.394665
3.140000 6.431837
3.150000 6.469216
3.160000 6.506803
3.170000 6.544599
3.180000 6.582606
3.190000 6.620823
3.200000 6.659252
3.210000 6.697895
3.220000 6.736752
3.230000 6.775824
3.240000 6.815113
3.250000 6.854619
3.260000 6.894344
3.270000 6.934288
3.280000 6.974453
3.290000 7.014841
3.300000 7.055451
3.310000 7.096285
3.320000 7.137344
3.330000 7.178630
3.340000 7.220143
3.350000 7.261884
3.360000 7.303856
3.370000 7.346058
3.380000 7.388491
3.390000 7.431158
3.400000 7.474059
3.410000 7.517196
3.420000 7.560569
3.430000 7.604179
3.440000 7.648028
3.450000 7.692117
3.460000 7.736447
3.470000 7.781020
3.480000 7.825836
3.490000 7.870896
3.500000 7.916202
3.510000 7.961755
3.520000 8.007556
3.530000 8.053607
3.540000 8.099908
3.550000 8.146461
3.560000 8.193266
3.570000 8.240326
3.580000 8.287641
3.590000 8.335212
3.600000 8.383042
3.610000 8.431130
3.620000 8.479478
3.630000 8.528088
3.640000 8.576960
3.650000 8.626096
3.660000 8.675497
3.670000 8.725165
3.680000 8.775100
3.690000 8.825304
3.700000 8.875778
3.710000 8.926523
3.720000 8.977541
3.730000 9.028832
3.740000 9.080399
3.750000 9.132242
3.760000 9.184362
3.770000 9.236762
3.780000 9.289441
3.790000 9.342403
3.800000 9.395646
3.810000 9.449174
3.820000 9.502987
3.830000 9.557087
3.840000 9.611474
3.850000 9.666151
3.860000 9.721118
3.870000 9.776377
3.880000 9.831929
3.890000 9.887776
3.900000 9.943918
3.910000 10.000357
3.920000 10.057095
3.930000 10.114132
3.940000 10.171470
3.950000 10.229111
3.960000 10.287055
3.970000 10.345304
3.980000 10.403860
3.990000 10.462723
4.000000 10.521895
4.010000 10.581377
4.020000 10.641171
4.030000 10.701279
4.040000 10.761700
4.050000 10.822438
4.060000 10.883492
4.070000 10.944865
4.080000 11.006558
4.090000 11.068571
4.100000 11.130908
4.110000 11.193568
4.120000 11.256554
4.130000 11.319866
4.140000 11.383506
4.150000 11.447476
4.160000 11.511776
4.170000 11.576409
4.180000 11.641375
4.190000 11.706676
4.200000 11.772313
4.210000 11.838288
4.220000 11.904602
4.230000 11.971257
4.240000 12.038253
4.250000 12.105593
4.260000 12.173277
4.270000 12.241308
4.280000 12.309685
4.290000 12.378412
4.300000 12.447489
4.310000 12.516917
4.320000 12.586699
4.330000 12.656835
4.340000 12.727327
4.350000 12.798176
4.360000 12.869383
4.370000 12.940951
4.380000 13.012880
4.390000 13.085172
4.400000 13.157829
4.410000 13.230851
4.420000 13.304240
4.430000 13.377997
4.440000 13.452125
4.450000 13.526624
4.460000 13.601495
4.470000 13.676741
4.480000 13.752362
4.490000 13.828360
4.500000 13.904737
4.510000 13.981493
4.520000 14.058631
4.530000 14.136151
4.540000 14.214055
4.550000 14.292344
4.560000 14.371020
4.570000 14.450085
4.580000 14.529539
4.590000 14.609384
4.600000 14.689622
4.610000 14.770253
4.620000 14.851280
4.630000 14.932703
4.640000 15.014524
4.650000 15.096745
4.660000 15.179366
4.670000 15.262390
4.680000 15.345817
4.690000 15.429650
4.700000 15.513888
4.710000 15.598535
4.720000 15.683590
4.730000 15.769057
4.740000 15.854935
4.750000 15.941226
4.760000 16.027932
4.770000 16.115054
4.780000 16.202593
4.790000 16.290551
4.800000 16.378930
4.810000 16.467729
4.820000 16.556952
4.830000 16.646599
4.840000 16.736671
4.850000 16.827170
4.860000 16.918098
4.870000 17.009455
4.880000 17.101243
4.890000 17.193463
4.900000 17.286116
4.910000 17.379205
4.920000 17.472730
4.930000 17.566692
4.940000 17.661093
4.950000 17.755934
4.960000 17.851217
4.970000 17.946942
4.980000 18.043112
4.990000 18.139726
5.000000 18.236788
5.010000 18.334297
5.020000 18.432255
5.030000 18.530664
5.040000 18.629524
5.050000 18.728837
5.060000 18.828604
5.070000 18.928827
5.080000 19.029506
5.090000 19.130643
5.100000 19.232238
5.110000 19.334295
5.120000 19.436812
5.130000 19.539792
5.140000 19.643237
5.150000 19.747146
5.160000 19.851521
5.170000 19.956363
5.180000 20.061674
5.190000 20.167455
5.200000 20.273707
5.210000 20.380430
5.220000 20.487626
5.230000 20.595297
5.240000 20.703443
5.250000 20.812065
5.260000 20.921164
5.270000 21.030743
5.280000 21.140800
5.290000 21.251339
5.300000 21.362359
5.310000 21.473861
5.320000 21.585848
5.330000 21.698319
5.340000 21.811276
5.350000 21.924720
5.360000 22.038652
5.370000 22.153072
5.380000 22.267982
5.390000 22.383383
5.400000 22.499275
5.410000 22.615660
5.420000 22.732538
5.430000 22.849910
5.440000 22.967778
5.450000 23.086142
5.460000 23.205003
5.470000 23.324361
5.480000 23.444219
5.490000 23.564575
5.500000 23.685432
5.510000 23.806790
5.520000 23.928650
5.530000 24.051013
5.540000 24.173879
5.550000 24.297249
5.560000 24.421124
5.570000 24.545505
5.580000 24.670391
5.590000 24.795785
5.600000 24.921687
5.610000 25.048096
5.620000 25.175015
5.630000 25.302443
5.640000 25.430381
5.650000 25.558830
5.660000 25.687790
5.670000 25.817262
5.680000 25.947246
5.690000 26.077744
5.700000 26.208754
5.710000 26.340279
5.720000 26.472317
5.730000 26.604871
5.740000 26.737939
5.750000 26.871524
5.760000 27.005624
5.770000 27.140240
5.780000 27.275373
5.790000 27.411024
5.800000 27.547191
5.810000 27.683876
5.820000 27.821079
5.830000 27.958800
5.840000 28.097040
5.850000 28.235798
5.860000 28.375075
5.870000 28.514870
5.880000 28.655185
5.890000 28.796019
5.900000 28.937373
5.910000 29.079245
5.920000 29.221637
5.930000 29.364549
5.940000 29.507980
5.950000 29.651930
5.960000 29.796400
5.970000 29.941389
5.980000 30.086897
5.990000 30.232925
6.000000 30.379472
6.010000 30.526537
6.020000 30.674121
6.030000 30.822224
6.040000 30.970844
6.050000 31.119983
6.060000 31.269640
6.070000 31.419814
6.080000 31.570505
6.090000 31.721712
6.100000 31.873436
6.110000 32.025676
6.120000 32.178431
6.130000 32.331701
6.140000 32.485486
6.150000 32.639784
6.160000 32.794596
6.170000 32.949921
6.180000 33.105758
6.190000 33.262107
6.200000 33.418966
6.210000 33.576336
6.220000 33.734215
6.230000 33.892603
6.240000 34.051499
6.250000 34.210902
6.260000 34.370811
6.270000 34.531226
6.280000 34.692145
6.290000 34.853567
6.300000 35.015493
6.310000 35.177919
6.320000 35.340847
6.330000 35.504274
6.340000 35.668199
6.350000 35.832621
6.360000 35.997540
6.370000 36.162953
6.380000 36.328861
6.390000 36.495260
6.400000 36.662151
6.410000 36.829532
6.420000 36.997401
6.430000 37.165757
6.440000 37.334599
6.450000 37.503925
6.460000 37.673733
6.470000 37.844023
6.480000 38.014793
6.490000 38.186040
6.500000 38.357764
6.510000 38.529962
6.520000 38.702634
6.530000 38.875776
6.540000 39.049388
6.550000 39.223468
6.560000 39.398014
6.570000 39.573023
6.580000 39.748494
6.590000 39.924426
6.600000 40.100815
6.610000 40.277661
6.620000 40.454960
6.630000 40.632711
6.640000 40.810912
6.650000 40.989560
6.660000 41.168653
6.670000 41.348190
6.680000 41.528167
6.690000 41.708582
6.700000 41.889434
6.710000 42.070718
6.720000 42.252434
6.730000 42.434579
6.740000 42.617149
6.750000 42.800143
6.760000 42.983558
6.770000 43.167391
6.780000 43.351640
6.790000 43.536301
6.800000 43.721373
6.810000 43.906851
6.820000 44.092734
6.830000 44.279018
6.840000 44.465701
6.850000 44.652779
6.860000 44.840249
6.870000 45.028109
6.880000 45.216356
6.890000 45.404985
6.900000 45.593995
6.910000 45.783381
6.920000 45.973141
6.930000 46.163271
6.940000 46.353768
6.950000 46.544628
6.960000 46.735849
6.970000 46.927426
6.980000 47.119356
6.990000 47.311635
7.000000 47.504260
7.010000 47.697228
7.020000 47.890534
7.030000 48.084175
7.040000 48.278147
7.050000 48.472446
7.060000 48.667069
7.070000 48.862011
7.080000 49.057268
7.090000 49.252838
7.100000 49.448714
7.110000 49.644895
7.120000 49.841374
7.130000 50.038149
7.140000 50.235215
7.150000 50.432568
7.160000 50.630204
7.170000 50.828117
7.180000 51.026305
7.190000 51.224762
7.200000 51.423484
7.210000 51.622466
7.220000 51.821705
7.230000 52.021195
7.240000 52.220932
7.250000 52.420911
7.260000 52.621128
7.270000 52.821577
7.280000 53.022255
7.290000 53.223155
7.300000 53.424274
7.310000 53.625607
7.320000 53.827148
7.330000 54.028892
7.340000 54.230835
7.350000 54.432971
7.360000 54.635296
7.370000 54.837803
7.380000 55.040489
7.390000 55.243348
7.400000 55.446374
7.410000 55.649562
7.420000 55.852907
7.430000 56.056403
7.440000 56.260046
7.450000 56.463829
7.460000 56.667747
7.470000 56.871795
7.480000 57.075967
7.490000 57.280257
7.500000 57.484660
7.510000 57.689170
7.520000 57.893781
7.530000 58.098487
7.540000 58.303284
7.550000 58.508164
7.560000 58.713122
7.570000 58.918152
7.580000 59.123249
7.590000 59.328405
7.600000 59.533616
7.610000 59.738875
7.620000 59.944175
7.630000 60.149512
7.640000 60.354878
7.650000 60.560268
7.660000 60.765675
7.670000 60.971092
7.680000 61.176515
7.690000 61.381936
7.700000 61.587349
7.710000 61.792748
7.720000 61.998125
7.730000 62.203476
7.740000 62.408792
7.750000 62.614069
7.760000 62.819298
7.770000 63.024475
7.780000 63.229591
7.790000 63.434640
7.800000 63.639616
7.810000 63.844512
7.820000 64.049322
7.830000 64.254037
7.840000 64.458653
7.850000 64.663161
7.860000 64.867556
7.870000 65.071829
7.880000 65.275975
7.890000 65.479987
7.900000 65.683857
7.910000 65.887578
7.920000 66.091144
7.930000 66.294548
7.940000 66.497782
7.950000 66.700839
7.960000 66.903713
7.970000 67.106396
7.980000 67.308881
7.990000 67.511161
8.000000 67.713230
8.010000 67.915079
8.020000 68.116701
8.030000 68.318090
8.040000 68.519237
8.050000 68.720137
8.060000 68.920781
8.070000 69.121163
8.080000 69.321274
8.090000 69.521108
8.100000 69.720657
8.110000 69.919915
8.120000 70.118873
8.130000 70.317524
8.140000 70.515862
8.150000 70.713878
8.160000 70.911565
8.170000 71.108915
8.180000 71.305922
8.190000 71.502578
8.200000 71.698876
8.210000 71.894807
8.220000 72.090365
8.230000 72.285542
8.240000 72.480330
8.250000 72.674723
8.260000 72.868712
8.270000 73.062291
8.280000 73.255451
8.290000 73.448186
8.300000 73.640487
8.310000 73.832347
8.320000 74.023759
8.330000 74.214716
8.340000 74.405209
8.350000 74.595231
8.360000 74.784775
8.370000 74.973833
8.380000 75.162398
8.390000 75.350463
8.400000 75.538019
8.410000 75.725059
8.420000 75.911577
8.430000 76.097564
8.440000 76.283012
8.450000 76.467915
8.460000 76.652266
8.470000 76.836055
8.480000 77.019277
8.490000 77.201924
8.500000 77.383988
8.510000 77.565462
8.520000 77.746339
8.530000 77.926611
8.540000 78.106270
8.550000 78.285310
8.560000 78.463724
8.570000 78.641503
8.580000 78.818641
8.590000 78.995130
8.600000 79.170963
8.610000 79.346133
8.620000 79.520632
8.630000 79.694454
8.640000 79.867591
8.650000 80.040036
8.660000 80.211782
8.670000 80.382822
8.680000 80.553148
8.690000 80.722754
8.700000 80.891632
8.710000 81.059776
8.720000 81.227178
8.730000 81.393832
8.740000 81.559730
8.750000 81.724866
8.760000 81.889233
8.770000 82.052823
8.780000 82.215631
8.790000 82.377649
8.800000 82.538870
8.810000 82.699288
8.820000 82.858896
8.830000 83.017687
8.840000 83.175655
8.850000 83.332793
8.860000 83.489095
8.870000 83.644554
8.880000 83.799163
8.890000 83.952915
8.900000 84.105806
8.910000 84.257828
8.920000 84.408974
8.930000 84.559239
8.940000 84.708616
8.950000 84.857099
8.960000 85.004682
8.970000 85.151358
8.980000 85.297122
8.990000 85.441968
9.000000 85.585888
9.010000 85.728878
9.020000 85.870932
9.030000 86.012043
9.040000 86.152206
9.050000 86.291415
9.060000 86.429664
9.070000 86.566947
9.080000 86.703259
9.090000 86.838594
9.100000 86.972947
9.110000 87.106312
9.120000 87.238683
9.130000 87.370056
9.140000 87.500424
9.150000 87.629783
9.160000 87.758127
9.170000 87.885452
9.180000 88.011751
9.190000 88.137019
9.200000 88.261253
9.210000 88.384446
9.220000 88.506594
9.230000 88.627691
9.240000 88.747734
9.250000 88.866717
9.260000 88.984635
9.270000 89.101484
9.280000 89.217260
9.290000 89.331957
9.300000 89.445571
9.310000 89.558098
9.320000 89.669534
9.330000 89.779873
9.340000 89.889112
9.350000 89.997247
9.360000 90.104273
9.370000 90.210187
9.380000 90.314983
9.390000 90.418660
9.400000 90.521211
9.410000 90.622635
9.420000 90.722926
9.430000 90.822081
9.440000 90.920097
9.450000 91.016970
9.460000 91.112696
9.470000 91.207272
9.480000 91.300695
9.490000 91.392961
9.500000 91.484067
9.510000 91.574009
9.520000 91.662785
9.530000 91.750392
9.540000 91.836826
9.550000 91.922085
9.560000 92.006166
9.570000 92.089065
9.580000 92.170781
9.590000 92.251310
9.600000 92.330650
9.610000 92.408798
9.620000 92.485752
9.630000 92.561510
9.640000 92.636068
9.650000 92.709426
9.660000 92.781580
9.670000 92.852528
9.680000 92.922269
9.690000 92.990800
9.700000 93.058120
9.710000 93.124226
9.720000 93.189117
9.730000 93.252791
9.740000 93.315246
9.750000 93.376481
9.760000 93.436494
9.770000 93.495284
9.780000 93.552849
9.790000 93.609188
9.800000 93.664300
9.810000 93.718184
9.820000 93.770837
9.830000 93.822261
9.840000 93.872452
9.850000 93.921411
9.860000 93.969137
9.870000 94.015628
9.880000 94.060884
9.890000 94.104905
9.900000 94.147690
9.910000 94.189238
9.920000 94.229549
9.930000 94.268622
9.940000 94.306457
9.950000 94.343054
9.960000 94.378413
9.970000 94.412534
9.980000 94.445416
9.990000 94.477060
10.000000 94.507465
10.010000 94.536632
10.020000 94.564562
10.030000 94.591253
10.040000 94.616707
10.050000 94.640924
10.060000 94.663905
10.070000 94.685650
10.080000 94.706159
10.090000 94.725434
10.100000 94.743474
10.110000 94.760282
10.120000 94.775858
10.130000 94.790202
10.140000 94.803315
10.150000 94.815200
10.160000 94.825856
10.170000 94.835285
10.180000 94.843489
10.190000 94.850468
10.200000 94.856224
10.210000 94.860759
10.220000 94.864073
10.230000 94.866168
10.240000 94.867047
10.250000 94.866710
10.260000 94.865160
10.270000 94.862398
10.280000 94.858426
10.290000 94.853245
10.300000 94.846859
10.310000 94.839269
10.320000 94.830476
10.330000 94.820484
10.340000 94.809294
10.350000 94.796909
10.360000 94.783331
10.370000 94.768562
10.380000 94.752604
10.390000 94.735461
10.400000 94.717135
10.410000 94.697628
10.420000 94.676942
10.430000 94.655082
10.440000 94.632049
10.450000 94.607846
10.460000 94.582476
10.470000 94.555942
10.480000 94.528247
10.490000 94.499393
10.500000 94.469385
10.510000 94.438225
10.520000 94.405916
10.530000 94.372461
10.540000 94.337865
10.550000 94.302129
10.560000 94.265257
10.570000 94.227254
10.580000 94.188121
10.590000 94.147863
10.600000 94.106484
10.610000 94.063986
10.620000 94.020374
10.630000 93.975651
10.640000 93.929820
10.650000 93.882887
10.660000 93.834854
10.670000 93.785725
10.680000 93.735504
10.690000 93.684195
10.700000 93.631803
10.710000 93.578331
10.720000 93.523782
10.730000 93.468162
10.740000 93.411475
10.750000 93.353724
10.760000 93.294914
10.770000 93.235049
10.780000 93.174133
10.790000 93.112171
10.800000 93.049167
10.810000 92.985126
10.820000 92.920051
10.830000 92.853948
10.840000 92.786820
10.850000 92.718674
10.860000 92.649512
10.870000 92.579339
10.880000 92.508161
10.890000 92.435982
10.900000 92.362806
10.910000 92.288639
10.920000 92.213484
10.930000 92.137348
10.940000 92.060234
10.950000 91.982148
10.960000 91.903094
10.970000 91.823078
10.980000 91.742104
10.990000 91.660177
11.000000 91.577303
11.010000 91.493486
11.020000 91.408731
11.030000 91.323043
11.040000 91.236428
11.050000 91.148891
11.060000 91.060436
11.070000 90.971069
11.080000 90.880795
11.090000 90.789619
11.100000 90.697547
11.110000 90.604584
11.120000 90.510734
11.130000 90.416004
11.140000 90.320399
11.150000 90.223923
11.160000 90.126583
11.170000 90.028383
11.180000 89.929329
11.190000 89.829427
11.200000 89.728682
11.210000 89.627098
11.220000 89.524683
11.230000 89.421440
11.240000 89.317376
11.250000 89.212497
11.260000 89.106806
11.270000 89.000311
11.280000 88.893017
11.290000 88.784929
11.300000 88.676052
11.310000 88.566393
11.320000 88.455957
11.330000 88.344749
11.340000 88.232775
11.350000 88.120041
11.360000 88.006552
11.370000 87.892314
11.380000 87.777333
11.390000 87.661613
11.400000 87.545162
11.410000 87.427984
11.420000 87.310085
11.430000 87.191471
11.440000 87.072147
11.450000 86.952119
11.460000 86.831393
11.470000 86.709975
11.480000 86.587869
11.490000 86.465083
11.500000 86.341621
11.510000 86.217489
11.520000 86.092693
11.530000 85.967239
11.540000 85.841132
11.550000 85.714378
11.560000 85.586983
11.570000 85.458952
11.580000 85.330292
11.590000 85.201007
11.600000 85.071103
11.610000 84.940587
11.620000 84.809464
11.630000 84.677739
11.640000 84.545419
11.650000 84.412509
11.660000 84.279014
11.670000 84.144941
11.680000 84.010295
11.690000 83.875081
11.700000 83.739306
11.710000 83.602975
11.720000 83.466093
11.730000 83.328667
11.740000 83.190702
11.750000 83.052204
11.760000 82.913177
11.770000 82.773629
11.780000 82.633564
11.790000 82.492988
11.800000 82.351907
11.810000 82.210327
11.820000 82.068252
11.830000 81.925689
11.840000 81.782643
11.850000 81.639119
11.860000 81.495123
11.870000 81.350662
11.880000 81.205739
11.890000 81.060361
11.900000 80.914534
11.910000 80.768262
11.920000 80.621552
11.930000 80.474408
11.940000 80.326836
11.950000 80.178842
11.960000 80.030431
11.970000 79.881608
11.980000 79.732380
11.990000 79.582750
12.000000 79.432725
12.010000 79.282310
12.020000 79.131511
12.030000 78.980332
12.040000 78.828780
12.050000 78.676858
12.060000 78.524574
12.070000 78.371931
12.080000 78.218935
12.090000 78.065592
12.100000 77.911907
12.110000 77.757884
12.120000 77.603530
12.130000 77.448849
12.140000 77.293846
12.150000 77.138526
12.160000 76.982896
12.170000 76.826959
12.180000 76.670721
12.190000 76.514188
12.200000 76.357363
12.210000 76.200252
12.220000 76.042861
12.230000 75.885194
12.240000 75.727256
12.250000 75.569051
12.260000 75.410586
12.270000 75.251865
12.280000 75.092893
12.290000 74.933675
12.300000 74.774215
12.310000 74.614519
12.320000 74.454591
12.330000 74.294436
12.340000 74.134060
12.350000 73.973466
12.360000 73.812659
12.370000 73.651645
12.380000 73.490427
12.390000 73.329011
12.400000 73.167402
12.410000 73.005603
12.420000 72.843620
12.430000 72.681457
12.440000 72.519119
12.450000 72.356610
12.460000 72.193935
12.470000 72.031099
12.480000 71.868105
12.490000 71.704959
12.500000 71.541664
12.510000 71.378226
12.520000 71.214648
12.530000 71.050935
12.540000 70.887092
12.550000 70.723122
12.560000 70.559031
12.570000 70.394822
12.580000 70.230499
12.590000 70.066068
12.600000 69.901531
12.610000 69.736894
12.620000 69.572160
12.630000 69.407334
12.640000 69.242420
12.650000 69.077422
12.660000 68.912343
12.670000 68.747189
12.680000 68.581963
12.690000 68.416669
12.700000 68.251311
12.710000 68.085893
12.720000 67.920420
12.730000 67.754894
12.740000 67.589320
12.750000 67.423702
12.760000 67.258044
12.770000 67.092349
12.780000 66.926622
12.790000 66.760865
12.800000 66.595083
12.810000 66.429280
12.820000 66.263460
12.830000 66.097625
12.840000 65.931780
12.850000 65.765928
12.860000 65.600073
12.870000 65.434219
12.880000 65.268368
12.890000 65.102526
12.900000 64.936694
12.910000 64.770877
12.920000 64.605079
12.930000 64.439302
12.940000 64.273550
12.950000 64.107826
12.960000 63.942134
12.970000 63.776478
12.980000 63.610860
12.990000 63.445283
13.000000 63.279752
13.010000 63.114270
13.020000 62.948839
13.030000 62.783462
13.040000 62.618144
13.050000 62.452887
13.060000 62.287695
13.070000 62.122570
13.080000 61.957515
13.090000 61.792534
13.100000 61.627630
13.110000 61.462806
13.120000 61.298065
13.130000 61.133409
13.140000 60.968842
13.150000 60.804366
13.160000 60.639985
13.170000 60.475702
13.180000 60.311519
13.190000 60.147439
13.200000 59.983465
13.210000 59.819600
13.220000 59.655846
13.230000 59.492207
13.240000 59.328684
13.250000 59.165282
13.260000 59.002002
13.270000 58.838847
13.280000 58.675820
13.290000 58.512923
13.300000 58.350159
13.310000 58.187530
13.320000 58.025040
13.330000 57.862690
13.340000 57.700483
13.350000 57.538422
13.360000 57.376509
13.370000 57.214747
13.380000 57.053137
13.390000 56.891683
13.400000 56.730386
13.410000 56.569249
13.420000 56.408275
13.430000 56.247465
13.440000 56.086822
13.450000 55.926349
13.460000 55.766047
13.470000 55.605918
13.480000 55.445966
13.490000 55.286191
13.500000 55.126597
13.510000 54.967185
13.520000 54.807957
13.530000 54.648916
13.540000 54.490064
13.550000 54.331402
13.560000 54.172933
13.570000 54.014659
13.580000 53.856582
13.590000 53.698703
13.600000 53.541024
13.610000 53.383549
13.620000 53.226277
13.630000 53.069213
13.640000 52.912356
13.650000 52.755709
13.660000 52.599275
13.670000 52.443054
13.680000 52.287048
13.690000 52.131260
13.700000 51.975691
13.710000 51.820342
13.720000 51.665216
13.730000 51.510315
13.740000 51.355639
13.750000 51.201190
13.760000 51.046971
13.770000 50.892982
13.780000 50.739226
13.790000 50.585703
13.800000 50.432416
13.810000 50.279366
13.820000 50.126555
13.830000 49.973984
13.840000 49.821654
13.850000 49.669567
13.860000 49.517724
13.870000 49.366128
13.880000 49.214778
13.890000 49.063678
13.900000 48.912827
13.910000 48.762228
13.920000 48.611881
13.930000 48.461789
13.940000 48.311952
13.950000 48.162372
13.960000 48.013049
13.970000 47.863986
13.980000 47.715184
13.990000 47.566642
14.000000 47.418364
14.010000 47.270350
14.020000 47.122601
14.030000 46.975119
14.040000 46.827903
14.050000 46.680957
14.060000 46.534280
14.070000 46.387875
14.080000 46.241741
14.090000 46.095880
14.100000 45.950293
14.110000 45.804981
14.120000 45.659945
14.130000 45.515186
14.140000 45.370705
14.150000 45.226503
14.160000 45.082581
14.170000 44.938940
14.180000 44.795580
14.190000 44.652504
14.200000 44.509711
14.210000 44.367202
14.220000 44.224978
14.230000 44.083041
14.240000 43.941391
14.250000 43.800028
14.260000 43.658954
14.270000 43.518169
14.280000 43.377675
14.290000 43.237471
14.300000 43.097559
14.310000 42.957939
14.320000 42.818612
14.330000 42.679580
14.340000 42.540841
14.350000 42.402398
14.360000 42.264250
14.370000 42.126399
14.380000 41.988845
14.390000 41.851589
14.400000 41.714630
14.410000 41.577971
14.420000 41.441611
14.430000 41.305552
14.440000 41.169793
14.450000 41.034335
14.460000 40.899178
14.470000 40.764324
14.480000 40.629773
14.490000 40.495524
14.500000 40.361580
14.510000 40.227939
14.520000 40.094603
14.530000 39.961572
14.540000 39.828847
14.550000 39.696427
14.560000 39.564314
14.570000 39.432507
14.580000 39.301007
14.590000 39.169815
14.600000 39.038931
14.610000 38.908355
14.620000 38.778087
14.630000 38.648128
14.640000 38.518478
14.650000 38.389138
14.660000 38.260107
14.670000 38.131387
14.680000 38.002977
14.690000 37.874877
14.700000 37.747088
14.710000 37.619610
14.720000 37.492444
14.730000 37.365589
14.740000 37.239046
14.750000 37.112815
14.760000 36.986896
14.770000 36.861289
14.780000 36.735994
14.790000 36.611013
14.800000 36.486344
14.810000 36.361988
14.820000 36.237945
14.830000 36.114216
14.840000 35.990800
14.850000 35.867697
14.860000 35.744907
14.870000 35.622432
14.880000 35.500270
14.890000 35.378422
14.900000 35.256887
14.910000 35.135667
14.920000 35.014760
14.930000 34.894168
14.940000 34.773889
14.950000 34.653925
14.960000 34.534274
14.970000 34.414937
14.980000 34.295915
14.990000 34.177206
15.000000 34.058812
15.010000 33.940731
15.020000 33.822964
15.030000 33.705512
15.040000 33.588372
15.050000 33.471547
15.060000 33.355035
15.070000 33.238837
15.080000 33.122953
15.090000 33.007382
15.100000 32.892124
15.110000 32.777179
15.120000 32.662547
15.130000 32.548229
15.140000 32.434223
15.150000 32.320530
15.160000 32.207149
15.170000 32.094081
15.180000 31.981325
15.190000 31.868882
15.200000 31.756750
15.210000 31.644930
15.220000 31.533421
15.230000 31.422224
15.240000 31.311338
15.250000 31.200763
15.260000 31.090498
15.270000 30.980544
15.280000 30.870901
15.290000 30.761567
15.300000 30.652544
15.310000 30.543830
15.320000 30.435425
15.330000 30.327330
15.340000 30.219543
15.350000 30.112065
15.360000 30.004895
15.370000 29.898034
15.380000 29.791480
15.390000 29.685233
15.400000 29.579294
15.410000 29.473662
15.420000 29.368336
15.430000 29.263316
15.440000 29.158603
15.450000 29.054195
15.460000 28.950093
15.470000 28.846295
15.480000 28.742802
15.490000 28.639614
15.500000 28.536729
15.510000 28.434148
15.520000 28.331870
15.530000 28.229896
15.540000 28.128224
15.550000 28.026854
15.560000 27.925786
15.570000 27.825019
15.580000 27.724553
15.590000 27.624389
15.600000 27.524524
15.610000 27.424959
15.620000 27.325694
15.630000 27.226728
15.640000 27.128061
15.650000 27.029692
15.660000 26.931621
15.670000 26.833847
15.680000 26.736371
15.690000 26.639191
15.700000 26.542307
15.710000 26.445719
15.720000 26.349426
15.730000 26.253428
15.740000 26.157725
15.750000 26.062316
15.760000 25.967200
15.770000 25.872377
15.780000 25.777847
15.790000 25.683609
15.800000 25.589663
15.810000 25.496008
15.820000 25.402644
15.830000 25.309570
15.840000 25.216786
15.850000 25.124291
15.860000 25.032085
15.870000 24.940168
15.880000 24.848538
15.890000 24.757196
15.900000 24.666140
15.910000 24.575371
15.920000 24.484888
15.930000 24.394691
15.940000 24.304778
15.950000 24.215150
15.960000 24.125805
15.970000 24.036744
15.980000 23.947966
15.990000 23.859470
16.000000 23.771255
16.010000 23.683322
16.020000 23.595670
16.030000 23.508298
16.040000 23.421206
16.050000 23.334393
16.060000 23.247858
16.070000 23.161602
16.080000 23.075623
16.090000 22.989921
16.100000 22.904495
16.110000 22.819346
16.120000 22.734471
16.130000 22.649872
16.140000 22.565547
16.150000 22.481495
16.160000 22.397717
16.170000 22.314211
16.180000 22.230977
16.190000 22.148015
16.200000 22.065323
16.210000 21.982902
16.220000 21.900751
16.230000 21.818869
16.240000 21.737255
16.250000 21.655910
16.260000 21.574832
16.270000 21.494021
16.280000 21.413476
16.290000 21.333197
16.300000 21.253184
16.310000 21.173434
16.320000 21.093949
16.330000 21.014727
16.340000 20.935768
16.350000 20.857072
16.360000 20.778637
16.370000 20.700463
16.380000 20.622549
16.390000 20.544896
16.400000 20.467502
16.410000 20.390366
16.420000 20.313489
16.430000 20.236869
16.440000 20.160506
16.450000 20.084400
16.460000 20.008549
16.470000 19.932953
16.480000 19.857612
16.490000 19.782525
16.500000 19.707691
16.510000 19.633110
16.520000 19.558781
16.530000 19.484703
16.540000 19.410877
16.550000 19.337300
16.560000 19.263974
16.570000 19.190896
16.580000 19.118068
16.590000 19.045487
16.600000 18.973153
16.610000 18.901066
16.620000 18.829225
16.630000 18.757629
16.640000 18.686278
16.650000 18.615172
16.660000 18.544309
16.670000 18.473689
16.680000 18.403312
16.690000 18.333176
16.700000 18.263282
16.710000 18.193628
16.720000 18.124214
16.730000 18.055039
16.740000 17.986103
16.750000 17.917405
16.760000 17.848945
16.770000 17.780721
16.780000 17.712734
16.790000 17.644982
16.800000 17.577466
16.810000 17.510184
16.820000 17.443135
16.830000 17.376320
16.840000 17.309737
16.850000 17.243387
16.860000 17.177267
16.870000 17.111378
16.880000 17.045720
16.890000 16.980291
16.900000 16.915090
16.910000 16.850118
16.920000 16.785374
16.930000 16.720857
16.940000 16.656566
16.950000 16.592500
16.960000 16.528660
16.970000 16.465045
16.980000 16.401653
16.990000 16.338485
17.000000 16.275539
17.010000 16.212816
17.020000 16.150314
17.030000 16.088032
17.040000 16.025972
17.050000 15.964130
17.060000 15.902508
17.070000 15.841104
17.080000 15.779918
17.090000 15.718949
17.100000 15.658197
17.110000 15.597660
17.120000 15.537339
17.130000 15.477233
17.140000 15.417340
17.150000 15.357662
17.160000 15.298196
17.170000 15.238942
17.180000 15.179900
17.190000 15.121069
17.200000 15.062449
17.210000 15.004038
17.220000 14.945837
17.230000 14.887844
17.240000 14.830060
17.250000 14.772482
17.260000 14.715112
17.270000 14.657948
17.280000 14.600989
17.290000 14.544236
17.300000 14.487687
17.310000 14.431341
17.320000 14.375199
17.330000 14.319259
17.340000 14.263522
17.350000 14.207986
17.360000 14.152650
17.370000 14.097515
17.380000 14.042579
17.390000 13.987843
17.400000 13.933305
17.410000 13.878964
17.420000 13.824821
17.430000 13.770875
17.440000 13.717124
17.450000 13.663569
17.460000 13.610209
17.470000 13.557043
17.480000 13.504070
17.490000 13.451291
17.500000 13.398704
17.510000 13.346310
17.520000 13.294106
17.530000 13.242093
17.540000 13.190271
17.550000 13.138637
17.560000 13.087193
17.570000 13.035938
17.580000 12.984870
17.590000 12.933989
17.600000 12.883295
17.610000 12.832787
17.620000 12.782464
17.630000 12.732327
17.640000 12.682373
17.650000 12.632604
17.660000 12.583017
17.670000 12.533614
17.680000 12.484392
17.690000 12.435352
17.700000 12.386492
17.710000 12.337813
17.720000 12.289314
17.730000 12.240994
17.740000 12.192852
17.750000 12.144889
17.760000 12.097103
17.770000 12.049494
17.780000 12.002061
17.790000 11.954804
17.800000 11.907723
17.810000 11.860816
17.820000 11.814083
17.830000 11.767523
17.840000 11.721137
17.850000 11.674923
17.860000 11.628881
17.870000 11.583011
17.880000 11.537311
17.890000 11.491781
17.900000 11.446421
17.910000 11.401230
17.920000 11.356208
17.930000 11.311354
17.940000 11.266667
17.950000 11.222147
17.960000 11.177794
17.970000 11.133607
17.980000 11.089584
17.990000 11.045727
18.000000 11.002034
18.010000 10.958504
18.020000 10.915138
18.030000 10.871934
18.040000 10.828892
18.050000 10.786012
18.060000 10.743293
18.070000 10.700734
18.080000 10.658336
18.090000 10.616096
18.100000 10.574016
18.110000 10.532094
18.120000 10.490330
18.130000 10.448723
18.140000 10.407273
18.150000 10.365979
18.160000 10.324841
18.170000 10.283859
18.180000 10.243030
18.190000 10.202357
18.200000 10.161836
18.210000 10.121469
18.220000 10.081255
18.230000 10.041192
18.240000 10.001282
18.250000 9.961522
18.260000 9.921913
18.270000 9.882454
18.280000 9.843145
18.290000 9.803985
18.300000 9.764973
18.310000 9.726109
18.320000 9.687393
18.330000 9.648824
18.340000 9.610402
18.350000 9.572126
18.360000 9.533995
18.370000 9.496009
18.380000 9.458168
18.390000 9.420471
18.400000 9.382917
18.410000 9.345507
18.420000 9.308239
18.430000 9.271113
18.440000 9.234129
18.450000 9.197286
18.460000 9.160584
18.470000 9.124022
18.480000 9.087600
18.490000 9.051316
18.500000 9.015172
18.510000 8.979165
18.520000 8.943297
18.530000 8.907566
18.540000 8.871971
18.550000 8.836513
18.560000 8.801191
18.570000 8.766004
18.580000 8.730952
18.590000 8.696035
18.600000 8.661251
18.610000 8.626601
18.620000 8.592085
18.630000 8.557700
18.640000 8.523448
18.650000 8.489328
18.660000 8.455338
18.670000 8.421480
18.680000 8.387751
18.690000 8.354153
18.700000 8.320684
18.710000 8.287343
18.720000 8.254132
18.730000 8.221048
18.740000 8.188092
18.750000 8.155262
18.760000 8.122560
18.770000 8.089984
18.780000 8.057533
18.790000 8.025208
18.800000 7.993008
18.810000 7.960932
18.820000 7.928980
18.830000 7.897152
18.840000 7.865446
18.850000 7.833864
18.860000 7.802403
18.870000 7.771065
18.880000 7.739848
18.890000 7.708751
18.900000 7.677776
18.910000 7.646920
18.920000 7.616184
18.930000 7.585567
18.940000 7.555069
18.950000 7.524689
18.960000 7.494428
18.970000 7.464284
18.980000 7.434256
18.990000 7.404346
19.000000 7.374552
19.010000 7.344873
19.020000 7.315311
19.030000 7.285863
19.040000 7.256529
19.050000 7.227310
19.060000 7.198205
19.070000 7.169213
19.080000 7.140334
19.090000 7.111567
19.100000 7.082913
19.110000 7.054370
19.120000 7.025938
19.130000 6.997618
19.140000 6.969408
19.150000 6.941308
19.160000 6.913318
19.170000 6.885437
19.180000 6.857665
19.190000 6.830002
19.200000 6.802446
19.210000 6.774999
19.220000 6.747659
19.230000 6.720425
19.240000 6.693299
19.250000 6.666278
19.260000 6.639363
19.270000 6.612554
19.280000 6.585850
19.290000 6.559250
19.300000 6.532754
19.310000 6.506363
19.320000 6.480074
19.330000 6.453889
19.340000 6.427807
19.350000 6.401827
19.360000 6.375949
19.370000 6.350172
19.380000 6.324497
19.390000 6.298923
19.400000 6.273449
19.410000 6.248075
19.420000 6.222801
19.430000 6.197626
19.440000 6.172550
19.450000 6.147573
19.460000 6.122694
19.470000 6.097913
19.480000 6.073230
19.490000 6.048644
19.500000 6.024154
19.510000 5.999761
19.520000 5.975464
19.530000 5.951263
19.540000 5.927158
19.550000 5.903147
19.560000 5.879231
19.570000 5.855409
19.580000 5.831682
19.590000 5.808048
19.600000 5.784507
19.610000 5.761059
19.620000 5.737704
19.630000 5.714441
19.640000 5.691270
19.650000 5.668190
19.660000 5.645202
19.670000 5.622304
19.680000 5.599497
19.690000 5.576781
19.700000 5.554154
19.710000 5.531616
19.720000 5.509168
19.730000 5.486809
19.740000 5.464538
19.750000 5.442356
19.760000 5.420261
19.770000 5.398254
19.780000 5.376334
19.790000 5.354500
19.800000 5.332754
19.810000 5.311093
19.820000 5.289519
19.830000 5.268030
19.840000 5.246626
19.850000 5.225308
19.860000 5.204073
19.870000 5.182924
19.880000 5.161858
19.890000 5.140875
19.900000 5.119976
19.910000 5.099161
19.920000 5.078427
19.930000 5.057777
19.940000 5.037208
19.950000 5.016721
19.960000 4.996316
19.970000 4.975991
19.980000 4.955748
19.990000 4.935585
20.000000 4.915502
20.010000 4.895500
20.020000 4.875576
20.030000 4.855733
20.040000 4.835968
20.050000 4.816282
20.060000 4.796674
20.070000 4.777145
20.080000 4.757693
20.090000 4.738319
20.100000 4.719022
20.110000 4.699802
20.120000 4.680659
20.130000 4.661592
20.140000 4.642601
20.150000 4.623686
20.160000 4.604846
20.170000 4.586082
20.180000 4.567392
20.190000 4.548778
20.200000 4.530237
20.210000 4.511771
20.220000 4.493378
20.230000 4.475059
20.240000 4.456813
20.250000 4.438640
20.260000 4.420539
20.270000 4.402511
20.280000 4.384555
20.290000 4.366671
20.300000 4.348858
20.310000 4.331117
20.320000 4.313447
20.330000 4.295847
20.340000 4.278318
20.350000 4.260859
20.360000 4.243470
20.370000 4.226151
20.380000 4.208901
20.390000 4.191720
20.400000 4.174608
20.410000 4.157564
20.420000 4.140589
20.430000 4.123682
20.440000 4.106842
20.450000 4.090070
20.460000 4.073366
20.470000 4.056728
20.480000 4.040157
20.490000 4.023653
20.500000 4.007215
20.510000 3.990843
20.520000 3.974536
20.530000 3.958295
20.540000 3.942119
20.550000 3.926009
20.560000 3.909963
20.570000 3.893981
20.580000 3.878063
20.590000 3.862210
20.600000 3.846420
20.610000 3.830694
20.620000 3.815031
20.630000 3.799431
20.640000 3.783893
20.650000 3.768418
20.660000 3.753006
20.670000 3.737655
20.680000 3.722366
20.690000 3.707139
20.700000 3.691973
20.710000 3.676868
20.720000 3.661824
20.730000 3.646840
20.740000 3.631917
20.750000 3.617053
20.760000 3.602250
20.770000 3.587506
20.780000 3.572822
20.790000 3.558197
20.800000 3.543630
20.810000 3.529123
20.820000 3.514674
20.830000 3.500283
20.840000 3.485950
20.850000 3.471675
20.860000 3.457458
20.870000 3.443298
20.880000 3.429195
20.890000 3.415149
20.900000 3.401160
20.910000 3.387227
20.920000 3.373350
20.930000 3.359529
20.940000 3.345764
20.950000 3.332055
20.960000 3.318401
20.970000 3.304802
20.980000 3.291259
20.990000 3.277769
21.000000 3.264335
21.010000 3.250954
21.020000 3.237628
21.030000 3.224356
21.040000 3.211137
21.050000 3.197972
21.060000 3.184859
21.070000 3.171800
21.080000 3.158794
21.090000 3.145840
21.100000 3.132939
21.110000 3.120090
21.120000 3.107293
21.130000 3.094547
21.140000 3.081854
21.150000 3.069211
21.160000 3.056620
21.170000 3.044080
21.180000 3.031590
21.190000 3.019151
21.200000 3.006763
21.210000 2.994424
21.220000 2.982136
21.230000 2.969897
21.240000 2.957708
21.250000 2.945568
21.260000 2.933478
21.270000 2.921437
21.280000 2.909444
21.290000 2.897500
21.300000 2.885604
21.310000 2.873757
21.320000 2.861957
21.330000 2.850206
21.340000 2.838502
21.350000 2.826845
21.360000 2.815236
21.370000 2.803674
21.380000 2.792159
21.390000 2.780691
21.400000 2.769269
21.410000 2.757893
21.420000 2.746564
21.430000 2.735281
21.440000 2.724043
21.450000 2.712851
21.460000 2.701705
21.470000 2.690603
21.480000 2.679547
21.490000 2.668536
21.500000 2.657570
21.510000 2.646648
21.520000 2.635770
21.530000 2.624937
21.540000 2.614147
21.550000 2.603402
21.560000 2.592700
21.570000 2.582042
21.580000 2.571427
21.590000 2.560855
21.600000 2.550326
21.610000 2.539840
21.620000 2.529396
21.630000 2.518996
21.640000 2.508637
21.650000 2.498320
21.660000 2.488046
21.670000 2.477813
21.680000 2.467622
21.690000 2.457472
21.700000 2.447364
21.710000 2.437297
21.720000 2.427271
21.730000 2.417285
21.740000 2.407341
21.750000 2.397436
21.760000 2.387572
21.770000 2.377749
21.780000 2.367965
21.790000 2.358221
21.800000 2.348517
21.810000 2.338852
21.820000 2.329227
21.830000 2.319641
21.840000 2.310094
21.850000 2.300586
21.860000 2.291116
21.870000 2.281685
21.880000 2.272293
21.890000 2.262939
21.900000 2.253623
21.910000 2.244345
21.920000 2.235105
21.930000 2.225902
21.940000 2.216738
21.950000 2.207610
21.960000 2.198520
21.970000 2.189466
21.980000 2.180450
21.990000 2.171471
22.000000 2.162528
22.010000 2.153621
22.020000 2.144751
22.030000 2.135917
22.040000 2.127120
22.050000 2.118358
22.060000 2.109631
22.070000 2.100941
22.080000 2.092286
22.090000 2.083666
22.100000 2.075082
22.110000 2.066532
22.120000 2.058018
22.130000 2.049538
22.140000 2.041093
22.150000 2.032682
22.160000 2.024306
22.170000 2.015964
22.180000 2.007656
22.190000 1.999382
22.200000 1.991141
22.210000 1.982935
22.220000 1.974762
22.230000 1.966622
22.240000 1.958516
22.250000 1.950442
22.260000 1.942402
22.270000 1.934395
22.280000 1.926420
22.290000 1.918478
22.300000 1.910569
22.310000 1.902691
22.320000 1.894846
22.330000 1.887034
22.340000 1.879253
22.350000 1.871503
22.360000 1.863786
22.370000 1.856100
22.380000 1.848446
22.390000 1.840823
22.400000 1.833231
22.410000 1.825670
22.420000 1.818140
22.430000 1.810641
22.440000 1.803172
22.450000 1.795735
22.460000 1.788327
22.470000 1.780950
22.480000 1.773603
22.490000 1.766286
22.500000 1.759000
22.510000 1.751743
22.520000 1.744515
22.530000 1.737318
22.540000 1.730149
22.550000 1.723011
22.560000 1.715901
22.570000 1.708821
22.580000 1.701769
22.590000 1.694746
22.600000 1.687753
22.610000 1.680787
22.620000 1.673851
22.630000 1.666943
22.640000 1.660063
22.650000 1.653211
22.660000 1.646387
22.670000 1.639592
22.680000 1.632824
22.690000 1.626084
22.700000 1.619371
22.710000 1.612686
22.720000 1.606029
22.730000 1.599399
22.740000 1.592796
22.750000 1.586220
22.760000 1.579671
22.770000 1.573149
22.780000 1.566653
22.790000 1.560184
22.800000 1.553742
22.810000 1.547326
22.820000 1.540937
22.830000 1.534574
22.840000 1.528237
22.850000 1.521925
22.860000 1.515640
22.870000 1.509381
22.880000 1.503147
22.890000 1.496939
22.900000 1.490756
22.910000 1.484599
22.920000 1.478466
22.930000 1.472360
22.940000 1.466278
22.950000 1.460221
22.960000 1.454189
22.970000 1.448182
22.980000 1.442199
22.990000 1.436241
23.000000 1.430307
23.010000 1.424398
23.020000 1.418513
23.030000 1.412652
23.040000 1.406816
23.050000 1.401003
23.060000 1.395214
23.070000 1.389449
23.080000 1.383708
23.090000 1.377990
23.100000 1.372295
23.110000 1.366625
23.120000 1.360977
23.130000 1.355353
23.140000 1.349751
23.150000 1.344173
23.160000 1.338618
23.170000 1.333085
23.180000 1.327575
23.190000 1.322088
23.200000 1.316623
23.210000 1.311181
23.220000 1.305761
23.230000 1.300364
23.240000 1.294989
23.250000 1.289635
23.260000 1.284304
23.270000 1.278995
23.280000 1.273707
23.290000 1.268442
23.300000 1.263198
23.310000 1.257975
23.320000 1.252774
23.330000 1.247594
23.340000 1.242436
23.350000 1.237299
23.360000 1.232183
23.370000 1.227088
23.380000 1.222014
23.390000 1.216961
23.400000 1.211929
23.410000 1.206917
23.420000 1.201926
23.430000 1.196955
23.440000 1.192005
23.450000 1.187076
23.460000 1.182166
23.470000 1.177277
23.480000 1.172408
23.490000 1.167559
23.500000 1.162730
23.510000 1.157921
23.520000 1.153131
23.530000 1.148362
23.540000 1.143612
23.550000 1.138881
23.560000 1.134170
23.570000 1.129479
23.580000 1.124806
23.590000 1.120153
23.600000 1.115519
23.610000 1.110904
23.620000 1.106308
23.630000 1.101732
23.640000 1.097174
23.650000 1.092634
23.660000 1.088114
23.670000 1.083612
23.680000 1.079128
23.690000 1.074663
23.700000 1.070217
23.710000 1.065788
23.720000 1.061378
23.730000 1.056986
23.740000 1.052613
23.750000 1.048257
23.760000 1.043919
23.770000 1.039599
23.780000 1.035297
23.790000 1.031013
23.800000 1.026746
23.810000 1.022497
23.820000 1.018265
23.830000 1.014051
23.840000 1.009854
23.850000 1.005674
23.860000 1.001512
23.870000 0.997367
23.880000 0.993238
23.890000 0.989127
23.900000 0.985033
23.910000 0.980956
23.920000 0.976895
23.930000 0.972852
23.940000 0.968825
23.950000 0.964814
23.960000 0.960820
23.970000 0.956843
23.980000 0.952882
23.990000 0.948937
24.000000 0.945009
24.010000 0.941096
24.020000 0.937200
24.030000 0.933320
24.040000 0.929456
24.050000 0.925608
24.060000 0.921776
24.070000 0.917959
24.080000 0.914158
24.090000 0.910373
24.100000 0.906604
24.110000 0.902850
24.120000 0.899112
24.130000 0.895389
24.140000 0.891681
24.150000 0.887989
24.160000 0.884312
24.170000 0.880650
24.180000 0.877003
24.190000 0.873371
24.200000 0.869754
24.210000 0.866152
24.220000 0.862565
24.230000 0.858993
24.240000 0.855436
24.250000 0.851893
24.260000 0.848365
24.270000 0.844851
24.280000 0.841352
24.290000 0.837867
24.300000 0.834397
24.310000 0.830941
24.320000 0.827499
24.330000 0.824072
24.340000 0.820659
24.350000 0.817259
24.360000 0.813874
24.370000 0.810503
24.380000 0.807145
24.390000 0.803802
24.400000 0.800472
24.410000 0.797156
24.420000 0.793854
24.430000 0.790566
24.440000 0.787291
24.450000 0.784029
24.460000 0.780781
24.470000 0.777546
24.480000 0.774325
24.490000 0.771117
24.500000 0.767922
24.510000 0.764741
24.520000 0.761572
24.530000 0.758417
24.540000 0.755275
24.550000 0.752146
24.560000 0.749029
24.570000 0.745926
24.580000 0.742835
24.590000 0.739757
24.600000 0.736692
24.610000 0.733639
24.620000 0.730599
24.630000 0.727572
24.640000 0.724557
24.650000 0.721555
24.660000 0.718565
24.670000 0.715587
24.680000 0.712622
24.690000 0.709669
24.700000 0.706728
24.710000 0.703799
24.720000 0.700882
24.730000 0.697978
24.740000 0.695085
24.750000 0.692205
24.760000 0.689336
24.770000 0.686479
24.780000 0.683634
24.790000 0.680801
24.800000 0.677979
24.810000 0.675169
24.820000 0.672371
24.830000 0.669584
24.840000 0.666809
24.850000 0.664045
24.860000 0.661292
24.870000 0.658551
24.880000 0.655822
24.890000 0.653103
24.900000 0.650396
24.910000 0.647700
24.920000 0.645016
24.930000 0.642342
24.940000 0.639679
24.950000 0.637028
24.960000 0.634387
24.970000 0.631757
24.980000 0.629138
24.990000 0.626530
25.000000 0.623933
25.010000 0.621346
25.020000 0.618770
25.030000 0.616205
25.040000 0.613651
25.050000 0.611107
25.060000 0.608573
25.070000 0.606050
25.080000 0.603537
25.090000 0.601035
25.100000 0.598543
25.110000 0.596062
25.120000 0.593591
25.130000 0.591129
25.140000 0.588679
25.150000 0.586238
25.160000 0.583807
25.170000 0.581387
25.180000 0.578976
25.190000 0.576575
25.200000 0.574185
25.210000 0.571804
25.220000 0.569433
25.230000 0.567072
25.240000 0.564720
25.250000 0.562379
25.260000 0.560047
25.270000 0.557724
25.280000 0.555412
25.290000 0.553109
25.300000 0.550815
25.310000 0.548531
25.320000 0.546256
25.330000 0.543991
25.340000 0.541735
25.350000 0.539488
25.360000 0.537251
25.370000 0.535023
25.380000 0.532804
25.390000 0.530595
25.400000 0.528394
25.410000 0.526203
25.420000 0.524021
25.430000 0.521847
25.440000 0.519683
25.450000 0.517528
25.460000 0.515381
25.470000 0.513244
25.480000 0.511115
25.490000 0.508995
25.500000 0.506884
25.510000 0.504782
25.520000 0.502688
25.530000 0.500603
25.540000 0.498527
25.550000 0.496459
25.560000 0.494400
25.570000 0.492349
25.580000 0.490307
25.590000 0.488273
25.600000 0.486248
25.610000 0.484231
25.620000 0.482222
25.630000 0.480222
25.640000 0.478230
25.650000 0.476246
25.660000 0.474271
25.670000 0.472304
25.680000 0.470344
25.690000 0.468393
25.700000 0.466450
25.710000 0.464515
25.720000 0.462588
25.730000 0.460669
25.740000 0.458758
25.750000 0.456855
25.760000 0.454960
25.770000 0.453073
25.780000 0.451193
25.790000 0.449321
25.800000 0.447457
25.810000 0.445601
25.820000 0.443752
25.830000 0.441911
25.840000 0.440078
25.850000 0.438252
25.860000 0.436434
25.870000 0.434623
25.880000 0.432820
25.890000 0.431024
25.900000 0.429236
25.910000 0.427455
25.920000 0.425682
25.930000 0.423915
25.940000 0.422157
25.950000 0.420405
25.960000 0.418661
25.970000 0.416924
25.980000 0.415194
25.990000 0.413471
26.000000 0.411755
26.010000 0.410047
26.020000 0.408346
26.030000 0.406651
26.040000 0.404964
26.050000 0.403283
26.060000 0.401610
26.070000 0.399944
26.080000 0.398284
26.090000 0.396631
26.100000 0.394986
26.110000 0.393347
26.120000 0.391714
26.130000 0.390089
26.140000 0.388470
26.150000 0.386858
26.160000 0.385253
26.170000 0.383654
26.180000 0.382062
26.190000 0.380477
26.200000 0.378898
26.210000 0.377325
26.220000 0.375760
26.230000 0.374200
26.240000 0.372647
26.250000 0.371101
26.260000 0.369561
26.270000 0.368027
26.280000 0.366500
26.290000 0.364979
26.300000 0.363464
26.310000 0.361956
26.320000 0.360454
26.330000 0.358958
26.340000 0.357468
26.350000 0.355984
26.360000 0.354507
26.370000 0.353036
26.380000 0.351570
26.390000 0.350111
26.400000 0.348658
26.410000 0.347211
26.420000 0.345770
26.430000 0.344335
26.440000 0.342906
26.450000 0.341483
26.460000 0.340065
26.470000 0.338654
26.480000 0.337248
26.490000 0.335849
26.500000 0.334455
26.510000 0.333066
26.520000 0.331684
26.530000 0.330307
26.540000 0.328936
26.550000 0.327571
26.560000 0.326211
26.570000 0.324857
26.580000 0.323509
26.590000 0.322166
26.600000 0.320829
26.610000 0.319497
26.620000 0.318171
26.630000 0.316850
26.640000 0.315535
26.650000 0.314225
26.660000 0.312921
26.670000 0.311622
26.680000 0.310328
26.690000 0.309040
26.700000 0.307757
26.710000 0.306480
26.720000 0.305208
26.730000 0.303941
26.740000 0.302679
26.750000 0.301423
26.760000 0.300171
26.770000 0.298925
26.780000 0.297684
26.790000 0.296449
26.800000 0.295218
26.810000 0.293992
26.820000 0.292772
26.830000 0.291557
26.840000 0.290346
26.850000 0.289141
26.860000 0.287941
26.870000 0.286745
26.880000 0.285555
26.890000 0.284369
26.900000 0.283189
26.910000 0.282013
26.920000 0.280842
26.930000 0.279676
26.940000 0.278515
26.950000 0.277359
26.960000 0.276208
26.970000 0.275061
26.980000 0.273919
26.990000 0.272782
27.000000 0.271649
27.010000 0.270521
27.020000 0.269398
27.030000 0.268280
27.040000 0.267166
27.050000 0.266057
27.060000 0.264952
27.070000 0.263852
27.080000 0.262757
27.090000 0.261666
27.100000 0.260579
27.110000 0.259497
27.120000 0.258420
27.130000 0.257347
27.140000 0.256279
27.150000 0.255215
27.160000 0.254155
27.170000 0.253100
27.180000 0.252049
27.190000 0.251002
27.200000 0.249960
27.210000 0.248922
27.220000 0.247889
27.230000 0.246859
27.240000 0.245834
27.250000 0.244814
27.260000 0.243797
27.270000 0.242785
27.280000 0.241777
27.290000 0.240773
27.300000 0.239773
27.310000 0.238778
27.320000 0.237786
27.330000 0.236799
27.340000 0.235815
27.350000 0.234836
27.360000 0.233861
27.370000 0.232890
27.380000 0.231923
27.390000 0.230960
27.400000 0.230001
27.410000 0.229046
27.420000 0.228095
27.430000 0.227148
27.440000 0.226204
27.450000 0.225265
27.460000 0.224330
27.470000 0.223398
27.480000 0.222471
27.490000 0.221547
27.500000 0.220627
27.510000 0.219711
27.520000 0.218798
27.530000 0.217890
27.540000 0.216985
27.550000 0.216084
27.560000 0.215186
27.570000 0.214293
27.580000 0.213403
27.590000 0.212517
27.600000 0.211634
27.610000 0.210755
27.620000 0.209880
27.630000 0.209009
27.640000 0.208141
27.650000 0.207276
27.660000 0.206415
27.670000 0.205558
27.680000 0.204705
27.690000 0.203854
27.700000 0.203008
27.710000 0.202165
27.720000 0.201325
27.730000 0.200489
27.740000 0.199657
27.750000 0.198827
27.760000 0.198002
27.770000 0.197179
27.780000 0.196360
27.790000 0.195545
27.800000 0.194733
27.810000 0.193924
27.820000 0.193119
27.830000 0.192317
27.840000 0.191518
27.850000 0.190723
27.860000 0.189931
27.870000 0.189142
27.880000 0.188356
27.890000 0.187574
27.900000 0.186795
27.910000 0.186019
27.920000 0.185247
27.930000 0.184477
27.940000 0.183711
27.950000 0.182948
27.960000 0.182188
27.970000 0.181432
27.980000 0.180678
27.990000 0.179928
28.000000 0.179180
28.010000 0.178436
28.020000 0.177695
28.030000 0.176957
28.040000 0.176222
28.050000 0.175490
28.060000 0.174761
28.070000 0.174035
28.080000 0.173313
28.090000 0.172593
28.100000 0.171876
28.110000 0.171162
28.120000 0.170451
28.130000 0.169743
28.140000 0.169038
28.150000 0.168336
28.160000 0.167637
28.170000 0.166941
28.180000 0.166247
28.190000 0.165557
28.200000 0.164869
28.210000 0.164184
28.220000 0.163502
28.230000 0.162823
28.240000 0.162147
28.250000 0.161473
28.260000 0.160803
28.270000 0.160135
28.280000 0.159470
28.290000 0.158807
28.300000 0.158148
28.310000 0.157491
28.320000 0.156837
28.330000 0.156185
28.340000 0.155536
28.350000 0.154890
28.360000 0.154247
28.370000 0.153606
28.380000 0.152968
28.390000 0.152333
28.400000 0.151700
28.410000 0.151070
28.420000 0.150442
28.430000 0.149817
28.440000 0.149195
28.450000 0.148575
28.460000 0.147958
28.470000 0.147344
28.480000 0.146732
28.490000 0.146122
28.500000 0.145515
28.510000 0.144911
28.520000 0.144309
28.530000 0.143709
28.540000 0.143112
28.550000 0.142518
28.560000 0.141926
28.570000 0.141336
28.580000 0.140749
28.590000 0.140165
28.600000 0.139582
28.610000 0.139002
28.620000 0.138425
28.630000 0.137850
28.640000 0.137277
28.650000 0.136707
28.660000 0.136139
28.670000 0.135574
28.680000 0.135011
28.690000 0.134450
28.700000 0.133891
28.710000 0.133335
28.720000 0.132781
28.730000 0.132230
28.740000 0.131680
28.750000 0.131133
28.760000 0.130588
28.770000 0.130046
28.780000 0.129506
28.790000 0.128968
28.800000 0.128432
28.810000 0.127899
28.820000 0.127367
28.830000 0.126838
28.840000 0.126311
28.850000 0.125786
28.860000 0.125264
28.870000 0.124744
28.880000 0.124225
28.890000 0.123709
28.900000 0.123195
28.910000 0.122684
28.920000 0.122174
28.930000 0.121666
28.940000 0.121161
28.950000 0.120658
28.960000 0.120156
28.970000 0.119657
28.980000 0.119160
28.990000 0.118665
29.000000 0.118172
29.010000 0.117681
29.020000 0.117192
29.030000 0.116705
29.040000 0.116221
29.050000 0.115738
29.060000 0.115257
29.070000 0.114778
29.080000 0.114301
29.090000 0.113826
29.100000 0.113353
29.110000 0.112883
29.120000 0.112414
29.130000 0.111947
29.140000 0.111481
29.150000 0.111018
29.160000 0.110557
29.170000 0.110098
29.180000 0.109640
29.190000 0.109185
29.200000 0.108731
29.210000 0.108280
29.220000 0.107830
29.230000 0.107382
29.240000 0.106936
29.250000 0.106491
29.260000 0.106049
29.270000 0.105608
29.280000 0.105170
29.290000 0.104733
29.300000 0.104297
29.310000 0.103864
29.320000 0.103433
29.330000 0.103003
29.340000 0.102575
29.350000 0.102149
29.360000 0.101724
29.370000 0.101302
29.380000 0.100881
29.390000 0.100462
29.400000 0.100044
29.410000 0.099629
29.420000 0.099215
29.430000 0.098803
29.440000 0.098392
29.450000 0.097983
29.460000 0.097576
29.470000 0.097171
29.480000 0.096767
29.490000 0.096365
29.500000 0.095965
29.510000 0.095566
29.520000 0.095169
29.530000 0.094774
29.540000 0.094380
29.550000 0.093988
29.560000 0.093597
29.570000 0.093208
29.580000 0.092821
29.590000 0.092435
29.600000 0.092051
29.610000 0.091669
29.620000 0.091288
29.630000 0.090909
29.640000 0.090531
29.650000 0.090155
29.660000 0.089780
29.670000 0.089407
29.680000 0.089036
29.690000 0.088666
29.700000 0.088297
29.710000 0.087931
29.720000 0.087565
29.730000 0.087201
29.740000 0.086839
29.750000 0.086478
29.760000 0.086119
29.770000 0.085761
29.780000 0.085405
29.790000 0.085050
29.800000 0.084697
29.810000 0.084345
29.820000 0.083994
29.830000 0.083645
29.840000 0.083298
29.850000 0.082952
29.860000 0.082607
29.870000 0.082264
29.880000 0.081922
29.890000 0.081582
29.900000 0.081243
29.910000 0.080905
29.920000 0.080569
29.930000 0.080234
29.940000 0.079901
29.950000 0.079569
29.960000 0.079238
29.970000 0.078909
29.980000 0.078581
29.990000 0.078255
30.000000 0.077929
30.010000 0.077606
30.020000 0.077283
30.030000 0.076962
30.040000 0.076642
30.050000 0.076324
30.060000 0.076007
30.070000 0.075691
30.080000 0.075376
30.090000 0.075063
30.100000 0.074751
30.110000 0.074441
30.120000 0.074131
30.130000 0.073823
30.140000 0.073517
30.150000 0.073211
30.160000 0.072907
30.170000 0.072604
30.180000 0.072302
30.190000 0.072002
30.200000 0.071703
30.210000 0.071405
30.220000 0.071108
30.230000 0.070813
30.240000 0.070518
30.250000 0.070225
30.260000 0.069933
30.270000 0.069643
30.280000 0.069354
30.290000 0.069065
30.300000 0.068778
30.310000 0.068493
30.320000 0.068208
30.330000 0.067925
30.340000 0.067642
30.350000 0.067361
30.360000 0.067081
30.370000 0.066803
30.380000 0.066525
30.390000 0.066249
30.400000 0.065973
30.410000 0.065699
30.420000 0.065426
30.430000 0.065154
30.440000 0.064884
30.450000 0.064614
30.460000 0.064345
30.470000 0.064078
30.480000 0.063812
30.490000 0.063547
30.500000 0.063283
30.510000 0.063020
30.520000 0.062758
30.530000 0.062497
30.540000 0.062237
30.550000 0.061979
30.560000 0.061721
30.570000 0.061465
30.580000 0.061209
30.590000 0.060955
30.600000 0.060702
30.610000 0.060449
30.620000 0.060198
30.630000 0.059948
30.640000 0.059699
30.650000 0.059451
30.660000 0.059204
30.670000 0.058958
30.680000 0.058713
30.690000 0.058469
30.700000 0.058226
30.710000 0.057984
30.720000 0.057743
30.730000 0.057503
30.740000 0.057264
30.750000 0.057026
30.760000 0.056789
30.770000 0.056553
30.780000 0.056318
30.790000 0.056084
30.800000 0.055851
30.810000 0.055619
30.820000 0.055388
30.830000 0.055158
30.840000 0.054929
30.850000 0.054700
30.860000 0.054473
30.870000 0.054247
30.880000 0.054021
30.890000 0.053797
30.900000 0.053573
30.910000 0.053351
30.920000 0.053129
30.930000 0.052908
30.940000 0.052688
30.950000 0.052469
30.960000 0.052251
30.970000 0.052034
30.980000 0.051818
30.990000 0.051603
31.000000 0.051388
31.010000 0.051175
31.020000 0.050962
31.030000 0.050750
31.040000 0.050539
31.050000 0.050329
31.060000 0.050120
31.070000 0.049912
31.080000 0.049704
31.090000 0.049498
31.100000 0.049292
31.110000 0.049087
31.120000 0.048883
31.130000 0.048680
31.140000 0.048478
31.150000 0.048276
31.160000 0.048076
31.170000 0.047876
31.180000 0.047677
31.190000 0.047479
31.200000 0.047282
31.210000 0.047085
31.220000 0.046889
31.230000 0.046695
31.240000 0.046501
31.250000 0.046307
31.260000 0.046115
31.270000 0.045923
31.280000 0.045732
31.290000 0.045542
31.300000 0.045353
31.310000 0.045165
31.320000 0.044977
31.330000 0.044790
31.340000 0.044604
31.350000 0.044419
31.360000 0.044234
31.370000 0.044050
31.380000 0.043867
31.390000 0.043685
31.400000 0.043503
31.410000 0.043323
31.420000 0.043142
31.430000 0.042963
31.440000 0.042785
31.450000 0.042607
31.460000 0.042430
31.470000 0.042253
31.480000 0.042078
31.490000 0.041903
31.500000 0.041729
31.510000 0.041555
31.520000 0.041383
31.530000 0.041211
31.540000 0.041040
31.550000 0.040869
31.560000 0.040699
31.570000 0.040530
31.580000 0.040362
31.590000 0.040194
31.600000 0.040027
31.610000 0.039860
31.620000 0.039695
31.630000 0.039530
31.640000 0.039366
31.650000 0.039202
31.660000 0.039039
31.670000 0.038877
31.680000 0.038715
31.690000 0.038554
31.700000 0.038394
31.710000 0.038235
31.720000 0.038076
31.730000 0.037917
31.740000 0.037760
31.750000 0.037603
31.760000 0.037447
31.770000 0.037291
31.780000 0.037136
31.790000 0.036982
31.800000 0.036828
31.810000 0.036675
31.820000 0.036523
31.830000 0.036371
31.840000 0.036220
31.850000 0.036069
31.860000 0.035919
31.870000 0.035770
31.880000 0.035621
31.890000 0.035473
31.900000 0.035326
31.910000 0.035179
31.920000 0.035033
31.930000 0.034887
31.940000 0.034742
31.950000 0.034598
31.960000 0.034454
31.970000 0.034311
31.980000 0.034168
31.990000 0.034026
32.000000 0.033885
32.010000 0.033744
32.020000 0.033604
32.030000 0.033464
32.040000 0.033325
32.050000 0.033187
32.060000 0.033049
32.070000 0.032911
32.080000 0.032775
32.090000 0.032638
32.100000 0.032503
32.110000 0.032368
32.120000 0.032233
32.130000 0.032099
32.140000 0.031966
32.150000 0.031833
32.160000 0.031701
32.170000 0.031569
32.180000 0.031438
32.190000 0.031307
32.200000 0.031177
32.210000 0.031047
32.220000 0.030918
32.230000 0.030790
32.240000 0.030662
32.250000 0.030535
32.260000 0.030408
32.270000 0.030281
32.280000 0.030155
32.290000 0.030030
32.300000 0.029905
32.310000 0.029781
32.320000 0.029657
32.330000 0.029534
32.340000 0.029411
32.350000 0.029289
32.360000 0.029167
32.370000 0.029046
32.380000 0.028925
32.390000 0.028805
32.400000 0.028685
32.410000 0.028566
32.420000 0.028448
32.430000 0.028329
32.440000 0.028212
32.450000 0.028094
32.460000 0.027978
32.470000 0.027861
32.480000 0.027746
32.490000 0.027630
32.500000 0.027515
32.510000 0.027401
32.520000 0.027287
32.530000 0.027174
32.540000 0.027061
32.550000 0.026948
32.560000 0.026836
32.570000 0.026725
32.580000 0.026614
32.590000 0.026503
32.600000 0.026393
32.610000 0.026283
32.620000 0.026174
32.630000 0.026065
32.640000 0.025957
32.650000 0.025849
32.660000 0.025742
32.670000 0.025635
32.680000 0.025528
32.690000 0.025422
32.700000 0.025316
32.710000 0.025211
32.720000 0.025106
32.730000 0.025002
32.740000 0.024898
32.750000 0.024795
32.760000 0.024692
32.770000 0.024589
32.780000 0.024487
32.790000 0.024385
32.800000 0.024284
32.810000 0.024183
32.820000 0.024082
32.830000 0.023982
32.840000 0.023883
