0.000000 0.000000
0.010000 0.009000
0.020000 0.018054
0.030000 0.027163
0.040000 0.036326
0.050000 0.045545
0.060000 0.054819
0.070000 0.064149
0.080000 0.073535
0.090000 0.082977
0.100000 0.092477
0.110000 0.102033
0.120000 0.111647
0.130000 0.121319
0.140000 0.131049
0.150000 0.140837
0.160000 0.150684
0.170000 0.160591
0.180000 0.170557
0.190000 0.180583
0.200000 0.190669
0.210000 0.200816
0.220000 0.211025
0.230000 0.221294
0.240000 0.231625
0.250000 0.242018
0.260000 0.252474
0.270000 0.262993
0.280000 0.273575
0.290000 0.284220
0.300000 0.294929
0.310000 0.305703
0.320000 0.316542
0.330000 0.327446
0.340000 0.338415
0.350000 0.349450
0.360000 0.360552
0.370000 0.371720
0.380000 0.382955
0.390000 0.394258
0.400000 0.405629
0.410000 0.417068
0.420000 0.428576
0.430000 0.440152
0.440000 0.451799
0.450000 0.463515
0.460000 0.475302
0.470000 0.487160
0.480000 0.499089
0.490000 0.511089
0.500000 0.523161
0.510000 0.535306
0.520000 0.547524
0.530000 0.559816
0.540000 0.572181
0.550000 0.584620
0.560000 0.597134
0.570000 0.609723
0.580000 0.622388
0.590000 0.635129
0.600000 0.647946
0.610000 0.660840
0.620000 0.673812
0.630000 0.686861
0.640000 0.699989
0.650000 0.713195
0.660000 0.726481
0.670000 0.739846
0.680000 0.753292
0.690000 0.766818
0.700000 0.780426
0.710000 0.794115
0.720000 0.807886
0.730000 0.821740
0.740000 0.835677
0.750000 0.849697
0.760000 0.863802
0.770000 0.877991
0.780000 0.892265
0.790000 0.906625
0.800000 0.921071
0.810000 0.935603
0.820000 0.950223
0.830000 0.964930
0.840000 0.979725
0.850000 0.994609
0.860000 1.009583
0.870000 1.024646
0.880000 1.039799
0.890000 1.055043
0.900000 1.070378
0.910000 1.085806
0.920000 1.101325
0.930000 1.116938
0.940000 1.132644
0.950000 1.148445
0.960000 1.164340
0.970000 1.180330
0.980000 1.196416
0.990000 1.212598
1.000000 1.228877
1.010000 1.245254
1.020000 1.261728
1.030000 1.278302
1.040000 1.294974
1.050000 1.311746
1.060000 1.328619
1.070000 1.345593
1.080000 1.362668
1.090000 1.379845
1.100000 1.397126
1.110000 1.414509
1.120000 1.431997
1.130000 1.449589
1.140000 1.467286
1.150000 1.485090
1.160000 1.503000
1.170000 1.521016
1.180000 1.539141
1.190000 1.557374
1.200000 1.575716
1.210000 1.594168
1.220000 1.612730
1.230000 1.631403
1.240000 1.650188
1.250000 1.669085
1.260000 1.688094
1.270000 1.707218
1.280000 1.726456
1.290000 1.745808
1.300000 1.765277
1.310000 1.784861
1.320000 1.804563
1.330000 1.824382
1.340000 1.844320
1.350000 1.864376
1.360000 1.884553
1.370000 1.904850
1.380000 1.925268
1.390000 1.945808
1.400000 1.966471
1.410000 1.987257
1.420000 2.008167
1.430000 2.029202
1.440000 2.050362
1.450000 2.071649
1.460000 2.093063
1.470000 2.114604
1.480000 2.136274
1.490000 2.158073
1.500000 2.180002
1.510000 2.202062
1.520000 2.224254
1.530000 2.246578
1.540000 2.269035
1.550000 2.291625
1.560000 2.314351
1.570000 2.337212
1.580000 2.360209
1.590000 2.383343
1.600000 2.406615
1.610000 2.430026
1.620000 2.453576
1.630000 2.477267
1.640000 2.501099
1.650000 2.525072
1.660000 2.549189
1.670000 2.573449
1.680000 2.597853
1.690000 2.622403
1.700000 2.647098
1.710000 2.671941
1.720000 2.696932
1.730000 2.722071
1.740000 2.747360
1.750000 2.772800
1.760000 2.798390
1.770000 2.824133
1.780000 2.850030
1.790000 2.876080
1.800000 2.902285
1.810000 2.928646
1.820000 2.955163
1.830000 2.981838
1.840000 3.008672
1.850000 3.035665
1.860000 3.062819
1.870000 3.090134
1.880000 3.117611
1.890000 3.145252
1.900000 3.173056
1.910000 3.201026
1.920000 3.229162
1.930000 3.257465
1.940000 3.285936
1.950000 3.314576
1.960000 3.343386
1.970000 3.372367
1.980000 3.401520
1.990000 3.430846
2.000000 3.460346
2.010000 3.490021
2.020000 3.519872
2.030000 3.549900
2.040000 3.580106
2.050000 3.610491
2.060000 3.641056
2.070000 3.671802
2.080000 3.702731
2.090000 3.733843
2.100000 3.765139
2.110000 3.796621
2.120000 3.828289
2.130000 3.860145
2.140000 3.892189
2.150000 3.924423
2.160000 3.956848
2.170000 3.989465
2.180000 4.022275
2.190000 4.055279
2.200000 4.088479
2.210000 4.121875
2.220000 4.155468
2.230000 4.189260
2.240000 4.223252
2.250000 4.257445
2.260000 4.291840
2.270000 4.326438
2.280000 4.361241
2.290000 4.396250
2.300000 4.431465
2.310000 4.466889
2.320000 4.502521
2.330000 4.538364
2.340000 4.574419
2.350000 4.610687
2.360000 4.647169
2.370000 4.683866
2.380000 4.720780
2.390000 4.757911
2.400000 4.795262
2.410000 4.832833
2.420000 4.870625
2.430000 4.908640
2.440000 4.946880
2.450000 4.985345
2.460000 5.024036
2.470000 5.062956
2.480000 5.102105
2.490000 5.141485
2.500000 5.181096
2.510000 5.220941
2.520000 5.261021
2.530000 5.301336
2.540000 5.341889
2.550000 5.382680
2.560000 5.423711
2.570000 5.464984
2.580000 5.506500
2.590000 5.548260
2.600000 5.590265
2.610000 5.632517
2.620000 5.675018
2.630000 5.717768
2.640000 5.760770
2.650000 5.804024
2.660000 5.847532
2.670000 5.891296
2.680000 5.935317
2.690000 5.979596
2.700000 6.024135
2.710000 6.068936
2.720000 6.113999
2.730000 6.159327
2.740000 6.204920
2.750000 6.250781
2.760000 6.296911
2.770000 6.343311
2.780000 6.389983
2.790000 6.436929
2.800000 6.484149
2.810000 6.531646
2.820000 6.579421
2.830000 6.627476
2.840000 6.675813
2.850000 6.724432
2.860000 6.773335
2.870000 6.822525
2.880000 6.872002
2.890000 6.921769
2.900000 6.971827
2.910000 7.022177
2.920000 7.072821
2.930000 7.123762
2.940000 7.175000
2.950000 7.226537
2.960000 7.278375
2.970000 7.330515
2.980000 7.382960
2.990000 7.435711
3.000000 7.488770
3.010000 7.542138
3.020000 7.595817
3.030000 7.649809
3.040000 7.704116
3.050000 7.758739
3.060000 7.813681
3.070000 7.868942
3.080000 7.924526
3.090000 7.980432
3.100000 8.036665
3.110000 8.093224
3.120000 8.150113
3.130000 8.207332
3.140000 8.264884
3.150000 8.322770
3.160000 8.380993
3.170000 8.439555
3.180000 8.498456
3.190000 8.557699
3.200000 8.617287
3.210000 8.677220
3.220000 8.737501
3.230000 8.798132
3.240000 8.859114
3.250000 8.920450
3.260000 8.982142
3.270000 9.044191
3.280000 9.106600
3.290000 9.169370
3.300000 9.232503
3.310000 9.296002
3.320000 9.359869
3.330000 9.424105
3.340000 9.488713
3.350000 9.553694
3.360000 9.619051
3.370000 9.684786
3.380000 9.750900
3.390000 9.817396
3.400000 9.884277
3.410000 9.951543
3.420000 10.019198
3.430000 10.087243
3.440000 10.155681
3.450000 10.224513
3.460000 10.293742
3.470000 10.363370
3.480000 10.433399
3.490000 10.503832
3.500000 10.574670
3.510000 10.645916
3.520000 10.717572
3.530000 10.789640
3.540000 10.862122
3.550000 10.935021
3.560000 11.008339
3.570000 11.082079
3.580000 11.156242
3.590000 11.230831
3.600000 11.305847
3.610000 11.381295
3.620000 11.457175
3.630000 11.533490
3.640000 11.610243
3.650000 11.687436
3.660000 11.765071
3.670000 11.843150
3.680000 11.921677
3.690000 12.000652
3.700000 12.080080
3.710000 12.159962
3.720000 12.240301
3.730000 12.321099
3.740000 12.402358
3.750000 12.484082
3.760000 12.566272
3.770000 12.648931
3.780000 12.732062
3.790000 12.815667
3.800000 12.899749
3.810000 12.984309
3.820000 13.069352
3.830000 13.154879
3.840000 13.240893
3.850000 13.327396
3.860000 13.414391
3.870000 13.501881
3.880000 13.589869
3.890000 13.678356
3.900000 13.767346
3.910000 13.856841
3.920000 13.946845
3.930000 14.037358
3.940000 14.128386
3.950000 14.219929
3.960000 14.311991
3.970000 14.404574
3.980000 14.497682
3.990000 14.591317
4.000000 14.685481
4.010000 14.780178
4.020000 14.875411
4.030000 14.971181
4.040000 15.067493
4.050000 15.164348
4.060000 15.261750
4.070000 15.359702
4.080000 15.458205
4.090000 15.557264
4.100000 15.656882
4.110000 15.757060
4.120000 15.857802
4.130000 15.959111
4.140000 16.060990
4.150000 16.163441
4.160000 16.266468
4.170000 16.370074
4.180000 16.474262
4.190000 16.579034
4.200000 16.684395
4.210000 16.790345
4.220000 16.896890
4.230000 17.004031
4.240000 17.111773
4.250000 17.220117
4.260000 17.329067
4.270000 17.438627
4.280000 17.548799
4.290000 17.659586
4.300000 17.770991
4.310000 17.883019
4.320000 17.995671
4.330000 18.108951
4.340000 18.222863
4.350000 18.337409
4.360000 18.452592
4.370000 18.568417
4.380000 18.684885
4.390000 18.802001
4.400000 18.919768
4.410000 19.038188
4.420000 19.157266
4.430000 19.277004
4.440000 19.397406
4.450000 19.518475
4.460000 19.640215
4.470000 19.762628
4.480000 19.885719
4.490000 20.009490
4.500000 20.133945
4.510000 20.259088
4.520000 20.384922
4.530000 20.511449
4.540000 20.638675
4.550000 20.766601
4.560000 20.895232
4.570000 21.024571
4.580000 21.154622
4.590000 21.285388
4.600000 21.416872
4.610000 21.549079
4.620000 21.682011
4.630000 21.815673
4.640000 21.950067
4.650000 22.085198
4.660000 22.221069
4.670000 22.357683
4.680000 22.495044
4.690000 22.633157
4.700000 22.772024
4.710000 22.911649
4.720000 23.052035
4.730000 23.193188
4.740000 23.335109
4.750000 23.477804
4.760000 23.621275
4.770000 23.765526
4.780000 23.910562
4.790000 24.056385
4.800000 24.203000
4.810000 24.350410
4.820000 24.498620
4.830000 24.647632
4.840000 24.797452
4.850000 24.948082
4.860000 25.099526
4.870000 25.251789
4.880000 25.404874
4.890000 25.558785
4.900000 25.713527
4.910000 25.869102
4.920000 26.025515
4.930000 26.182769
4.940000 26.340869
4.950000 26.499819
4.960000 26.659623
4.970000 26.820284
4.980000 26.981806
4.990000 27.144194
5.000000 27.307452
5.010000 27.471583
5.020000 27.636591
5.030000 27.802482
5.040000 27.969258
5.050000 28.136923
5.060000 28.305483
5.070000 28.474940
5.080000 28.645300
5.090000 28.816565
5.100000 28.988741
5.110000 29.161831
5.120000 29.335840
5.130000 29.510771
5.140000 29.686629
5.150000 29.863418
5.160000 30.041143
5.170000 30.219806
5.180000 30.399414
5.190000 30.579969
5.200000 30.761476
5.210000 30.943939
5.220000 31.127363
5.230000 31.311752
5.240000 31.497109
5.250000 31.683440
5.260000 31.870749
5.270000 32.059039
5.280000 32.248316
5.290000 32.438583
5.300000 32.629845
5.310000 32.822107
5.320000 33.015371
5.330000 33.209644
5.340000 33.404929
5.350000 33.601230
5.360000 33.798553
5.370000 33.996901
5.380000 34.196278
5.390000 34.396690
5.400000 34.598141
5.410000 34.800634
5.420000 35.004175
5.430000 35.208768
5.440000 35.414417
5.450000 35.621127
5.460000 35.828902
5.470000 36.037747
5.480000 36.247667
5.490000 36.458665
5.500000 36.670746
5.510000 36.883915
5.520000 37.098176
5.530000 37.313534
5.540000 37.529993
5.550000 37.747558
5.560000 37.966233
5.570000 38.186023
5.580000 38.406933
5.590000 38.628966
5.600000 38.852128
5.610000 39.076423
5.620000 39.301856
5.630000 39.528431
5.640000 39.756153
5.650000 39.985027
5.660000 40.215056
5.670000 40.446246
5.680000 40.678602
5.690000 40.912127
5.700000 41.146827
5.710000 41.382705
5.720000 41.619768
5.730000 41.858019
5.740000 42.097463
5.750000 42.338104
5.760000 42.579948
5.770000 42.822998
5.780000 43.067260
5.790000 43.312739
5.800000 43.559438
5.810000 43.807363
5.820000 44.056518
5.830000 44.306907
5.840000 44.558537
5.850000 44.811410
5.860000 45.065532
5.870000 45.320908
5.880000 45.577542
5.890000 45.835438
5.900000 46.094602
5.910000 46.355039
5.920000 46.616752
5.930000 46.879747
5.940000 47.144028
5.950000 47.409600
5.960000 47.676467
5.970000 47.944634
5.980000 48.214107
5.990000 48.484889
6.000000 48.756985
6.010000 49.030401
6.020000 49.305139
6.030000 49.581207
6.040000 49.858607
6.050000 50.137344
6.060000 50.417424
6.070000 50.698851
6.080000 50.981629
6.090000 51.265764
6.100000 51.551259
6.110000 51.838120
6.120000 52.126351
6.130000 52.415957
6.140000 52.706942
6.150000 52.999312
6.160000 53.293070
6.170000 53.588221
6.180000 53.884770
6.190000 54.182722
6.200000 54.482081
6.210000 54.782852
6.220000 55.085039
6.230000 55.388647
6.240000 55.693680
6.250000 56.000144
6.260000 56.308042
6.270000 56.617379
6.280000 56.928160
6.290000 57.240389
6.300000 57.554072
6.310000 57.869211
6.320000 58.185812
6.330000 58.503880
6.340000 58.823418
6.350000 59.144432
6.360000 59.466926
6.370000 59.790904
6.380000 60.116370
6.390000 60.443330
6.400000 60.771787
6.410000 61.101747
6.420000 61.433212
6.430000 61.766189
6.440000 62.100681
6.450000 62.436692
6.460000 62.774228
6.470000 63.113291
6.480000 63.453887
6.490000 63.796020
6.500000 64.139695
6.510000 64.484915
6.520000 64.831684
6.530000 65.180008
6.540000 65.529890
6.550000 65.881335
6.560000 66.234346
6.570000 66.588928
6.580000 66.945085
6.590000 67.302822
6.600000 67.662141
6.610000 68.023049
6.620000 68.385548
6.630000 68.749642
6.640000 69.115337
6.650000 69.482635
6.660000 69.851541
6.670000 70.222059
6.680000 70.594193
6.690000 70.967946
6.700000 71.343323
6.710000 71.720328
6.720000 72.098965
6.730000 72.479237
6.740000 72.861148
6.750000 73.244702
6.760000 73.629903
6.770000 74.016755
6.780000 74.405262
6.790000 74.795427
6.800000 75.187253
6.810000 75.580746
6.820000 75.975907
6.830000 76.372742
6.840000 76.771253
6.850000 77.171444
6.860000 77.573320
6.870000 77.976882
6.880000 78.382135
6.890000 78.789082
6.900000 79.197727
6.910000 79.608073
6.920000 80.020123
6.930000 80.433881
6.940000 80.849351
6.950000 81.266535
6.960000 81.685436
6.970000 82.106059
6.980000 82.528406
6.990000 82.952480
7.000000 83.378285
7.010000 83.805823
7.020000 84.235098
7.030000 84.666113
7.040000 85.098871
7.050000 85.533374
7.060000 85.969626
7.070000 86.407630
7.080000 86.847388
7.090000 87.288903
7.100000 87.732179
7.110000 88.177217
7.120000 88.624021
7.130000 89.072593
7.140000 89.522937
7.150000 89.975054
7.160000 90.428947
7.170000 90.884619
7.180000 91.342072
7.190000 91.801309
7.200000 92.262331
7.210000 92.725143
7.220000 93.189745
7.230000 93.656140
7.240000 94.124331
7.250000 94.594319
7.260000 95.066108
7.270000 95.539698
7.280000 96.015092
7.290000 96.492292
7.300000 96.971301
7.310000 97.452119
7.320000 97.934750
7.330000 98.419194
7.340000 98.905454
7.350000 99.393531
7.360000 99.883428
7.370000 100.375146
7.380000 100.868686
7.390000 101.364050
7.400000 101.861241
7.410000 102.360258
7.420000 102.861104
7.430000 103.363780
7.440000 103.868288
7.450000 104.374628
7.460000 104.882803
7.470000 105.392812
7.480000 105.904659
7.490000 106.418342
7.500000 106.933865
7.510000 107.451227
7.520000 107.970429
7.530000 108.491473
7.540000 109.014359
7.550000 109.539089
7.560000 110.065662
7.570000 110.594081
7.580000 111.124344
7.590000 111.656453
7.600000 112.190409
7.610000 112.726211
7.620000 113.263861
7.630000 113.803359
7.640000 114.344704
7.650000 114.887898
7.660000 115.432941
7.670000 115.979832
7.680000 116.528572
7.690000 117.079160
7.700000 117.631598
7.710000 118.185884
7.720000 118.742019
7.730000 119.300002
7.740000 119.859833
7.750000 120.421512
7.760000 120.985039
7.770000 121.550412
7.780000 122.117633
7.790000 122.686699
7.800000 123.257611
7.810000 123.830367
7.820000 124.404968
7.830000 124.981412
7.840000 125.559698
7.850000 126.139826
7.860000 126.721794
7.870000 127.305602
7.880000 127.891249
7.890000 128.478733
7.900000 129.068053
7.910000 129.659207
7.920000 130.252196
7.930000 130.847016
7.940000 131.443667
7.950000 132.042147
7.960000 132.642454
7.970000 133.244588
7.980000 133.848545
7.990000 134.454325
8.000000 135.061926
8.010000 135.671345
8.020000 136.282580
8.030000 136.895631
8.040000 137.510494
8.050000 138.127167
8.060000 138.745648
8.070000 139.365935
8.080000 139.988025
8.090000 140.611917
8.100000 141.237607
8.110000 141.865093
8.120000 142.494372
8.130000 143.125442
8.140000 143.758300
8.150000 144.392942
8.160000 145.029367
8.170000 145.667571
8.180000 146.307552
8.190000 146.949305
8.200000 147.592828
8.210000 148.238118
8.220000 148.885171
8.230000 149.533985
8.240000 150.184554
8.250000 150.836877
8.260000 151.490950
8.270000 152.146768
8.280000 152.804329
8.290000 153.463628
8.300000 154.124662
8.310000 154.787426
8.320000 155.451917
8.330000 156.118131
8.340000 156.786063
8.350000 157.455710
8.360000 158.127067
8.370000 158.800130
8.380000 159.474895
8.390000 160.151356
8.400000 160.829511
8.410000 161.509353
8.420000 162.190878
8.430000 162.874083
8.440000 163.558961
8.450000 164.245508
8.460000 164.933719
8.470000 165.623589
8.480000 166.315114
8.490000 167.008287
8.500000 167.703105
8.510000 168.399561
8.520000 169.097650
8.530000 169.797367
8.540000 170.498706
8.550000 171.201663
8.560000 171.906230
8.570000 172.612404
8.580000 173.320177
8.590000 174.029545
8.600000 174.740501
8.610000 175.453040
8.620000 176.167155
8.630000 176.882841
8.640000 177.600091
8.650000 178.318899
8.660000 179.039260
8.670000 179.761166
8.680000 180.484611
8.690000 181.209589
8.700000 181.936094
8.710000 182.664119
8.720000 183.393657
8.730000 184.124702
8.740000 184.857246
8.750000 185.591284
8.760000 186.326807
8.770000 187.063810
8.780000 187.802286
8.790000 188.542227
8.800000 189.283625
8.810000 190.026475
8.820000 190.770769
8.830000 191.516499
8.840000 192.263658
8.850000 193.012239
8.860000 193.762234
8.870000 194.513636
8.880000 195.266437
8.890000 196.020629
8.900000 196.776206
8.910000 197.533158
8.920000 198.291478
8.930000 199.051159
8.940000 199.812192
8.950000 200.574570
8.960000 201.338284
8.970000 202.103326
8.980000 202.869688
8.990000 203.637362
9.000000 204.406340
9.010000 205.176613
9.020000 205.948173
9.030000 206.721011
9.040000 207.495120
9.050000 208.270489
9.060000 209.047112
9.070000 209.824979
9.080000 210.604082
9.090000 211.384411
9.100000 212.165958
9.110000 212.948715
9.120000 213.732672
9.130000 214.517820
9.140000 215.304150
9.150000 216.091654
9.160000 216.880322
9.170000 217.670145
9.180000 218.461114
9.190000 219.253220
9.200000 220.046453
9.210000 220.840805
9.220000 221.636265
9.230000 222.432824
9.240000 223.230473
9.250000 224.029203
9.260000 224.829003
9.270000 225.629865
9.280000 226.431778
9.290000 227.234734
9.300000 228.038721
9.310000 228.843731
9.320000 229.649754
9.330000 230.456780
9.340000 231.264799
9.350000 232.073801
9.360000 232.883776
9.370000 233.694715
9.380000 234.506606
9.390000 235.319441
9.400000 236.133209
9.410000 236.947900
9.420000 237.763504
9.430000 238.580010
9.440000 239.397409
9.450000 240.215690
9.460000 241.034842
9.470000 241.854857
9.480000 242.675722
9.490000 243.497428
9.500000 244.319965
9.510000 245.143322
9.520000 245.967488
9.530000 246.792453
9.540000 247.618206
9.550000 248.444738
9.560000 249.272036
9.570000 250.100092
9.580000 250.928894
9.590000 251.758431
9.600000 252.588692
9.610000 253.419668
9.620000 254.251347
9.630000 255.083719
9.640000 255.916773
9.650000 256.750497
9.660000 257.584882
9.670000 258.419916
9.680000 259.255589
9.690000 260.091890
9.700000 260.928807
9.710000 261.766330
9.720000 262.604448
9.730000 263.443150
9.740000 264.282425
9.750000 265.122262
9.760000 265.962651
9.770000 266.803579
9.780000 267.645037
9.790000 268.487012
9.800000 269.329495
9.810000 270.172474
9.820000 271.015937
9.830000 271.859875
9.840000 272.704275
9.850000 273.549127
9.860000 274.394420
9.870000 275.240142
9.880000 276.086283
9.890000 276.932831
9.900000 277.779775
9.910000 278.627104
9.920000 279.474807
9.930000 280.322873
9.940000 281.171291
9.950000 282.020049
9.960000 282.869136
9.970000 283.718542
9.980000 284.568255
9.990000 285.418264
10.000000 286.268557
10.010000 287.119124
10.020000 287.969954
10.030000 288.821035
10.040000 289.672356
10.050000 290.523907
10.060000 291.375675
10.070000 292.227650
10.080000 293.079821
10.090000 293.932176
10.100000 294.784705
10.110000 295.637397
10.120000 296.490239
10.130000 297.343222
10.140000 298.196334
10.150000 299.049564
10.160000 299.902900
10.170000 300.756333
10.180000 301.609851
10.190000 302.463442
10.200000 303.317096
10.210000 304.170802
10.220000 305.024549
10.230000 305.878326
10.240000 306.732121
10.250000 307.585925
10.260000 308.439725
10.270000 309.293512
10.280000 310.147273
10.290000 311.000999
10.300000 311.854678
10.310000 312.708300
10.320000 313.561853
10.330000 314.415328
10.340000 315.268712
10.350000 316.121996
10.360000 316.975168
10.370000 317.828218
10.380000 318.681135
10.390000 319.533908
10.400000 320.386527
10.410000 321.238982
10.420000 322.091260
10.430000 322.943353
10.440000 323.795248
10.450000 324.646937
10.460000 325.498408
10.470000 326.349650
10.480000 327.200653
10.490000 328.051408
10.500000 328.901902
10.510000 329.752127
10.520000 330.602071
10.530000 331.451724
10.540000 332.301076
10.550000 333.150117
10.560000 333.998836
10.570000 334.847223
10.580000 335.695268
10.590000 336.542962
10.600000 337.390292
10.610000 338.237251
10.620000 339.083827
10.630000 339.930010
10.640000 340.775791
10.650000 341.621159
10.660000 342.466105
10.670000 343.310619
10.680000 344.154690
10.690000 344.998310
10.700000 345.841468
10.710000 346.684154
10.720000 347.526359
10.730000 348.368073
10.740000 349.209286
10.750000 350.049990
10.760000 350.890173
10.770000 351.729827
10.780000 352.568943
10.790000 353.407510
10.800000 354.245520
10.810000 355.082962
10.820000 355.919828
10.830000 356.756109
10.840000 357.591794
10.850000 358.426876
10.860000 359.261344
10.870000 360.095189
10.880000 360.928403
10.890000 361.760977
10.900000 362.592901
10.910000 363.424166
10.920000 364.254764
10.930000 365.084685
10.940000 365.913921
10.950000 366.742463
10.960000 367.570302
10.970000 368.397430
10.980000 369.223838
10.990000 370.049517
11.000000 370.874459
11.010000 371.698654
11.020000 372.522096
11.030000 373.344774
11.040000 374.166682
11.050000 374.987809
11.060000 375.808150
11.070000 376.627693
11.080000 377.446433
11.090000 378.264360
11.100000 379.081467
11.110000 379.897745
11.120000 380.713186
11.130000 381.527783
11.140000 382.341527
11.150000 383.154410
11.160000 383.966426
11.170000 384.777565
11.180000 385.587820
11.190000 386.397184
11.200000 387.205649
11.210000 388.013207
11.220000 388.819851
11.230000 389.625573
11.240000 390.430366
11.250000 391.234223
11.260000 392.037135
11.270000 392.839096
11.280000 393.640099
11.290000 394.440136
11.300000 395.239201
11.310000 396.037285
11.320000 396.834383
11.330000 397.630486
11.340000 398.425589
11.350000 399.219684
11.360000 400.012764
11.370000 400.804823
11.380000 401.595854
11.390000 402.385850
11.400000 403.174805
11.410000 403.962711
11.420000 404.749563
11.430000 405.535354
11.440000 406.320077
11.450000 407.103726
11.460000 407.886295
11.470000 408.667778
11.480000 409.448168
11.490000 410.227458
11.500000 411.005644
11.510000 411.782719
11.520000 412.558676
11.530000 413.333510
11.540000 414.107216
11.550000 414.879786
11.560000 415.651215
11.570000 416.421498
11.580000 417.190629
11.590000 417.958601
11.600000 418.725410
11.610000 419.491050
11.620000 420.255515
11.630000 421.018801
11.640000 421.780900
11.650000 422.541809
11.660000 423.301522
11.670000 424.060033
11.680000 424.817337
11.690000 425.573430
11.700000 426.328306
11.710000 427.081959
11.720000 427.834386
11.730000 428.585581
11.740000 429.335539
11.750000 430.084255
11.760000 430.831725
11.770000 431.577944
11.780000 432.322906
11.790000 433.066608
11.800000 433.809045
11.810000 434.550213
11.820000 435.290105
11.830000 436.028720
11.840000 436.766051
11.850000 437.502095
11.860000 438.236847
11.870000 438.970303
11.880000 439.702459
11.890000 440.433311
11.900000 441.162854
11.910000 441.891085
11.920000 442.617999
11.930000 443.343593
11.940000 444.067863
11.950000 444.790804
11.960000 445.512414
11.970000 446.232688
11.980000 446.951622
11.990000 447.669213
12.000000 448.385458
12.010000 449.100353
12.020000 449.813894
12.030000 450.526077
12.040000 451.236900
12.050000 451.946359
12.060000 452.654451
12.070000 453.361172
12.080000 454.066519
12.090000 454.770490
12.100000 455.473080
12.110000 456.174287
12.120000 456.874108
12.130000 457.572540
12.140000 458.269580
12.150000 458.965224
12.160000 459.659471
12.170000 460.352317
12.180000 461.043760
12.190000 461.733796
12.200000 462.422424
12.210000 463.109640
12.220000 463.795442
12.230000 464.479828
12.240000 465.162795
12.250000 465.844340
12.260000 466.524462
12.270000 467.203157
12.280000 467.880424
12.290000 468.556260
12.300000 469.230663
12.310000 469.903631
12.320000 470.575161
12.330000 471.245253
12.340000 471.913903
12.350000 472.581109
12.360000 473.246870
12.370000 473.911184
12.380000 474.574049
12.390000 475.235463
12.400000 475.895424
12.410000 476.553931
12.420000 477.210981
12.430000 477.866574
12.440000 478.520707
12.450000 479.173379
12.460000 479.824588
12.470000 480.474334
12.480000 481.122614
12.490000 481.769427
12.500000 482.414771
12.510000 483.058646
12.520000 483.701050
12.530000 484.341982
12.540000 484.981441
12.550000 485.619424
12.560000 486.255932
12.570000 486.890964
12.580000 487.524517
12.590000 488.156592
12.600000 488.787186
12.610000 489.416300
12.620000 490.043932
12.630000 490.670082
12.640000 491.294748
12.650000 491.917929
12.660000 492.539626
12.670000 493.159837
12.680000 493.778562
12.690000 494.395800
12.700000 495.011550
12.710000 495.625811
12.720000 496.238584
12.730000 496.849868
12.740000 497.459662
12.750000 498.067966
12.760000 498.674779
12.770000 499.280102
12.780000 499.883933
12.790000 500.486273
12.800000 501.087120
12.810000 501.686476
12.820000 502.284340
12.830000 502.880711
12.840000 503.475589
12.850000 504.068975
12.860000 504.660869
12.870000 505.251269
12.880000 505.840177
12.890000 506.427593
12.900000 507.013515
12.910000 507.597946
12.920000 508.180884
12.930000 508.762329
12.940000 509.342283
12.950000 509.920745
12.960000 510.497715
12.970000 511.073195
12.980000 511.647183
12.990000 512.219681
13.000000 512.790688
13.010000 513.360206
13.020000 513.928234
13.030000 514.494774
13.040000 515.059825
13.050000 515.623388
13.060000 516.185464
13.070000 516.746054
13.080000 517.305157
13.090000 517.862774
13.100000 518.418907
13.110000 518.973556
13.120000 519.526721
13.130000 520.078404
13.140000 520.628604
13.150000 521.177324
13.160000 521.724563
13.170000 522.270323
13.180000 522.814604
13.190000 523.357408
13.200000 523.898735
13.210000 524.438586
13.220000 524.976963
13.230000 525.513865
13.240000 526.049295
13.250000 526.583253
13.260000 527.115741
13.270000 527.646759
13.280000 528.176308
13.290000 528.704391
13.300000 529.231007
13.310000 529.756159
13.320000 530.279846
13.330000 530.802072
13.340000 531.322836
13.350000 531.842140
13.360000 532.359986
13.370000 532.876375
13.380000 533.391307
13.390000 533.904786
13.400000 534.416811
13.410000 534.927384
13.420000 535.436507
13.430000 535.944182
13.440000 536.450409
13.450000 536.955191
13.460000 537.458528
13.470000 537.960422
13.480000 538.460875
13.490000 538.959889
13.500000 539.457465
13.510000 539.953604
13.520000 540.448309
13.530000 540.941580
13.540000 541.433421
13.550000 541.923831
13.560000 542.412814
13.570000 542.900370
13.580000 543.386502
13.590000 543.871211
13.600000 544.354500
13.610000 544.836369
13.620000 545.316821
13.630000 545.795857
13.640000 546.273480
13.650000 546.749692
13.660000 547.224493
13.670000 547.697886
13.680000 548.169874
13.690000 548.640457
13.700000 549.109639
13.710000 549.577420
13.720000 550.043803
13.730000 550.508790
13.740000 550.972383
13.750000 551.434583
13.760000 551.895394
13.770000 552.354817
13.780000 552.812854
13.790000 553.269507
13.800000 553.724778
13.810000 554.178670
13.820000 554.631184
13.830000 555.082323
13.840000 555.532089
13.850000 555.980484
13.860000 556.427510
13.870000 556.873169
13.880000 557.317465
13.890000 557.760398
13.900000 558.201971
13.910000 558.642186
13.920000 559.081046
13.930000 559.518553
13.940000 559.954709
13.950000 560.389517
13.960000 560.822978
13.970000 561.255096
13.980000 561.685872
13.990000 562.115308
14.000000 562.543408
14.010000 562.970173
14.020000 563.395606
14.030000 563.819710
14.040000 564.242486
14.050000 564.663937
14.060000 565.084066
14.070000 565.502874
14.080000 565.920365
14.090000 566.336541
14.100000 566.751404
14.110000 567.164956
14.120000 567.577201
14.130000 567.988141
14.140000 568.397777
14.150000 568.806114
14.160000 569.213152
14.170000 569.618895
14.180000 570.023346
14.190000 570.426506
14.200000 570.828379
14.210000 571.228966
14.220000 571.628271
14.230000 572.026296
14.240000 572.423043
14.250000 572.818515
14.260000 573.212716
14.270000 573.605646
14.280000 573.997310
14.290000 574.387709
14.300000 574.776846
14.310000 575.164724
14.320000 575.551346
14.330000 575.936713
14.340000 576.320829
14.350000 576.703697
14.360000 577.085318
14.370000 577.465697
14.380000 577.844834
14.390000 578.222734
14.400000 578.599398
14.410000 578.974830
14.420000 579.349032
14.430000 579.722006
14.440000 580.093756
14.450000 580.464284
14.460000 580.833593
14.470000 581.201686
14.480000 581.568565
14.490000 581.934233
14.500000 582.298692
14.510000 582.661947
14.520000 583.023998
14.530000 583.384850
14.540000 583.744504
14.550000 584.102963
14.560000 584.460231
14.570000 584.816310
14.580000 585.171202
14.590000 585.524912
14.600000 585.877440
14.610000 586.228790
14.620000 586.578965
14.630000 586.927968
14.640000 587.275801
14.650000 587.622468
14.660000 587.967970
14.670000 588.312311
14.680000 588.655493
14.690000 588.997520
14.700000 589.338394
14.710000 589.678118
14.720000 590.016694
14.730000 590.354126
14.740000 590.690417
14.750000 591.025568
14.760000 591.359583
14.770000 591.692465
14.780000 592.024217
14.790000 592.354841
14.800000 592.684340
14.810000 593.012717
14.820000 593.339975
14.830000 593.666117
14.840000 593.991145
14.850000 594.315062
14.860000 594.637871
14.870000 594.959575
14.880000 595.280177
14.890000 595.599680
14.900000 595.918085
14.910000 596.235397
14.920000 596.551618
14.930000 596.866751
14.940000 597.180799
14.950000 597.493764
14.960000 597.805649
14.970000 598.116457
14.980000 598.426192
14.990000 598.734855
15.000000 599.042450
15.010000 599.348979
15.020000 599.654446
15.030000 599.958853
15.040000 600.262202
15.050000 600.564497
15.060000 600.865741
15.070000 601.165937
15.080000 601.465086
15.090000 601.763193
15.100000 602.060259
15.110000 602.356288
15.120000 602.651283
15.130000 602.945246
15.140000 603.238180
15.150000 603.530088
15.160000 603.820973
15.170000 604.110837
15.180000 604.399684
15.190000 604.687516
15.200000 604.974336
15.210000 605.260146
15.220000 605.544951
15.230000 605.828752
15.240000 606.111552
15.250000 606.393354
15.260000 606.674161
15.270000 606.953975
15.280000 607.232800
15.290000 607.510638
15.300000 607.787492
15.310000 608.063365
15.320000 608.338259
15.330000 608.612178
15.340000 608.885124
15.350000 609.157100
15.360000 609.428109
15.370000 609.698153
15.380000 609.967235
15.390000 610.235358
15.400000 610.502526
15.410000 610.768739
15.420000 611.034002
15.430000 611.298317
15.440000 611.561687
15.450000 611.824114
15.460000 612.085602
15.470000 612.346153
15.480000 612.605770
15.490000 612.864455
15.500000 613.122211
15.510000 613.379042
15.520000 613.634949
15.530000 613.889936
15.540000 614.144005
15.550000 614.397159
15.560000 614.649401
15.570000 614.900733
15.580000 615.151158
15.590000 615.400679
15.600000 615.649299
15.610000 615.897019
15.620000 616.143844
15.630000 616.389775
15.640000 616.634816
15.650000 616.878968
15.660000 617.122236
15.670000 617.364620
15.680000 617.606125
15.690000 617.846752
15.700000 618.086505
15.710000 618.325386
15.720000 618.563397
15.730000 618.800542
15.740000 619.036823
15.750000 619.272242
15.760000 619.506803
15.770000 619.740508
15.780000 619.973359
15.790000 620.205360
15.800000 620.436512
15.810000 620.666819
15.820000 620.896283
15.830000 621.124907
15.840000 621.352693
15.850000 621.579644
15.860000 621.805763
15.870000 622.031052
15.880000 622.255513
15.890000 622.479150
15.900000 622.701965
15.910000 622.923960
15.920000 623.145139
15.930000 623.365503
15.940000 623.585055
15.950000 623.803798
15.960000 624.021734
15.970000 624.238866
15.980000 624.455197
15.990000 624.670729
16.000000 624.885464
16.010000 625.099405
16.020000 625.312555
16.030000 625.524916
16.040000 625.736491
16.050000 625.947282
16.060000 626.157291
16.070000 626.366522
16.080000 626.574976
16.090000 626.782657
16.100000 626.989566
16.110000 627.195707
16.120000 627.401081
16.130000 627.605691
16.140000 627.809540
16.150000 628.012630
16.160000 628.214963
16.170000 628.416543
16.180000 628.617371
16.190000 628.817449
16.200000 629.016782
16.210000 629.215369
16.220000 629.413216
16.230000 629.610322
16.240000 629.806692
16.250000 630.002327
16.260000 630.197231
16.270000 630.391404
16.280000 630.584850
16.290000 630.777572
16.300000 630.969570
16.310000 631.160849
16.320000 631.351410
16.330000 631.541256
16.340000 631.730388
16.350000 631.918810
16.360000 632.106524
16.370000 632.293531
16.380000 632.479836
16.390000 632.665438
16.400000 632.850343
16.410000 633.034550
16.420000 633.218063
16.430000 633.400885
16.440000 633.583017
16.450000 633.764461
16.460000 633.945221
16.470000 634.125298
16.480000 634.304694
16.490000 634.483413
16.500000 634.661455
16.510000 634.838825
16.520000 635.015523
16.530000 635.191552
16.540000 635.366914
16.550000 635.541612
16.560000 635.715648
16.570000 635.889023
16.580000 636.061741
16.590000 636.233804
16.600000 636.405213
16.610000 636.575972
16.620000 636.746081
16.630000 636.915544
16.640000 637.084363
16.650000 637.252540
16.660000 637.420076
16.670000 637.586975
16.680000 637.753238
16.690000 637.918868
16.700000 638.083867
16.710000 638.248236
16.720000 638.411979
16.730000 638.575097
16.740000 638.737592
16.750000 638.899467
16.760000 639.060724
16.770000 639.221364
16.780000 639.381391
16.790000 639.540805
16.800000 639.699610
16.810000 639.857807
16.820000 640.015399
16.830000 640.172387
16.840000 640.328774
16.850000 640.484562
16.860000 640.639752
16.870000 640.794347
16.880000 640.948350
16.890000 641.101761
16.900000 641.254584
16.910000 641.406820
16.920000 641.558471
16.930000 641.709539
16.940000 641.860027
16.950000 642.009936
16.960000 642.159269
16.970000 642.308026
16.980000 642.456212
16.990000 642.603827
17.000000 642.750873
17.010000 642.897353
17.020000 643.043268
17.030000 643.188621
17.040000 643.333413
17.050000 643.477647
17.060000 643.621324
17.070000 643.764447
17.080000 643.907017
17.090000 644.049036
17.100000 644.190507
17.110000 644.331430
17.120000 644.471809
17.130000 644.611645
17.140000 644.750940
17.150000 644.889697
17.160000 645.027916
17.170000 645.165599
17.180000 645.302750
17.190000 645.439369
17.200000 645.575458
17.210000 645.711021
17.220000 645.846057
17.230000 645.980569
17.240000 646.114560
17.250000 646.248031
17.260000 646.380983
17.270000 646.513419
17.280000 646.645340
17.290000 646.776749
17.300000 646.907647
17.310000 647.038037
17.320000 647.167919
17.330000 647.297295
17.340000 647.426169
17.350000 647.554540
17.360000 647.682412
17.370000 647.809786
17.380000 647.936664
17.390000 648.063047
17.400000 648.188938
17.410000 648.314337
17.420000 648.439248
17.430000 648.563671
17.440000 648.687609
17.450000 648.811063
17.460000 648.934036
17.470000 649.056527
17.480000 649.178541
17.490000 649.300077
17.500000 649.421139
17.510000 649.541727
17.520000 649.661844
17.530000 649.781491
17.540000 649.900670
17.550000 650.019382
17.560000 650.137630
17.570000 650.255415
17.580000 650.372738
17.590000 650.489602
17.600000 650.606008
17.610000 650.721958
17.620000 650.837453
17.630000 650.952495
17.640000 651.067086
17.650000 651.181227
17.660000 651.294921
17.670000 651.408168
17.680000 651.520970
17.690000 651.633330
17.700000 651.745248
17.710000 651.856727
17.720000 651.967767
17.730000 652.078371
17.740000 652.188540
17.750000 652.298275
17.760000 652.407579
17.770000 652.516453
17.780000 652.624899
17.790000 652.732917
17.800000 652.840510
17.810000 652.947680
17.820000 653.054427
17.830000 653.160754
17.840000 653.266662
17.850000 653.372152
17.860000 653.477226
17.870000 653.581886
17.880000 653.686133
17.890000 653.789969
17.900000 653.893395
17.910000 653.996413
17.920000 654.099024
17.930000 654.201230
17.940000 654.303032
17.950000 654.404432
17.960000 654.505431
17.970000 654.606032
17.980000 654.706234
17.990000 654.806040
18.000000 654.905452
18.010000 655.004470
18.020000 655.103097
18.030000 655.201333
18.040000 655.299180
18.050000 655.396640
18.060000 655.493714
18.070000 655.590404
18.080000 655.686711
18.090000 655.782636
18.100000 655.878181
18.110000 655.973347
18.120000 656.068136
18.130000 656.162549
18.140000 656.256587
18.150000 656.350253
18.160000 656.443546
18.170000 656.536470
18.180000 656.629025
18.190000 656.721212
18.200000 656.813033
18.210000 656.904490
18.220000 656.995583
18.230000 657.086314
18.240000 657.176685
18.250000 657.266696
18.260000 657.356350
18.270000 657.445647
18.280000 657.534589
18.290000 657.623178
18.300000 657.711414
18.310000 657.799298
18.320000 657.886833
18.330000 657.974020
18.340000 658.060859
18.350000 658.147353
18.360000 658.233502
18.370000 658.319308
18.380000 658.404772
18.390000 658.489896
18.400000 658.574680
18.410000 658.659126
18.420000 658.743236
18.430000 658.827010
18.440000 658.910450
18.450000 658.993557
18.460000 659.076333
18.470000 659.158778
18.480000 659.240894
18.490000 659.322682
18.500000 659.404144
18.510000 659.485281
18.520000 659.566093
18.530000 659.646583
18.540000 659.726751
18.550000 659.806599
18.560000 659.886127
18.570000 659.965338
18.580000 660.044232
18.590000 660.122811
18.600000 660.201075
18.610000 660.279026
18.620000 660.356666
18.630000 660.433994
18.640000 660.511014
18.650000 660.587725
18.660000 660.664129
18.670000 660.740227
18.680000 660.816020
18.690000 660.891510
18.700000 660.966697
18.710000 661.041583
18.720000 661.116170
18.730000 661.190457
18.740000 661.264446
18.750000 661.338139
18.760000 661.411536
18.770000 661.484639
18.780000 661.557449
18.790000 661.629967
18.800000 661.702194
18.810000 661.774131
18.820000 661.845779
18.830000 661.917140
18.840000 661.988215
18.850000 662.059004
18.860000 662.129508
18.870000 662.199730
18.880000 662.269670
18.890000 662.339328
18.900000 662.408707
18.910000 662.477807
18.920000 662.546629
18.930000 662.615175
18.940000 662.683445
18.950000 662.751441
18.960000 662.819163
18.970000 662.886613
18.980000 662.953791
18.990000 663.020699
19.000000 663.087339
19.010000 663.153710
19.020000 663.219813
19.030000 663.285651
19.040000 663.351224
19.050000 663.416533
19.060000 663.481579
19.070000 663.546362
19.080000 663.610885
19.090000 663.675148
19.100000 663.739152
19.110000 663.802899
19.120000 663.866388
19.130000 663.929621
19.140000 663.992600
19.150000 664.055325
19.160000 664.117796
19.170000 664.180016
19.180000 664.241985
19.190000 664.303704
19.200000 664.365174
19.210000 664.426396
19.220000 664.487371
19.230000 664.548100
19.240000 664.608584
19.250000 664.668824
19.260000 664.728820
19.270000 664.788574
19.280000 664.848087
19.290000 664.907360
19.300000 664.966393
19.310000 665.025188
19.320000 665.083745
19.330000 665.142066
19.340000 665.200151
19.350000 665.258001
19.360000 665.315618
19.370000 665.373001
19.380000 665.430153
19.390000 665.487073
19.400000 665.543764
19.410000 665.600225
19.420000 665.656457
19.430000 665.712463
19.440000 665.768241
19.450000 665.823794
19.460000 665.879122
19.470000 665.934227
19.480000 665.989108
19.490000 666.043767
19.500000 666.098205
19.510000 666.152422
19.520000 666.206420
19.530000 666.260199
19.540000 666.313760
19.550000 666.367105
19.560000 666.420233
19.570000 666.473146
19.580000 666.525845
19.590000 666.578330
19.600000 666.630602
19.610000 666.682663
19.620000 666.734513
19.630000 666.786152
19.640000 666.837582
19.650000 666.888803
19.660000 666.939817
19.670000 666.990624
19.680000 667.041225
19.690000 667.091620
19.700000 667.141811
19.710000 667.191798
19.720000 667.241583
19.730000 667.291165
19.740000 667.340547
19.750000 667.389728
19.760000 667.438709
19.770000 667.487491
19.780000 667.536075
19.790000 667.584462
19.800000 667.632653
19.810000 667.680648
19.820000 667.728448
19.830000 667.776053
19.840000 667.823465
19.850000 667.870685
19.860000 667.917713
19.870000 667.964550
19.880000 668.011196
19.890000 668.057653
19.900000 668.103920
19.910000 668.150000
19.920000 668.195893
19.930000 668.241599
19.940000 668.287119
19.950000 668.332453
19.960000 668.377604
19.970000 668.422571
19.980000 668.467355
19.990000 668.511956
20.000000 668.556377
20.010000 668.600616
20.020000 668.644676
20.030000 668.688556
20.040000 668.732257
20.050000 668.775781
20.060000 668.819128
20.070000 668.862298
20.080000 668.905292
20.090000 668.948111
20.100000 668.990756
20.110000 669.033227
20.120000 669.075526
20.130000 669.117652
20.140000 669.159606
20.150000 669.201389
20.160000 669.243002
20.170000 669.284446
20.180000 669.325721
20.190000 669.366827
20.200000 669.407766
20.210000 669.448538
20.220000 669.489144
20.230000 669.529585
20.240000 669.569860
20.250000 669.609972
20.260000 669.649919
20.270000 669.689704
20.280000 669.729327
20.290000 669.768788
20.300000 669.808088
20.310000 669.847228
20.320000 669.886208
20.330000 669.925029
20.340000 669.963691
20.350000 670.002196
20.360000 670.040544
20.370000 670.078735
20.380000 670.116770
20.390000 670.154651
20.400000 670.192376
20.410000 670.229948
20.420000 670.267366
20.430000 670.304631
20.440000 670.341744
20.450000 670.378706
20.460000 670.415516
20.470000 670.452177
20.480000 670.488687
20.490000 670.525049
20.500000 670.561261
20.510000 670.597326
20.520000 670.633244
20.530000 670.669015
20.540000 670.704639
20.550000 670.740118
20.560000 670.775453
20.570000 670.810642
20.580000 670.845688
20.590000 670.880591
20.600000 670.915350
20.610000 670.949968
20.620000 670.984445
20.630000 671.018780
20.640000 671.052975
20.650000 671.087030
20.660000 671.120945
20.670000 671.154723
20.680000 671.188361
20.690000 671.221863
20.700000 671.255227
20.710000 671.288455
20.720000 671.321547
20.730000 671.354503
20.740000 671.387325
20.750000 671.420012
20.760000 671.452565
20.770000 671.484985
20.780000 671.517273
20.790000 671.549428
20.800000 671.581452
20.810000 671.613345
20.820000 671.645107
20.830000 671.676739
20.840000 671.708242
20.850000 671.739615
20.860000 671.770860
20.870000 671.801977
20.880000 671.832967
20.890000 671.863830
20.900000 671.894566
20.910000 671.925177
20.920000 671.955662
20.930000 671.986022
20.940000 672.016258
20.950000 672.046369
20.960000 672.076358
20.970000 672.106224
20.980000 672.135967
20.990000 672.165588
21.000000 672.195088
21.010000 672.224467
21.020000 672.253726
21.030000 672.282864
21.040000 672.311883
21.050000 672.340784
21.060000 672.369565
21.070000 672.398229
21.080000 672.426775
21.090000 672.455205
21.100000 672.483517
21.110000 672.511714
21.120000 672.539794
21.130000 672.567760
21.140000 672.595611
21.150000 672.623348
21.160000 672.650970
21.170000 672.678480
21.180000 672.705877
21.190000 672.733161
21.200000 672.760333
21.210000 672.787394
21.220000 672.814344
21.230000 672.841183
21.240000 672.867912
21.250000 672.894532
21.260000 672.921042
21.270000 672.947443
21.280000 672.973736
21.290000 672.999921
21.300000 673.025999
21.310000 673.051969
21.320000 673.077833
21.330000 673.103590
21.340000 673.129242
21.350000 673.154789
21.360000 673.180230
21.370000 673.205568
21.380000 673.230801
21.390000 673.255930
21.400000 673.280956
21.410000 673.305880
21.420000 673.330701
21.430000 673.355420
21.440000 673.380037
21.450000 673.404554
21.460000 673.428969
21.470000 673.453285
21.480000 673.477500
21.490000 673.501616
21.500000 673.525633
21.510000 673.549551
21.520000 673.573371
21.530000 673.597093
21.540000 673.620717
21.550000 673.644245
21.560000 673.667675
21.570000 673.691010
21.580000 673.714248
21.590000 673.737391
21.600000 673.760438
21.610000 673.783391
21.620000 673.806250
21.630000 673.829014
21.640000 673.851685
21.650000 673.874263
21.660000 673.896748
21.670000 673.919140
21.680000 673.941441
21.690000 673.963649
21.700000 673.985767
21.710000 674.007793
21.720000 674.029729
21.730000 674.051574
21.740000 674.073330
21.750000 674.094996
21.760000 674.116573
21.770000 674.138061
21.780000 674.159460
21.790000 674.180772
21.800000 674.201996
21.810000 674.223133
21.820000 674.244182
21.830000 674.265146
21.840000 674.286022
21.850000 674.306813
21.860000 674.327518
21.870000 674.348138
21.880000 674.368674
21.890000 674.389124
21.900000 674.409491
21.910000 674.429773
21.920000 674.449972
21.930000 674.470088
21.940000 674.490121
21.950000 674.510072
21.960000 674.529941
21.970000 674.549727
21.980000 674.569432
21.990000 674.589057
22.000000 674.608600
22.010000 674.628063
22.020000 674.647445
22.030000 674.666748
22.040000 674.685971
22.050000 674.705115
22.060000 674.724180
22.070000 674.743167
22.080000 674.762076
22.090000 674.780906
22.100000 674.799659
22.110000 674.818335
22.120000 674.836934
22.130000 674.855456
22.140000 674.873902
22.150000 674.892271
22.160000 674.910566
22.170000 674.928784
22.180000 674.946928
22.190000 674.964997
22.200000 674.982991
22.210000 675.000912
22.220000 675.018758
22.230000 675.036531
22.240000 675.054231
22.250000 675.071857
22.260000 675.089411
22.270000 675.106893
22.280000 675.124302
22.290000 675.141640
22.300000 675.158906
22.310000 675.176102
22.320000 675.193226
22.330000 675.210279
22.340000 675.227263
22.350000 675.244176
22.360000 675.261019
22.370000 675.277794
22.380000 675.294498
22.390000 675.311134
22.400000 675.327702
22.410000 675.344201
22.420000 675.360632
22.430000 675.376995
22.440000 675.393291
22.450000 675.409520
22.460000 675.425681
22.470000 675.441776
22.480000 675.457805
22.490000 675.473767
22.500000 675.489664
22.510000 675.505495
22.520000 675.521260
22.530000 675.536961
22.540000 675.552597
22.550000 675.568168
22.560000 675.583675
22.570000 675.599118
22.580000 675.614498
22.590000 675.629814
22.600000 675.645066
22.610000 675.660256
22.620000 675.675383
22.630000 675.690448
22.640000 675.705450
22.650000 675.720391
22.660000 675.735270
22.670000 675.750087
22.680000 675.764844
22.690000 675.779539
22.700000 675.794174
22.710000 675.808748
22.720000 675.823262
22.730000 675.837717
22.740000 675.852111
22.750000 675.866446
22.760000 675.880722
22.770000 675.894939
22.780000 675.909098
22.790000 675.923198
22.800000 675.937239
22.810000 675.951223
22.820000 675.965149
22.830000 675.979017
22.840000 675.992829
22.850000 676.006583
22.860000 676.020280
22.870000 676.033921
22.880000 676.047505
22.890000 676.061033
22.900000 676.074506
22.910000 676.087923
22.920000 676.101284
22.930000 676.114590
22.940000 676.127842
22.950000 676.141038
22.960000 676.154180
22.970000 676.167268
22.980000 676.180301
22.990000 676.193281
23.000000 676.206207
23.010000 676.219080
23.020000 676.231900
23.030000 676.244666
23.040000 676.257380
23.050000 676.270041
23.060000 676.282651
23.070000 676.295207
23.080000 676.307712
23.090000 676.320166
23.100000 676.332568
23.110000 676.344918
23.120000 676.357218
23.130000 676.369467
23.140000 676.381665
23.150000 676.393813
23.160000 676.405910
23.170000 676.417958
23.180000 676.429956
23.190000 676.441904
23.200000 676.453803
23.210000 676.465652
23.220000 676.477453
23.230000 676.489205
23.240000 676.500908
23.250000 676.512563
23.260000 676.524170
23.270000 676.535728
23.280000 676.547239
23.290000 676.558703
23.300000 676.570119
23.310000 676.581487
23.320000 676.592809
23.330000 676.604084
23.340000 676.615313
23.350000 676.626494
23.360000 676.637630
23.370000 676.648720
23.380000 676.659764
23.390000 676.670762
23.400000 676.681714
23.410000 676.692622
23.420000 676.703484
23.430000 676.714301
23.440000 676.725074
23.450000 676.735802
23.460000 676.746486
23.470000 676.757125
23.480000 676.767721
23.490000 676.778272
23.500000 676.788780
23.510000 676.799245
23.520000 676.809666
23.530000 676.820044
23.540000 676.830380
23.550000 676.840672
23.560000 676.850922
23.570000 676.861130
23.580000 676.871295
23.590000 676.881418
23.600000 676.891499
23.610000 676.901539
23.620000 676.911537
23.630000 676.921494
23.640000 676.931410
23.650000 676.941284
23.660000 676.951118
23.670000 676.960911
23.680000 676.970663
23.690000 676.980376
23.700000 676.990048
23.710000 676.999680
23.720000 677.009272
23.730000 677.018824
23.740000 677.028337
23.750000 677.037810
23.760000 677.047245
23.770000 677.056640
23.780000 677.065996
23.790000 677.075314
23.800000 677.084593
23.810000 677.093834
23.820000 677.103036
23.830000 677.112201
23.840000 677.121327
23.850000 677.130416
23.860000 677.139467
23.870000 677.148481
23.880000 677.157457
23.890000 677.166396
23.900000 677.175298
23.910000 677.184163
23.920000 677.192992
23.930000 677.201784
23.940000 677.210540
23.950000 677.219259
23.960000 677.227943
23.970000 677.236590
23.980000 677.245202
23.990000 677.253777
24.000000 677.262318
24.010000 677.270823
24.020000 677.279293
24.030000 677.287728
24.040000 677.296127
24.050000 677.304493
24.060000 677.312823
24.070000 677.321119
24.080000 677.329381
24.090000 677.337608
24.100000 677.345801
24.110000 677.353961
24.120000 677.362087
24.130000 677.370179
24.140000 677.378237
24.150000 677.386262
24.160000 677.394254
24.170000 677.402213
24.180000 677.410139
24.190000 677.418032
24.200000 677.425892
24.210000 677.433720
24.220000 677.441515
24.230000 677.449278
24.240000 677.457009
24.250000 677.464708
24.260000 677.472375
24.270000 677.480011
24.280000 677.487614
24.290000 677.495186
24.300000 677.502727
24.310000 677.510237
24.320000 677.517715
24.330000 677.525163
24.340000 677.532579
24.350000 677.539965
24.360000 677.547321
24.370000 677.554645
24.380000 677.561940
24.390000 677.569204
24.400000 677.576439
24.410000 677.583643
24.420000 677.590817
24.430000 677.597962
24.440000 677.605077
24.450000 677.612163
24.460000 677.619219
24.470000 677.626246
24.480000 677.633244
24.490000 677.640213
24.500000 677.647153
24.510000 677.654064
24.520000 677.660947
24.530000 677.667801
24.540000 677.674627
24.550000 677.681424
24.560000 677.688193
24.570000 677.694935
24.580000 677.701648
24.590000 677.708334
24.600000 677.714991
24.610000 677.721622
24.620000 677.728224
24.630000 677.734800
24.640000 677.741348
24.650000 677.747869
24.660000 677.754363
24.670000 677.760830
24.680000 677.767270
24.690000 677.773684
24.700000 677.780071
24.710000 677.786431
24.720000 677.792766
24.730000 677.799074
24.740000 677.805355
24.750000 677.811611
24.760000 677.817841
24.770000 677.824045
24.780000 677.830223
24.790000 677.836376
24.800000 677.842503
24.810000 677.848605
24.820000 677.854682
24.830000 677.860733
24.840000 677.866759
24.850000 677.872760
24.860000 677.878737
24.870000 677.884688
24.880000 677.890615
24.890000 677.896518
24.900000 677.902396
24.910000 677.908249
24.920000 677.914079
24.930000 677.919884
24.940000 677.925665
24.950000 677.931422
24.960000 677.937155
24.970000 677.942865
24.980000 677.948550
24.990000 677.954213
25.000000 677.959851
25.010000 677.965467
25.020000 677.971059
25.030000 677.976628
25.040000 677.982174
25.050000 677.987697
25.060000 677.993197
25.070000 677.998674
25.080000 678.004128
25.090000 678.009560
25.100000 678.014969
25.110000 678.020356
25.120000 678.025721
25.130000 678.031063
25.140000 678.036383
25.150000 678.041681
25.160000 678.046958
25.170000 678.052212
25.180000 678.057444
25.190000 678.062655
25.200000 678.067844
25.210000 678.073012
25.220000 678.078158
25.230000 678.083283
25.240000 678.088387
25.250000 678.093469
25.260000 678.098531
25.270000 678.103571
25.280000 678.108590
25.290000 678.113589
25.300000 678.118567
25.310000 678.123525
25.320000 678.128461
25.330000 678.133378
25.340000 678.138274
25.350000 678.143149
25.360000 678.148005
25.370000 678.152840
25.380000 678.157655
25.390000 678.162450
25.400000 678.167226
25.410000 678.171981
25.420000 678.176717
25.430000 678.181433
25.440000 678.186130
25.450000 678.190807
25.460000 678.195465
25.470000 678.200103
25.480000 678.204722
25.490000 678.209322
25.500000 678.213903
25.510000 678.218465
25.520000 678.223008
25.530000 678.227532
25.540000 678.232038
25.550000 678.236525
25.560000 678.240993
25.570000 678.245442
25.580000 678.249873
25.590000 678.254286
25.600000 678.258681
25.610000 678.263057
25.620000 678.267415
25.630000 678.271755
25.640000 678.276077
25.650000 678.280381
25.660000 678.284667
25.670000 678.288936
25.680000 678.293186
25.690000 678.297420
25.700000 678.301635
25.710000 678.305833
25.720000 678.310014
25.730000 678.314177
25.740000 678.318323
25.750000 678.322452
25.760000 678.326564
25.770000 678.330658
25.780000 678.334736
25.790000 678.338797
25.800000 678.342841
25.810000 678.346868
25.820000 678.350878
25.830000 678.354872
25.840000 678.358849
25.850000 678.362810
25.860000 678.366754
25.870000 678.370682
25.880000 678.374594
25.890000 678.378489
25.900000 678.382368
25.910000 678.386231
25.920000 678.390078
25.930000 678.393909
25.940000 678.397725
25.950000 678.401524
25.960000 678.405308
25.970000 678.409076
25.980000 678.412828
25.990000 678.416565
26.000000 678.420286
26.010000 678.423992
26.020000 678.427682
26.030000 678.431357
26.040000 678.435017
26.050000 678.438662
26.060000 678.442291
26.070000 678.445906
26.080000 678.449505
26.090000 678.453090
26.100000 678.456660
26.110000 678.460215
26.120000 678.463755
26.130000 678.467280
26.140000 678.470791
26.150000 678.474287
26.160000 678.477769
26.170000 678.481236
26.180000 678.484689
26.190000 678.488128
26.200000 678.491552
26.210000 678.494962
26.220000 678.498358
26.230000 678.501740
26.240000 678.505107
26.250000 678.508461
26.260000 678.511801
26.270000 678.515127
26.280000 678.518440
26.290000 678.521738
26.300000 678.525023
26.310000 678.528294
26.320000 678.531552
26.330000 678.534796
26.340000 678.538026
26.350000 678.541244
26.360000 678.544447
26.370000 678.547638
26.380000 678.550815
26.390000 678.553979
26.400000 678.557130
26.410000 678.560268
26.420000 678.563393
26.430000 678.566505
26.440000 678.569604
26.450000 678.572690
26.460000 678.575764
26.470000 678.578824
26.480000 678.581872
26.490000 678.584907
26.500000 678.587930
26.510000 678.590940
26.520000 678.593938
26.530000 678.596923
26.540000 678.599896
26.550000 678.602856
26.560000 678.605804
26.570000 678.608740
26.580000 678.611664
26.590000 678.614575
26.600000 678.617475
26.610000 678.620362
26.620000 678.623238
26.630000 678.626101
26.640000 678.628953
26.650000 678.631793
26.660000 678.634621
26.670000 678.637437
26.680000 678.640242
26.690000 678.643035
26.700000 678.645816
26.710000 678.648586
26.720000 678.651344
26.730000 678.654091
26.740000 678.656827
26.750000 678.659551
26.760000 678.662263
26.770000 678.664965
26.780000 678.667655
26.790000 678.670334
26.800000 678.673002
26.810000 678.675659
26.820000 678.678305
26.830000 678.680940
26.840000 678.683564
26.850000 678.686177
26.860000 678.688780
26.870000 678.691371
26.880000 678.693952
26.890000 678.696522
26.900000 678.699081
26.910000 678.701630
26.920000 678.704168
26.930000 678.706696
26.940000 678.709213
26.950000 678.711719
26.960000 678.714216
26.970000 678.716701
26.980000 678.719177
26.990000 678.721642
27.000000 678.724097
27.010000 678.726542
27.020000 678.728977
27.030000 678.731401
27.040000 678.733816
27.050000 678.736220
27.060000 678.738615
27.070000 678.741000
27.080000 678.743374
27.090000 678.745739
27.100000 678.748094
27.110000 678.750439
27.120000 678.752775
27.130000 678.755100
27.140000 678.757417
27.150000 678.759723
27.160000 678.762020
27.170000 678.764307
27.180000 678.766585
27.190000 678.768854
27.200000 678.771113
27.210000 678.773362
27.220000 678.775603
27.230000 678.777834
27.240000 678.780055
27.250000 678.782268
27.260000 678.784471
27.270000 678.786665
27.280000 678.788851
27.290000 678.791026
27.300000 678.793193
27.310000 678.795351
27.320000 678.797500
27.330000 678.799640
27.340000 678.801772
27.350000 678.803894
27.360000 678.806008
27.370000 678.808112
27.380000 678.810208
27.390000 678.812296
27.400000 678.814374
27.410000 678.816444
27.420000 678.818506
27.430000 678.820559
27.440000 678.822603
27.450000 678.824639
27.460000 678.826666
27.470000 678.828685
27.480000 678.830696
27.490000 678.832698
27.500000 678.834692
27.510000 678.836677
27.520000 678.838655
27.530000 678.840624
27.540000 678.842585
27.550000 678.844538
27.560000 678.846483
27.570000 678.848419
27.580000 678.850348
27.590000 678.852269
27.600000 678.854181
27.610000 678.856086
27.620000 678.857983
27.630000 678.859872
27.640000 678.861753
27.650000 678.863626
27.660000 678.865491
27.670000 678.867349
27.680000 678.869199
27.690000 678.871042
27.700000 678.872876
27.710000 678.874703
27.720000 678.876523
27.730000 678.878335
27.740000 678.880139
27.750000 678.881936
27.760000 678.883726
27.770000 678.885508
27.780000 678.887282
27.790000 678.889049
27.800000 678.890809
27.810000 678.892562
27.820000 678.894307
27.830000 678.896045
27.840000 678.897776
27.850000 678.899500
27.860000 678.901216
27.870000 678.902926
27.880000 678.904628
27.890000 678.906323
27.900000 678.908011
27.910000 678.909692
27.920000 678.911367
27.930000 678.913034
27.940000 678.914694
27.950000 678.916348
27.960000 678.917994
27.970000 678.919634
27.980000 678.921267
27.990000 678.922893
28.000000 678.924512
28.010000 678.926125
28.020000 678.927731
28.030000 678.929330
28.040000 678.930923
28.050000 678.932509
28.060000 678.934088
28.070000 678.935661
28.080000 678.937227
28.090000 678.938787
28.100000 678.940340
28.110000 678.941887
28.120000 678.943428
28.130000 678.944962
28.140000 678.946489
28.150000 678.948011
28.160000 678.949526
28.170000 678.951034
28.180000 678.952537
28.190000 678.954033
28.200000 678.955523
28.210000 678.957007
28.220000 678.958485
28.230000 678.959956
28.240000 678.961422
28.250000 678.962881
28.260000 678.964334
28.270000 678.965781
28.280000 678.967223
28.290000 678.968658
28.300000 678.970087
28.310000 678.971510
28.320000 678.972928
28.330000 678.974339
28.340000 678.975745
28.350000 678.977145
28.360000 678.978539
28.370000 678.979927
28.380000 678.981310
28.390000 678.982686
28.400000 678.984057
28.410000 678.985423
28.420000 678.986782
28.430000 678.988136
28.440000 678.989484
28.450000 678.990827
28.460000 678.992164
28.470000 678.993496
28.480000 678.994822
28.490000 678.996143
28.500000 678.997458
28.510000 678.998767
28.520000 679.000072
28.530000 679.001370
28.540000 679.002664
28.550000 679.003952
28.560000 679.005234
28.570000 679.006512
28.580000 679.007784
28.590000 679.009051
28.600000 679.010312
28.610000 679.011568
28.620000 679.012819
28.630000 679.014065
28.640000 679.015306
28.650000 679.016541
28.660000 679.017772
28.670000 679.018997
28.680000 679.020217
28.690000 679.021432
28.700000 679.022642
28.710000 679.023847
28.720000 679.025047
28.730000 679.026242
28.740000 679.027432
28.750000 679.028617
28.760000 679.029798
28.770000 679.030973
28.780000 679.032143
28.790000 679.033309
28.800000 679.034470
28.810000 679.035626
28.820000 679.036777
28.830000 679.037923
28.840000 679.039064
28.850000 679.040201
28.860000 679.041333
28.870000 679.042461
28.880000 679.043583
28.890000 679.044701
28.900000 679.045815
28.910000 679.046924
28.920000 679.048028
28.930000 679.049127
28.940000 679.050222
28.950000 679.051313
28.960000 679.052399
28.970000 679.053480
28.980000 679.054557
28.990000 679.055629
29.000000 679.056697
29.010000 679.057761
29.020000 679.058820
29.030000 679.059875
29.040000 679.060925
29.050000 679.061971
29.060000 679.063013
29.070000 679.064050
29.080000 679.065083
29.090000 679.066112
29.100000 679.067136
29.110000 679.068156
29.120000 679.069172
29.130000 679.070184
29.140000 679.071192
29.150000 679.072195
29.160000 679.073194
29.170000 679.074189
29.180000 679.075180
29.190000 679.076167
29.200000 679.077149
29.210000 679.078128
29.220000 679.079103
29.230000 679.080073
29.240000 679.081039
29.250000 679.082002
29.260000 679.082960
29.270000 679.083915
29.280000 679.084865
29.290000 679.085812
29.300000 679.086754
29.310000 679.087693
29.320000 679.088628
29.330000 679.089559
29.340000 679.090486
29.350000 679.091409
29.360000 679.092328
29.370000 679.093244
29.380000 679.094155
29.390000 679.095063
29.400000 679.095968
29.410000 679.096868
29.420000 679.097765
29.430000 679.098658
29.440000 679.099547
29.450000 679.100432
29.460000 679.101314
29.470000 679.102192
29.480000 679.103067
29.490000 679.103938
29.500000 679.104805
29.510000 679.105669
29.520000 679.106529
29.530000 679.107385
29.540000 679.108238
29.550000 679.109088
29.560000 679.109934
29.570000 679.110776
29.580000 679.111615
29.590000 679.112450
29.600000 679.113282
29.610000 679.114111
29.620000 679.114936
29.630000 679.115757
29.640000 679.116575
29.650000 679.117390
29.660000 679.118202
29.670000 679.119010
29.680000 679.119814
29.690000 679.120616
29.700000 679.121414
29.710000 679.122208
29.720000 679.123000
29.730000 679.123788
29.740000 679.124573
29.750000 679.125354
29.760000 679.126132
29.770000 679.126907
29.780000 679.127679
29.790000 679.128448
29.800000 679.129213
29.810000 679.129976
29.820000 679.130735
29.830000 679.131491
29.840000 679.132244
29.850000 679.132993
29.860000 679.133740
29.870000 679.134483
29.880000 679.135224
29.890000 679.135961
29.900000 679.136695
29.910000 679.137426
29.920000 679.138155
29.930000 679.138880
29.940000 679.139602
29.950000 679.140321
29.960000 679.141037
29.970000 679.141750
29.980000 679.142460
29.990000 679.143168
30.000000 679.143872
30.010000 679.144573
30.020000 679.145272
30.030000 679.145967
30.040000 679.146660
30.050000 679.147350
30.060000 679.148037
30.070000 679.148721
30.080000 679.149402
30.090000 679.150080
30.100000 679.150756
30.110000 679.151429
30.120000 679.152098
30.130000 679.152766
30.140000 679.153430
30.150000 679.154092
30.160000 679.154751
30.170000 679.155407
30.180000 679.156060
30.190000 679.156711
30.200000 679.157359
30.210000 679.158004
30.220000 679.158647
30.230000 679.159287
30.240000 679.159924
30.250000 679.160559
30.260000 679.161191
30.270000 679.161820
30.280000 679.162447
30.290000 679.163071
30.300000 679.163693
30.310000 679.164312
30.320000 679.164928
30.330000 679.165542
30.340000 679.166153
30.350000 679.166762
30.360000 679.167369
30.370000 679.167972
30.380000 679.168573
30.390000 679.169172
30.400000 679.169768
30.410000 679.170362
30.420000 679.170953
30.430000 679.171542
30.440000 679.172129
30.450000 679.172713
30.460000 679.173294
30.470000 679.173873
30.480000 679.174450
30.490000 679.175024
30.500000 679.175596
30.510000 679.176166
30.520000 679.176733
30.530000 679.177298
30.540000 679.177860
30.550000 679.178420
30.560000 679.178978
30.570000 679.179534
30.580000 679.180087
30.590000 679.180638
30.600000 679.181186
30.610000 679.181733
30.620000 679.182277
30.630000 679.182818
30.640000 679.183358
30.650000 679.183895
30.660000 679.184430
30.670000 679.184963
30.680000 679.185494
30.690000 679.186022
30.700000 679.186548
30.710000 679.187072
30.720000 679.187594
30.730000 679.188114
30.740000 679.188632
30.750000 679.189147
30.760000 679.189660
30.770000 679.190171
30.780000 679.190680
30.790000 679.191187
30.800000 679.191692
30.810000 679.192195
30.820000 679.192695
30.830000 679.193194
30.840000 679.193690
30.850000 679.194184
30.860000 679.194677
30.870000 679.195167
30.880000 679.195655
30.890000 679.196141
30.900000 679.196625
30.910000 679.197108
30.920000 679.197588
30.930000 679.198066
30.940000 679.198542
30.950000 679.199016
30.960000 679.199489
30.970000 679.199959
30.980000 679.200427
30.990000 679.200893
31.000000 679.201358
31.010000 679.201820
31.020000 679.202281
31.030000 679.202740
31.040000 679.203196
31.050000 679.203651
31.060000 679.204104
31.070000 679.204555
31.080000 679.205004
31.090000 679.205452
31.100000 679.205897
31.110000 679.206341
31.120000 679.206783
31.130000 679.207223
31.140000 679.207661
31.150000 679.208097
31.160000 679.208532
31.170000 679.208964
31.180000 679.209395
31.190000 679.209824
31.200000 679.210252
31.210000 679.210677
31.220000 679.211101
31.230000 679.211523
31.240000 679.211943
31.250000 679.212362
31.260000 679.212778
31.270000 679.213193
31.280000 679.213607
31.290000 679.214018
31.300000 679.214428
31.310000 679.214836
31.320000 679.215243
31.330000 679.215648
31.340000 679.216051
31.350000 679.216452
31.360000 679.216852
31.370000 679.217250
31.380000 679.217647
31.390000 679.218041
31.400000 679.218434
31.410000 679.218826
31.420000 679.219216
31.430000 679.219604
31.440000 679.219991
31.450000 679.220376
31.460000 679.220759
31.470000 679.221141
31.480000 679.221522
31.490000 679.221900
31.500000 679.222277
31.510000 679.222653
31.520000 679.223027
31.530000 679.223399
31.540000 679.223770
31.550000 679.224140
31.560000 679.224507
31.570000 679.224874
31.580000 679.225239
31.590000 679.225602
31.600000 679.225964
31.610000 679.226324
31.620000 679.226682
31.630000 679.227040
31.640000 679.227396
31.650000 679.227750
31.660000 679.228103
31.670000 679.228454
31.680000 679.228804
31.690000 679.229152
31.700000 679.229499
31.710000 679.229845
31.720000 679.230189
31.730000 679.230532
31.740000 679.230873
31.750000 679.231213
31.760000 679.231551
31.770000 679.231888
31.780000 679.232224
31.790000 679.232558
31.800000 679.232891
31.810000 679.233222
31.820000 679.233552
31.830000 679.233881
31.840000 679.234208
31.850000 679.234534
31.860000 679.234859
31.870000 679.235182
31.880000 679.235504
31.890000 679.235825
31.900000 679.236144
31.910000 679.236462
31.920000 679.236779
31.930000 679.237094
31.940000 679.237408
31.950000 679.237721
31.960000 679.238032
31.970000 679.238342
31.980000 679.238651
31.990000 679.238958
32.000000 679.239265
32.010000 679.239570
32.020000 679.239873
32.030000 679.240176
32.040000 679.240477
32.050000 679.240777
32.060000 679.241076
32.070000 679.241373
32.080000 679.241669
32.090000 679.241964
32.100000 679.242258
32.110000 679.242550
32.120000 679.242842
32.130000 679.243132
32.140000 679.243421
32.150000 679.243708
32.160000 679.243995
32.170000 679.244280
32.180000 679.244564
32.190000 679.244847
32.200000 679.245129
32.210000 679.245410
32.220000 679.245689
32.230000 679.245967
32.240000 679.246244
32.250000 679.246520
32.260000 679.246795
32.270000 679.247069
32.280000 679.247341
32.290000 679.247613
32.300000 679.247883
32.310000 679.248152
32.320000 679.248420
32.330000 679.248687
32.340000 679.248953
32.350000 679.249218
32.360000 679.249481
32.370000 679.249744
32.380000 679.250005
32.390000 679.250266
32.400000 679.250525
32.410000 679.250783
32.420000 679.251040
32.430000 679.251296
32.440000 679.251551
32.450000 679.251805
32.460000 679.252058
32.470000 679.252310
32.480000 679.252560
32.490000 679.252810
32.500000 679.253059
32.510000 679.253306
32.520000 679.253553
32.530000 679.253799
32.540000 679.254043
32.550000 679.254287
32.560000 679.254529
32.570000 679.254771
32.580000 679.255011
32.590000 679.255251
32.600000 679.255489
32.610000 679.255727
32.620000 679.255963
32.630000 679.256199
32.640000 679.256434
32.650000 679.256667
32.660000 679.256900
32.670000 679.257131
32.680000 679.257362
32.690000 679.257592
32.700000 679.257821
32.710000 679.258049
32.720000 679.258275
32.730000 679.258501
32.740000 679.258726
32.750000 679.258951
32.760000 679.259174
32.770000 679.259396
32.780000 679.259617
32.790000 679.259838
32.800000 679.260057
32.810000 679.260276
32.820000 679.260493
32.830000 679.260710
32.840000 679.260926
