0.000000 1001.000000
0.010000 1001.000018
0.020000 1001.000036
0.030000 1001.000055
0.040000 1001.000073
0.050000 1001.000092
0.060000 1001.000110
0.070000 1001.000129
0.080000 1001.000148
0.090000 1001.000167
0.100000 1001.000186
0.110000 1001.000205
0.120000 1001.000225
0.130000 1001.000244
0.140000 1001.000264
0.150000 1001.000283
0.160000 1001.000303
0.170000 1001.000323
0.180000 1001.000343
0.190000 1001.000363
0.200000 1001.000384
0.210000 1001.000404
0.220000 1001.000425
0.230000 1001.000445
0.240000 1001.000466
0.250000 1001.000487
0.260000 1001.000508
0.270000 1001.000529
0.280000 1001.000550
0.290000 1001.000572
0.300000 1001.000593
0.310000 1001.000615
0.320000 1001.000637
0.330000 1001.000659
0.340000 1001.000681
0.350000 1001.000703
0.360000 1001.000725
0.370000 1001.000748
0.380000 1001.000770
0.390000 1001.000793
0.400000 1001.000816
0.410000 1001.000839
0.420000 1001.000862
0.430000 1001.000885
0.440000 1001.000908
0.450000 1001.000932
0.460000 1001.000956
0.470000 1001.000979
0.480000 1001.001003
0.490000 1001.001028
0.500000 1001.001052
0.510000 1001.001076
0.520000 1001.001101
0.530000 1001.001125
0.540000 1001.001150
0.550000 1001.001175
0.560000 1001.001200
0.570000 1001.001226
0.580000 1001.001251
0.590000 1001.001277
0.600000 1001.001302
0.610000 1001.001328
0.620000 1001.001354
0.630000 1001.001380
0.640000 1001.001407
0.650000 1001.001433
0.660000 1001.001460
0.670000 1001.001487
0.680000 1001.001514
0.690000 1001.001541
0.700000 1001.001568
0.710000 1001.001596
0.720000 1001.001623
0.730000 1001.001651
0.740000 1001.001679
0.750000 1001.001707
0.760000 1001.001735
0.770000 1001.001764
0.780000 1001.001792
0.790000 1001.001821
0.800000 1001.001850
0.810000 1001.001879
0.820000 1001.001909
0.830000 1001.001938
0.840000 1001.001968
0.850000 1001.001998
0.860000 1001.002028
0.870000 1001.002058
0.880000 1001.002088
0.890000 1001.002119
0.900000 1001.002149
0.910000 1001.002180
0.920000 1001.002211
0.930000 1001.002243
0.940000 1001.002274
0.950000 1001.002306
0.960000 1001.002338
0.970000 1001.002370
0.980000 1001.002402
0.990000 1001.002434
1.000000 1001.002467
1.010000 1001.002500
1.020000 1001.002533
1.030000 1001.002566
1.040000 1001.002599
1.050000 1001.002633
1.060000 1001.002667
1.070000 1001.002701
1.080000 1001.002735
1.090000 1001.002769
1.100000 1001.002804
1.110000 1001.002838
1.120000 1001.002873
1.130000 1001.002909
1.140000 1001.002944
1.150000 1001.002980
1.160000 1001.003015
1.170000 1001.003052
1.180000 1001.003088
1.190000 1001.003124
1.200000 1001.003161
1.210000 1001.003198
1.220000 1001.003235
1.230000 1001.003272
1.240000 1001.003310
1.250000 1001.003348
1.260000 1001.003386
1.270000 1001.003424
1.280000 1001.003462
1.290000 1001.003501
1.300000 1001.003540
1.310000 1001.003579
1.320000 1001.003618
1.330000 1001.003658
1.340000 1001.003698
1.350000 1001.003738
1.360000 1001.003778
1.370000 1001.003819
1.380000 1001.003859
1.390000 1001.003900
1.400000 1001.003942
1.410000 1001.003983
1.420000 1001.004025
1.430000 1001.004067
1.440000 1001.004109
1.450000 1001.004152
1.460000 1001.004194
1.470000 1001.004237
1.480000 1001.004280
1.490000 1001.004324
1.500000 1001.004368
1.510000 1001.004412
1.520000 1001.004456
1.530000 1001.004500
1.540000 1001.004545
1.550000 1001.004590
1.560000 1001.004636
1.570000 1001.004681
1.580000 1001.004727
1.590000 1001.004773
1.600000 1001.004819
1.610000 1001.004866
1.620000 1001.004913
1.630000 1001.004960
1.640000 1001.005008
1.650000 1001.005055
1.660000 1001.005103
1.670000 1001.005152
1.680000 1001.005200
1.690000 1001.005249
1.700000 1001.005298
1.710000 1001.005348
1.720000 1001.005398
1.730000 1001.005448
1.740000 1001.005498
1.750000 1001.005549
1.760000 1001.005599
1.770000 1001.005651
1.780000 1001.005702
1.790000 1001.005754
1.800000 1001.005806
1.810000 1001.005859
1.820000 1001.005911
1.830000 1001.005964
1.840000 1001.006018
1.850000 1001.006071
1.860000 1001.006125
1.870000 1001.006180
1.880000 1001.006234
1.890000 1001.006289
1.900000 1001.006344
1.910000 1001.006400
1.920000 1001.006456
1.930000 1001.006512
1.940000 1001.006568
1.950000 1001.006625
1.960000 1001.006682
1.970000 1001.006740
1.980000 1001.006798
1.990000 1001.006856
2.000000 1001.006915
2.010000 1001.006973
2.020000 1001.007033
2.030000 1001.007092
2.040000 1001.007152
2.050000 1001.007212
2.060000 1001.007273
2.070000 1001.007334
2.080000 1001.007395
2.090000 1001.007457
2.100000 1001.007519
2.110000 1001.007581
2.120000 1001.007644
2.130000 1001.007707
2.140000 1001.007771
2.150000 1001.007834
2.160000 1001.007899
2.170000 1001.007963
2.180000 1001.008028
2.190000 1001.008093
2.200000 1001.008159
2.210000 1001.008225
2.220000 1001.008292
2.230000 1001.008359
2.240000 1001.008426
2.250000 1001.008493
2.260000 1001.008561
2.270000 1001.008630
2.280000 1001.008699
2.290000 1001.008768
2.300000 1001.008837
2.310000 1001.008907
2.320000 1001.008978
2.330000 1001.009049
2.340000 1001.009120
2.350000 1001.009191
2.360000 1001.009264
2.370000 1001.009336
2.380000 1001.009409
2.390000 1001.009482
2.400000 1001.009556
2.410000 1001.009630
2.420000 1001.009704
2.430000 1001.009779
2.440000 1001.009855
2.450000 1001.009931
2.460000 1001.010007
2.470000 1001.010084
2.480000 1001.010161
2.490000 1001.010238
2.500000 1001.010316
2.510000 1001.010395
2.520000 1001.010474
2.530000 1001.010553
2.540000 1001.010633
2.550000 1001.010713
2.560000 1001.010794
2.570000 1001.010875
2.580000 1001.010957
2.590000 1001.011039
2.600000 1001.011122
2.610000 1001.011205
2.620000 1001.011289
2.630000 1001.011373
2.640000 1001.011457
2.650000 1001.011542
2.660000 1001.011628
2.670000 1001.011714
2.680000 1001.011800
2.690000 1001.011887
2.700000 1001.011974
2.710000 1001.012062
2.720000 1001.012151
2.730000 1001.012240
2.740000 1001.012329
2.750000 1001.012419
2.760000 1001.012510
2.770000 1001.012601
2.780000 1001.012692
2.790000 1001.012784
2.800000 1001.012877
2.810000 1001.012970
2.820000 1001.013063
2.830000 1001.013157
2.840000 1001.013252
2.850000 1001.013347
2.860000 1001.013443
2.870000 1001.013539
2.880000 1001.013636
2.890000 1001.013733
2.900000 1001.013831
2.910000 1001.013930
2.920000 1001.014029
2.930000 1001.014128
2.940000 1001.014228
2.950000 1001.014329
2.960000 1001.014430
2.970000 1001.014532
2.980000 1001.014634
2.990000 1001.014737
3.000000 1001.014841
3.010000 1001.014945
3.020000 1001.015050
3.030000 1001.015155
3.040000 1001.015261
3.050000 1001.015367
3.060000 1001.015475
3.070000 1001.015582
3.080000 1001.015690
3.090000 1001.015799
3.100000 1001.015909
3.110000 1001.016019
3.120000 1001.016130
3.130000 1001.016241
3.140000 1001.016353
3.150000 1001.016466
3.160000 1001.016579
3.170000 1001.016693
3.180000 1001.016807
3.190000 1001.016922
3.200000 1001.017038
3.210000 1001.017154
3.220000 1001.017271
3.230000 1001.017389
3.240000 1001.017507
3.250000 1001.017626
3.260000 1001.017746
3.270000 1001.017866
3.280000 1001.017987
3.290000 1001.018109
3.300000 1001.018231
3.310000 1001.018354
3.320000 1001.018478
3.330000 1001.018602
3.340000 1001.018727
3.350000 1001.018853
3.360000 1001.018980
3.370000 1001.019107
3.380000 1001.019235
3.390000 1001.019363
3.400000 1001.019492
3.410000 1001.019622
3.420000 1001.019753
3.430000 1001.019884
3.440000 1001.020016
3.450000 1001.020149
3.460000 1001.020283
3.470000 1001.020417
3.480000 1001.020552
3.490000 1001.020688
3.500000 1001.020824
3.510000 1001.020962
3.520000 1001.021100
3.530000 1001.021238
3.540000 1001.021378
3.550000 1001.021518
3.560000 1001.021659
3.570000 1001.021801
3.580000 1001.021943
3.590000 1001.022087
3.600000 1001.022231
3.610000 1001.022376
3.620000 1001.022521
3.630000 1001.022668
3.640000 1001.022815
3.650000 1001.022963
3.660000 1001.023112
3.670000 1001.023262
3.680000 1001.023412
3.690000 1001.023564
3.700000 1001.023716
3.710000 1001.023869
3.720000 1001.024022
3.730000 1001.024177
3.740000 1001.024332
3.750000 1001.024489
3.760000 1001.024646
3.770000 1001.024804
3.780000 1001.024962
3.790000 1001.025122
3.800000 1001.025282
3.810000 1001.025444
3.820000 1001.025606
3.830000 1001.025769
3.840000 1001.025933
3.850000 1001.026098
3.860000 1001.026263
3.870000 1001.026430
3.880000 1001.026597
3.890000 1001.026766
3.900000 1001.026935
3.910000 1001.027105
3.920000 1001.027276
3.930000 1001.027448
3.940000 1001.027621
3.950000 1001.027795
3.960000 1001.027970
3.970000 1001.028145
3.980000 1001.028322
3.990000 1001.028499
4.000000 1001.028678
4.010000 1001.028857
4.020000 1001.029037
4.030000 1001.029218
4.040000 1001.029401
4.050000 1001.029584
4.060000 1001.029768
4.070000 1001.029953
4.080000 1001.030139
4.090000 1001.030326
4.100000 1001.030514
4.110000 1001.030703
4.120000 1001.030893
4.130000 1001.031084
4.140000 1001.031276
4.150000 1001.031469
4.160000 1001.031663
4.170000 1001.031857
4.180000 1001.032053
4.190000 1001.032250
4.200000 1001.032448
4.210000 1001.032647
4.220000 1001.032847
4.230000 1001.033048
4.240000 1001.033251
4.250000 1001.033454
4.260000 1001.033658
4.270000 1001.033863
4.280000 1001.034069
4.290000 1001.034277
4.300000 1001.034485
4.310000 1001.034695
4.320000 1001.034905
4.330000 1001.035117
4.340000 1001.035330
4.350000 1001.035543
4.360000 1001.035758
4.370000 1001.035974
4.380000 1001.036191
4.390000 1001.036409
4.400000 1001.036629
4.410000 1001.036849
4.420000 1001.037071
4.430000 1001.037293
4.440000 1001.037517
4.450000 1001.037742
4.460000 1001.037968
4.470000 1001.038195
4.480000 1001.038423
4.490000 1001.038653
4.500000 1001.038883
4.510000 1001.039115
4.520000 1001.039348
4.530000 1001.039582
4.540000 1001.039817
4.550000 1001.040053
4.560000 1001.040291
4.570000 1001.040530
4.580000 1001.040770
4.590000 1001.041011
4.600000 1001.041253
4.610000 1001.041497
4.620000 1001.041741
4.630000 1001.041987
4.640000 1001.042234
4.650000 1001.042483
4.660000 1001.042732
4.670000 1001.042983
4.680000 1001.043235
4.690000 1001.043488
4.700000 1001.043743
4.710000 1001.043999
4.720000 1001.044256
4.730000 1001.044514
4.740000 1001.044773
4.750000 1001.045034
4.760000 1001.045296
4.770000 1001.045559
4.780000 1001.045824
4.790000 1001.046090
4.800000 1001.046357
4.810000 1001.046625
4.820000 1001.046895
4.830000 1001.047166
4.840000 1001.047438
4.850000 1001.047712
4.860000 1001.047987
4.870000 1001.048263
4.880000 1001.048541
4.890000 1001.048819
4.900000 1001.049100
4.910000 1001.049381
4.920000 1001.049664
4.930000 1001.049948
4.940000 1001.050234
4.950000 1001.050521
4.960000 1001.050809
4.970000 1001.051098
4.980000 1001.051389
4.990000 1001.051682
5.000000 1001.051975
5.010000 1001.052270
5.020000 1001.052567
5.030000 1001.052865
5.040000 1001.053164
5.050000 1001.053464
5.060000 1001.053766
5.070000 1001.054070
5.080000 1001.054374
5.090000 1001.054681
5.100000 1001.054988
5.110000 1001.055297
5.120000 1001.055608
5.130000 1001.055919
5.140000 1001.056233
5.150000 1001.056547
5.160000 1001.056864
5.170000 1001.057181
5.180000 1001.057500
5.190000 1001.057821
5.200000 1001.058143
5.210000 1001.058466
5.220000 1001.058791
5.230000 1001.059117
5.240000 1001.059445
5.250000 1001.059774
5.260000 1001.060105
5.270000 1001.060437
5.280000 1001.060770
5.290000 1001.061106
5.300000 1001.061442
5.310000 1001.061780
5.320000 1001.062120
5.330000 1001.062461
5.340000 1001.062804
5.350000 1001.063148
5.360000 1001.063493
5.370000 1001.063841
5.380000 1001.064189
5.390000 1001.064539
5.400000 1001.064891
5.410000 1001.065244
5.420000 1001.065599
5.430000 1001.065955
5.440000 1001.066313
5.450000 1001.066673
5.460000 1001.067034
5.470000 1001.067396
5.480000 1001.067760
5.490000 1001.068126
5.500000 1001.068493
5.510000 1001.068861
5.520000 1001.069232
5.530000 1001.069603
5.540000 1001.069977
5.550000 1001.070352
5.560000 1001.070728
5.570000 1001.071106
5.580000 1001.071486
5.590000 1001.071867
5.600000 1001.072250
5.610000 1001.072635
5.620000 1001.073021
5.630000 1001.073409
5.640000 1001.073798
5.650000 1001.074189
5.660000 1001.074581
5.670000 1001.074975
5.680000 1001.075371
5.690000 1001.075768
5.700000 1001.076167
5.710000 1001.076568
5.720000 1001.076970
5.730000 1001.077374
5.740000 1001.077779
5.750000 1001.078186
5.760000 1001.078595
5.770000 1001.079005
5.780000 1001.079417
5.790000 1001.079830
5.800000 1001.080246
5.810000 1001.080662
5.820000 1001.081081
5.830000 1001.081501
5.840000 1001.081923
5.850000 1001.082346
5.860000 1001.082771
5.870000 1001.083198
5.880000 1001.083626
5.890000 1001.084056
5.900000 1001.084488
5.910000 1001.084921
5.920000 1001.085356
5.930000 1001.085793
5.940000 1001.086231
5.950000 1001.086671
5.960000 1001.087113
5.970000 1001.087556
5.980000 1001.088001
5.990000 1001.088448
6.000000 1001.088896
6.010000 1001.089346
6.020000 1001.089798
6.030000 1001.090251
6.040000 1001.090706
6.050000 1001.091163
6.060000 1001.091621
6.070000 1001.092081
6.080000 1001.092543
6.090000 1001.093006
6.100000 1001.093471
6.110000 1001.093938
6.120000 1001.094406
6.130000 1001.094876
6.140000 1001.095348
6.150000 1001.095822
6.160000 1001.096297
6.170000 1001.096773
6.180000 1001.097252
6.190000 1001.097732
6.200000 1001.098214
6.210000 1001.098698
6.220000 1001.099183
6.230000 1001.099670
6.240000 1001.100158
6.250000 1001.100648
6.260000 1001.101140
6.270000 1001.101634
6.280000 1001.102129
6.290000 1001.102626
6.300000 1001.103125
6.310000 1001.103625
6.320000 1001.104127
6.330000 1001.104631
6.340000 1001.105136
6.350000 1001.105643
6.360000 1001.106152
6.370000 1001.106662
6.380000 1001.107174
6.390000 1001.107688
6.400000 1001.108203
6.410000 1001.108720
6.420000 1001.109239
6.430000 1001.109759
6.440000 1001.110281
6.450000 1001.110805
6.460000 1001.111330
6.470000 1001.111857
6.480000 1001.112386
6.490000 1001.112916
6.500000 1001.113448
6.510000 1001.113981
6.520000 1001.114516
6.530000 1001.115053
6.540000 1001.115592
6.550000 1001.116132
6.560000 1001.116674
6.570000 1001.117217
6.580000 1001.117762
6.590000 1001.118308
6.600000 1001.118857
6.610000 1001.119407
6.620000 1001.119958
6.630000 1001.120511
6.640000 1001.121066
6.650000 1001.121622
6.660000 1001.122180
6.670000 1001.122739
6.680000 1001.123301
6.690000 1001.123863
6.700000 1001.124428
6.710000 1001.124993
6.720000 1001.125561
6.730000 1001.126130
6.740000 1001.126700
6.750000 1001.127273
6.760000 1001.127846
6.770000 1001.128422
6.780000 1001.128998
6.790000 1001.129577
6.800000 1001.130157
6.810000 1001.130738
6.820000 1001.131321
6.830000 1001.131906
6.840000 1001.132492
6.850000 1001.133080
6.860000 1001.133669
6.870000 1001.134259
6.880000 1001.134852
6.890000 1001.135445
6.900000 1001.136040
6.910000 1001.136637
6.920000 1001.137235
6.930000 1001.137835
6.940000 1001.138436
6.950000 1001.139038
6.960000 1001.139642
6.970000 1001.140248
6.980000 1001.140855
6.990000 1001.141463
7.000000 1001.142073
7.010000 1001.142684
7.020000 1001.143297
7.030000 1001.143911
7.040000 1001.144527
7.050000 1001.145144
7.060000 1001.145762
7.070000 1001.146382
7.080000 1001.147003
7.090000 1001.147626
7.100000 1001.148250
7.110000 1001.148875
7.120000 1001.149501
7.130000 1001.150129
7.140000 1001.150759
7.150000 1001.151390
7.160000 1001.152022
7.170000 1001.152655
7.180000 1001.153290
7.190000 1001.153926
7.200000 1001.154563
7.210000 1001.155201
7.220000 1001.155841
7.230000 1001.156482
7.240000 1001.157125
7.250000 1001.157769
7.260000 1001.158414
7.270000 1001.159060
7.280000 1001.159707
7.290000 1001.160356
7.300000 1001.161006
7.310000 1001.161657
7.320000 1001.162309
7.330000 1001.162963
7.340000 1001.163617
7.350000 1001.164273
7.360000 1001.164930
7.370000 1001.165589
7.380000 1001.166248
7.390000 1001.166909
7.400000 1001.167570
7.410000 1001.168233
7.420000 1001.168897
7.430000 1001.169562
7.440000 1001.170228
7.450000 1001.170895
7.460000 1001.171564
7.470000 1001.172233
7.480000 1001.172903
7.490000 1001.173575
7.500000 1001.174247
7.510000 1001.174921
7.520000 1001.175596
7.530000 1001.176271
7.540000 1001.176948
7.550000 1001.177625
7.560000 1001.178304
7.570000 1001.178984
7.580000 1001.179664
7.590000 1001.180346
7.600000 1001.181028
7.610000 1001.181711
7.620000 1001.182396
7.630000 1001.183081
7.640000 1001.183767
7.650000 1001.184454
7.660000 1001.185142
7.670000 1001.185831
7.680000 1001.186520
7.690000 1001.187211
7.700000 1001.187902
7.710000 1001.188594
7.720000 1001.189287
7.730000 1001.189981
7.740000 1001.190675
7.750000 1001.191371
7.760000 1001.192067
7.770000 1001.192763
7.780000 1001.193461
7.790000 1001.194159
7.800000 1001.194859
7.810000 1001.195558
7.820000 1001.196259
7.830000 1001.196960
7.840000 1001.197662
7.850000 1001.198365
7.860000 1001.199068
7.870000 1001.199772
7.880000 1001.200476
7.890000 1001.201181
7.900000 1001.201887
7.910000 1001.202593
7.920000 1001.203300
7.930000 1001.204008
7.940000 1001.204716
7.950000 1001.205425
7.960000 1001.206134
7.970000 1001.206844
7.980000 1001.207554
7.990000 1001.208265
8.000000 1001.208976
8.010000 1001.209688
8.020000 1001.210400
8.030000 1001.211113
8.040000 1001.211826
8.050000 1001.212540
8.060000 1001.213254
8.070000 1001.213968
8.080000 1001.214683
8.090000 1001.215399
8.100000 1001.216114
8.110000 1001.216831
8.120000 1001.217547
8.130000 1001.218264
8.140000 1001.218981
8.150000 1001.219698
8.160000 1001.220416
8.170000 1001.221134
8.180000 1001.221853
8.190000 1001.222571
8.200000 1001.223290
8.210000 1001.224009
8.220000 1001.224729
8.230000 1001.225449
8.240000 1001.226168
8.250000 1001.226889
8.260000 1001.227609
8.270000 1001.228329
8.280000 1001.229050
8.290000 1001.229771
8.300000 1001.230492
8.310000 1001.231213
8.320000 1001.231934
8.330000 1001.232656
8.340000 1001.233377
8.350000 1001.234099
8.360000 1001.234821
8.370000 1001.235542
8.380000 1001.236264
8.390000 1001.236986
8.400000 1001.237708
8.410000 1001.238430
8.420000 1001.239152
8.430000 1001.239874
8.440000 1001.240596
8.450000 1001.241318
8.460000 1001.242040
8.470000 1001.242762
8.480000 1001.243484
8.490000 1001.244206
8.500000 1001.244928
8.510000 1001.245649
8.520000 1001.246371
8.530000 1001.247092
8.540000 1001.247814
8.550000 1001.248535
8.560000 1001.249256
8.570000 1001.249977
8.580000 1001.250698
8.590000 1001.251419
8.600000 1001.252139
8.610000 1001.252860
8.620000 1001.253580
8.630000 1001.254300
8.640000 1001.255020
8.650000 1001.255739
8.660000 1001.256458
8.670000 1001.257178
8.680000 1001.257896
8.690000 1001.258615
8.700000 1001.259333
8.710000 1001.260051
8.720000 1001.260769
8.730000 1001.261486
8.740000 1001.262203
8.750000 1001.262920
8.760000 1001.263636
8.770000 1001.264353
8.780000 1001.265068
8.790000 1001.265784
8.800000 1001.266499
8.810000 1001.267213
8.820000 1001.267928
8.830000 1001.268641
8.840000 1001.269355
8.850000 1001.270068
8.860000 1001.270781
8.870000 1001.271493
8.880000 1001.272205
8.890000 1001.272916
8.900000 1001.273627
8.910000 1001.274337
8.920000 1001.275047
8.930000 1001.275757
8.940000 1001.276466
8.950000 1001.277174
8.960000 1001.277882
8.970000 1001.278590
8.980000 1001.279297
8.990000 1001.280003
9.000000 1001.280709
9.010000 1001.281415
9.020000 1001.282119
9.030000 1001.282824
9.040000 1001.283527
9.050000 1001.284231
9.060000 1001.284933
9.070000 1001.285635
9.080000 1001.286337
9.090000 1001.287037
9.100000 1001.287738
9.110000 1001.288437
9.120000 1001.289136
9.130000 1001.289835
9.140000 1001.290532
9.150000 1001.291230
9.160000 1001.291926
9.170000 1001.292622
9.180000 1001.293317
9.190000 1001.294011
9.200000 1001.294705
9.210000 1001.295399
9.220000 1001.296091
9.230000 1001.296783
9.240000 1001.297474
9.250000 1001.298164
9.260000 1001.298854
9.270000 1001.299543
9.280000 1001.300231
9.290000 1001.300919
9.300000 1001.301606
9.310000 1001.302292
9.320000 1001.302978
9.330000 1001.303662
9.340000 1001.304346
9.350000 1001.305029
9.360000 1001.305712
9.370000 1001.306394
9.380000 1001.307075
9.390000 1001.307755
9.400000 1001.308434
9.410000 1001.309113
9.420000 1001.309791
9.430000 1001.310468
9.440000 1001.311144
9.450000 1001.311820
9.460000 1001.312495
9.470000 1001.313169
9.480000 1001.313842
9.490000 1001.314514
9.500000 1001.315186
9.510000 1001.315857
9.520000 1001.316527
9.530000 1001.317196
9.540000 1001.317864
9.550000 1001.318532
9.560000 1001.319198
9.570000 1001.319864
9.580000 1001.320529
9.590000 1001.321194
9.600000 1001.321857
9.610000 1001.322520
9.620000 1001.323181
9.630000 1001.323842
9.640000 1001.324502
9.650000 1001.325161
9.660000 1001.325820
9.670000 1001.326477
9.680000 1001.327134
9.690000 1001.327790
9.700000 1001.328445
9.710000 1001.329099
9.720000 1001.329752
9.730000 1001.330405
9.740000 1001.331056
9.750000 1001.331707
9.760000 1001.332357
9.770000 1001.333006
9.780000 1001.333654
9.790000 1001.334301
9.800000 1001.334947
9.810000 1001.335593
9.820000 1001.336238
9.830000 1001.336881
9.840000 1001.337524
9.850000 1001.338166
9.860000 1001.338807
9.870000 1001.339448
9.880000 1001.340087
9.890000 1001.340726
9.900000 1001.341363
9.910000 1001.342000
9.920000 1001.342636
9.930000 1001.343271
9.940000 1001.343905
9.950000 1001.344539
9.960000 1001.345171
9.970000 1001.345803
9.980000 1001.346433
9.990000 1001.347063
10.000000 1001.347692
10.010000 1001.348320
10.020000 1001.348947
10.030000 1001.349574
10.040000 1001.350199
10.050000 1001.350824
10.060000 1001.351447
10.070000 1001.352070
10.080000 1001.352692
10.090000 1001.353313
10.100000 1001.353933
10.110000 1001.354553
10.120000 1001.355171
10.130000 1001.355789
10.140000 1001.356405
10.150000 1001.357021
10.160000 1001.357636
10.170000 1001.358250
10.180000 1001.358864
10.190000 1001.359476
10.200000 1001.360088
10.210000 1001.360698
10.220000 1001.361308
10.230000 1001.361917
10.240000 1001.362525
10.250000 1001.363132
10.260000 1001.363739
10.270000 1001.364344
10.280000 1001.364949
10.290000 1001.365553
10.300000 1001.366156
10.310000 1001.366758
10.320000 1001.367359
10.330000 1001.367960
10.340000 1001.368559
10.350000 1001.369158
10.360000 1001.369756
10.370000 1001.370353
10.380000 1001.370949
10.390000 1001.371545
10.400000 1001.372139
10.410000 1001.372733
10.420000 1001.373326
10.430000 1001.373918
10.440000 1001.374509
10.450000 1001.375099
10.460000 1001.375689
10.470000 1001.376278
10.480000 1001.376866
10.490000 1001.377453
10.500000 1001.378039
10.510000 1001.378624
10.520000 1001.379209
10.530000 1001.379793
10.540000 1001.380376
10.550000 1001.380958
10.560000 1001.381540
10.570000 1001.382120
10.580000 1001.382700
10.590000 1001.383279
10.600000 1001.383857
10.610000 1001.384434
10.620000 1001.385011
10.630000 1001.385587
10.640000 1001.386162
10.650000 1001.386736
10.660000 1001.387309
10.670000 1001.387882
10.680000 1001.388454
10.690000 1001.389025
10.700000 1001.389595
10.710000 1001.390165
10.720000 1001.390733
10.730000 1001.391301
10.740000 1001.391868
10.750000 1001.392435
10.760000 1001.393000
10.770000 1001.393565
10.780000 1001.394129
10.790000 1001.394693
10.800000 1001.395255
10.810000 1001.395817
10.820000 1001.396378
10.830000 1001.396938
10.840000 1001.397498
10.850000 1001.398056
10.860000 1001.398614
10.870000 1001.399172
10.880000 1001.399728
10.890000 1001.400284
10.900000 1001.400839
10.910000 1001.401393
10.920000 1001.401947
10.930000 1001.402499
10.940000 1001.403051
10.950000 1001.403603
10.960000 1001.404153
10.970000 1001.404703
10.980000 1001.405252
10.990000 1001.405800
11.000000 1001.406348
11.010000 1001.406895
11.020000 1001.407441
11.030000 1001.407986
11.040000 1001.408531
11.050000 1001.409075
11.060000 1001.409618
11.070000 1001.410161
11.080000 1001.410703
11.090000 1001.411244
11.100000 1001.411784
11.110000 1001.412324
11.120000 1001.412863
11.130000 1001.413401
11.140000 1001.413939
11.150000 1001.414476
11.160000 1001.415012
11.170000 1001.415547
11.180000 1001.416082
11.190000 1001.416616
11.200000 1001.417149
11.210000 1001.417682
11.220000 1001.418214
11.230000 1001.418745
11.240000 1001.419276
11.250000 1001.419805
11.260000 1001.420335
11.270000 1001.420863
11.280000 1001.421391
11.290000 1001.421918
11.300000 1001.422444
11.310000 1001.422970
11.320000 1001.423495
11.330000 1001.424019
11.340000 1001.424543
11.350000 1001.425066
11.360000 1001.425588
11.370000 1001.426110
11.380000 1001.426631
11.390000 1001.427151
11.400000 1001.427670
11.410000 1001.428189
11.420000 1001.428707
11.430000 1001.429225
11.440000 1001.429742
11.450000 1001.430258
11.460000 1001.430773
11.470000 1001.431288
11.480000 1001.431802
11.490000 1001.432316
11.500000 1001.432829
11.510000 1001.433341
11.520000 1001.433852
11.530000 1001.434363
11.540000 1001.434873
11.550000 1001.435382
11.560000 1001.435891
11.570000 1001.436399
11.580000 1001.436907
11.590000 1001.437414
11.600000 1001.437920
11.610000 1001.438425
11.620000 1001.438930
11.630000 1001.439434
11.640000 1001.439937
11.650000 1001.440440
11.660000 1001.440942
11.670000 1001.441444
11.680000 1001.441945
11.690000 1001.442445
11.700000 1001.442944
11.710000 1001.443443
11.720000 1001.443941
11.730000 1001.444439
11.740000 1001.444935
11.750000 1001.445431
11.760000 1001.445927
11.770000 1001.446422
11.780000 1001.446916
11.790000 1001.447409
11.800000 1001.447902
11.810000 1001.448394
11.820000 1001.448886
11.830000 1001.449377
11.840000 1001.449867
11.850000 1001.450356
11.860000 1001.450845
11.870000 1001.451334
11.880000 1001.451821
11.890000 1001.452308
11.900000 1001.452794
11.910000 1001.453280
11.920000 1001.453765
11.930000 1001.454249
11.940000 1001.454732
11.950000 1001.455215
11.960000 1001.455697
11.970000 1001.456179
11.980000 1001.456660
11.990000 1001.457140
12.000000 1001.457620
12.010000 1001.458098
12.020000 1001.458577
12.030000 1001.459054
12.040000 1001.459531
12.050000 1001.460007
12.060000 1001.460483
12.070000 1001.460958
12.080000 1001.461432
12.090000 1001.461905
12.100000 1001.462378
12.110000 1001.462851
12.120000 1001.463322
12.130000 1001.463793
12.140000 1001.464263
12.150000 1001.464733
12.160000 1001.465201
12.170000 1001.465670
12.180000 1001.466137
12.190000 1001.466604
12.200000 1001.467070
12.210000 1001.467535
12.220000 1001.468000
12.230000 1001.468464
12.240000 1001.468928
12.250000 1001.469391
12.260000 1001.469853
12.270000 1001.470314
12.280000 1001.470775
12.290000 1001.471235
12.300000 1001.471694
12.310000 1001.472153
12.320000 1001.472611
12.330000 1001.473068
12.340000 1001.473524
12.350000 1001.473980
12.360000 1001.474436
12.370000 1001.474890
12.380000 1001.475344
12.390000 1001.475797
12.400000 1001.476250
12.410000 1001.476701
12.420000 1001.477152
12.430000 1001.477603
12.440000 1001.478052
12.450000 1001.478501
12.460000 1001.478950
12.470000 1001.479397
12.480000 1001.479844
12.490000 1001.480290
12.500000 1001.480736
12.510000 1001.481181
12.520000 1001.481625
12.530000 1001.482068
12.540000 1001.482511
12.550000 1001.482953
12.560000 1001.483394
12.570000 1001.483835
12.580000 1001.484275
12.590000 1001.484714
12.600000 1001.485152
12.610000 1001.485590
12.620000 1001.486027
12.630000 1001.486463
12.640000 1001.486899
12.650000 1001.487334
12.660000 1001.487768
12.670000 1001.488202
12.680000 1001.488634
12.690000 1001.489066
12.700000 1001.489498
12.710000 1001.489928
12.720000 1001.490358
12.730000 1001.490787
12.740000 1001.491216
12.750000 1001.491643
12.760000 1001.492070
12.770000 1001.492497
12.780000 1001.492922
12.790000 1001.493347
12.800000 1001.493771
12.810000 1001.494195
12.820000 1001.494617
12.830000 1001.495039
12.840000 1001.495460
12.850000 1001.495881
12.860000 1001.496300
12.870000 1001.496719
12.880000 1001.497138
12.890000 1001.497555
12.900000 1001.497972
12.910000 1001.498388
12.920000 1001.498803
12.930000 1001.499218
12.940000 1001.499631
12.950000 1001.500045
12.960000 1001.500457
12.970000 1001.500868
12.980000 1001.501279
12.990000 1001.501689
13.000000 1001.502099
13.010000 1001.502507
13.020000 1001.502915
13.030000 1001.503322
13.040000 1001.503729
13.050000 1001.504134
13.060000 1001.504539
13.070000 1001.504943
13.080000 1001.505346
13.090000 1001.505749
13.100000 1001.506151
13.110000 1001.506552
13.120000 1001.506952
13.130000 1001.507352
13.140000 1001.507751
13.150000 1001.508149
13.160000 1001.508546
13.170000 1001.508943
13.180000 1001.509338
13.190000 1001.509733
13.200000 1001.510128
13.210000 1001.510521
13.220000 1001.510914
13.230000 1001.511306
13.240000 1001.511697
13.250000 1001.512087
13.260000 1001.512477
13.270000 1001.512866
13.280000 1001.513254
13.290000 1001.513641
13.300000 1001.514028
13.310000 1001.514414
13.320000 1001.514799
13.330000 1001.515183
13.340000 1001.515567
13.350000 1001.515949
13.360000 1001.516331
13.370000 1001.516712
13.380000 1001.517093
13.390000 1001.517473
13.400000 1001.517851
13.410000 1001.518229
13.420000 1001.518607
13.430000 1001.518983
13.440000 1001.519359
13.450000 1001.519734
13.460000 1001.520108
13.470000 1001.520482
13.480000 1001.520854
13.490000 1001.521226
13.500000 1001.521597
13.510000 1001.521967
13.520000 1001.522337
13.530000 1001.522706
13.540000 1001.523074
13.550000 1001.523441
13.560000 1001.523807
13.570000 1001.524173
13.580000 1001.524537
13.590000 1001.524901
13.600000 1001.525265
13.610000 1001.525627
13.620000 1001.525989
13.630000 1001.526350
13.640000 1001.526710
13.650000 1001.527069
13.660000 1001.527428
13.670000 1001.527785
13.680000 1001.528142
13.690000 1001.528498
13.700000 1001.528854
13.710000 1001.529208
13.720000 1001.529562
13.730000 1001.529915
13.740000 1001.530267
13.750000 1001.530618
13.760000 1001.530969
13.770000 1001.531319
13.780000 1001.531668
13.790000 1001.532016
13.800000 1001.532364
13.810000 1001.532710
13.820000 1001.533056
13.830000 1001.533401
13.840000 1001.533745
13.850000 1001.534089
13.860000 1001.534432
13.870000 1001.534773
13.880000 1001.535115
13.890000 1001.535455
13.900000 1001.535794
13.910000 1001.536133
13.920000 1001.536471
13.930000 1001.536808
13.940000 1001.537145
13.950000 1001.537480
13.960000 1001.537815
13.970000 1001.538149
13.980000 1001.538482
13.990000 1001.538814
14.000000 1001.539146
14.010000 1001.539477
14.020000 1001.539807
14.030000 1001.540136
14.040000 1001.540464
14.050000 1001.540792
14.060000 1001.541119
14.070000 1001.541445
14.080000 1001.541770
14.090000 1001.542094
14.100000 1001.542418
14.110000 1001.542741
14.120000 1001.543063
14.130000 1001.543384
14.140000 1001.543705
14.150000 1001.544024
14.160000 1001.544343
14.170000 1001.544661
14.180000 1001.544979
14.190000 1001.545295
14.200000 1001.545611
14.210000 1001.545926
14.220000 1001.546240
14.230000 1001.546553
14.240000 1001.546866
14.250000 1001.547178
14.260000 1001.547489
14.270000 1001.547799
14.280000 1001.548109
14.290000 1001.548417
14.300000 1001.548725
14.310000 1001.549032
14.320000 1001.549338
14.330000 1001.549644
14.340000 1001.549949
14.350000 1001.550252
14.360000 1001.550556
14.370000 1001.550858
14.380000 1001.551160
14.390000 1001.551460
14.400000 1001.551760
14.410000 1001.552060
14.420000 1001.552358
14.430000 1001.552656
14.440000 1001.552952
14.450000 1001.553249
14.460000 1001.553544
14.470000 1001.553838
14.480000 1001.554132
14.490000 1001.554425
14.500000 1001.554717
14.510000 1001.555009
14.520000 1001.555299
14.530000 1001.555589
14.540000 1001.555878
14.550000 1001.556167
14.560000 1001.556454
14.570000 1001.556741
14.580000 1001.557027
14.590000 1001.557312
14.600000 1001.557597
14.610000 1001.557880
14.620000 1001.558163
14.630000 1001.558445
14.640000 1001.558727
14.650000 1001.559007
14.660000 1001.559287
14.670000 1001.559566
14.680000 1001.559845
14.690000 1001.560122
14.700000 1001.560399
14.710000 1001.560675
14.720000 1001.560950
14.730000 1001.561225
14.740000 1001.561498
14.750000 1001.561771
14.760000 1001.562044
14.770000 1001.562315
14.780000 1001.562586
14.790000 1001.562856
14.800000 1001.563125
14.810000 1001.563393
14.820000 1001.563661
14.830000 1001.563928
14.840000 1001.564194
14.850000 1001.564459
14.860000 1001.564724
14.870000 1001.564988
14.880000 1001.565251
14.890000 1001.565514
14.900000 1001.565775
14.910000 1001.566036
14.920000 1001.566296
14.930000 1001.566556
14.940000 1001.566814
14.950000 1001.567072
14.960000 1001.567329
14.970000 1001.567586
14.980000 1001.567842
14.990000 1001.568097
15.000000 1001.568351
15.010000 1001.568604
15.020000 1001.568857
15.030000 1001.569109
15.040000 1001.569360
15.050000 1001.569611
15.060000 1001.569861
15.070000 1001.570110
15.080000 1001.570358
15.090000 1001.570606
15.100000 1001.570853
15.110000 1001.571099
15.120000 1001.571344
15.130000 1001.571589
15.140000 1001.571833
15.150000 1001.572076
15.160000 1001.572319
15.170000 1001.572561
15.180000 1001.572802
15.190000 1001.573042
15.200000 1001.573282
15.210000 1001.573521
15.220000 1001.573759
15.230000 1001.573997
15.240000 1001.574233
15.250000 1001.574469
15.260000 1001.574705
15.270000 1001.574939
15.280000 1001.575173
15.290000 1001.575407
15.300000 1001.575639
15.310000 1001.575871
15.320000 1001.576102
15.330000 1001.576333
15.340000 1001.576563
15.350000 1001.576792
15.360000 1001.577020
15.370000 1001.577248
15.380000 1001.577475
15.390000 1001.577701
15.400000 1001.577926
15.410000 1001.578151
15.420000 1001.578375
15.430000 1001.578599
15.440000 1001.578822
15.450000 1001.579044
15.460000 1001.579265
15.470000 1001.579486
15.480000 1001.579706
15.490000 1001.579925
15.500000 1001.580144
15.510000 1001.580362
15.520000 1001.580579
15.530000 1001.580796
15.540000 1001.581012
15.550000 1001.581227
15.560000 1001.581442
15.570000 1001.581656
15.580000 1001.581869
15.590000 1001.582082
15.600000 1001.582294
15.610000 1001.582505
15.620000 1001.582716
15.630000 1001.582926
15.640000 1001.583135
15.650000 1001.583344
15.660000 1001.583552
15.670000 1001.583759
15.680000 1001.583965
15.690000 1001.584171
15.700000 1001.584377
15.710000 1001.584581
15.720000 1001.584786
15.730000 1001.584989
15.740000 1001.585192
15.750000 1001.585394
15.760000 1001.585595
15.770000 1001.585796
15.780000 1001.585996
15.790000 1001.586195
15.800000 1001.586394
15.810000 1001.586593
15.820000 1001.586790
15.830000 1001.586987
15.840000 1001.587183
15.850000 1001.587379
15.860000 1001.587574
15.870000 1001.587768
15.880000 1001.587962
15.890000 1001.588155
15.900000 1001.588348
15.910000 1001.588540
15.920000 1001.588731
15.930000 1001.588922
15.940000 1001.589112
15.950000 1001.589301
15.960000 1001.589490
15.970000 1001.589678
15.980000 1001.589865
15.990000 1001.590052
16.000000 1001.590239
16.010000 1001.590424
16.020000 1001.590609
16.030000 1001.590794
16.040000 1001.590978
16.050000 1001.591161
16.060000 1001.591343
16.070000 1001.591525
16.080000 1001.591707
16.090000 1001.591888
16.100000 1001.592068
16.110000 1001.592248
16.120000 1001.592427
16.130000 1001.592605
16.140000 1001.592783
16.150000 1001.592960
16.160000 1001.593137
16.170000 1001.593313
16.180000 1001.593488
16.190000 1001.593663
16.200000 1001.593837
16.210000 1001.594011
16.220000 1001.594184
16.230000 1001.594357
16.240000 1001.594529
16.250000 1001.594700
16.260000 1001.594871
16.270000 1001.595041
16.280000 1001.595211
16.290000 1001.595380
16.300000 1001.595548
16.310000 1001.595716
16.320000 1001.595884
16.330000 1001.596051
16.340000 1001.596217
16.350000 1001.596383
16.360000 1001.596548
16.370000 1001.596712
16.380000 1001.596876
16.390000 1001.597040
16.400000 1001.597202
16.410000 1001.597365
16.420000 1001.597527
16.430000 1001.597688
16.440000 1001.597848
16.450000 1001.598008
16.460000 1001.598168
16.470000 1001.598327
16.480000 1001.598486
16.490000 1001.598643
16.500000 1001.598801
16.510000 1001.598958
16.520000 1001.599114
16.530000 1001.599270
16.540000 1001.599425
16.550000 1001.599580
16.560000 1001.599734
16.570000 1001.599887
16.580000 1001.600040
16.590000 1001.600193
16.600000 1001.600345
16.610000 1001.600496
16.620000 1001.600647
16.630000 1001.600798
16.640000 1001.600948
16.650000 1001.601097
16.660000 1001.601246
16.670000 1001.601394
16.680000 1001.601542
16.690000 1001.601690
16.700000 1001.601836
16.710000 1001.601983
16.720000 1001.602128
16.730000 1001.602274
16.740000 1001.602418
16.750000 1001.602563
16.760000 1001.602706
16.770000 1001.602850
16.780000 1001.602992
16.790000 1001.603135
16.800000 1001.603276
16.810000 1001.603418
16.820000 1001.603558
16.830000 1001.603699
16.840000 1001.603838
16.850000 1001.603978
16.860000 1001.604116
16.870000 1001.604255
16.880000 1001.604392
16.890000 1001.604530
16.900000 1001.604666
16.910000 1001.604803
16.920000 1001.604939
16.930000 1001.605074
16.940000 1001.605209
16.950000 1001.605343
16.960000 1001.605477
16.970000 1001.605611
16.980000 1001.605744
16.990000 1001.605876
17.000000 1001.606008
17.010000 1001.606140
17.020000 1001.606271
17.030000 1001.606401
17.040000 1001.606531
17.050000 1001.606661
17.060000 1001.606790
17.070000 1001.606919
17.080000 1001.607047
17.090000 1001.607175
17.100000 1001.607302
17.110000 1001.607429
17.120000 1001.607556
17.130000 1001.607682
17.140000 1001.607807
17.150000 1001.607932
17.160000 1001.608057
17.170000 1001.608181
17.180000 1001.608305
17.190000 1001.608428
17.200000 1001.608551
17.210000 1001.608673
17.220000 1001.608795
17.230000 1001.608917
17.240000 1001.609038
17.250000 1001.609159
17.260000 1001.609279
17.270000 1001.609399
17.280000 1001.609518
17.290000 1001.609637
17.300000 1001.609755
17.310000 1001.609873
17.320000 1001.609991
17.330000 1001.610108
17.340000 1001.610225
17.350000 1001.610341
17.360000 1001.610457
17.370000 1001.610573
17.380000 1001.610688
17.390000 1001.610802
17.400000 1001.610916
17.410000 1001.611030
17.420000 1001.611144
17.430000 1001.611257
17.440000 1001.611369
17.450000 1001.611481
17.460000 1001.611593
17.470000 1001.611704
17.480000 1001.611815
17.490000 1001.611926
17.500000 1001.612036
17.510000 1001.612145
17.520000 1001.612255
17.530000 1001.612364
17.540000 1001.612472
17.550000 1001.612580
17.560000 1001.612688
17.570000 1001.612795
17.580000 1001.612902
17.590000 1001.613009
17.600000 1001.613115
17.610000 1001.613220
17.620000 1001.613326
17.630000 1001.613431
17.640000 1001.613535
17.650000 1001.613639
17.660000 1001.613743
17.670000 1001.613846
17.680000 1001.613949
17.690000 1001.614052
17.700000 1001.614154
17.710000 1001.614256
17.720000 1001.614358
17.730000 1001.614459
17.740000 1001.614560
17.750000 1001.614660
17.760000 1001.614760
17.770000 1001.614859
17.780000 1001.614959
17.790000 1001.615058
17.800000 1001.615156
17.810000 1001.615254
17.820000 1001.615352
17.830000 1001.615449
17.840000 1001.615546
17.850000 1001.615643
17.860000 1001.615739
17.870000 1001.615835
17.880000 1001.615931
17.890000 1001.616026
17.900000 1001.616121
17.910000 1001.616215
17.920000 1001.616310
17.930000 1001.616403
17.940000 1001.616497
17.950000 1001.616590
17.960000 1001.616683
17.970000 1001.616775
17.980000 1001.616867
17.990000 1001.616959
18.000000 1001.617050
18.010000 1001.617141
18.020000 1001.617232
18.030000 1001.617322
18.040000 1001.617412
18.050000 1001.617502
18.060000 1001.617591
18.070000 1001.617680
18.080000 1001.617769
18.090000 1001.617857
18.100000 1001.617945
18.110000 1001.618033
18.120000 1001.618120
18.130000 1001.618207
18.140000 1001.618294
18.150000 1001.618380
18.160000 1001.618466
18.170000 1001.618552
18.180000 1001.618637
18.190000 1001.618722
18.200000 1001.618807
18.210000 1001.618891
18.220000 1001.618975
18.230000 1001.619059
18.240000 1001.619143
18.250000 1001.619226
18.260000 1001.619309
18.270000 1001.619391
18.280000 1001.619473
18.290000 1001.619555
18.300000 1001.619637
18.310000 1001.619718
18.320000 1001.619799
18.330000 1001.619879
18.340000 1001.619960
18.350000 1001.620040
18.360000 1001.620119
18.370000 1001.620199
18.380000 1001.620278
18.390000 1001.620357
18.400000 1001.620435
18.410000 1001.620513
18.420000 1001.620591
18.430000 1001.620669
18.440000 1001.620746
18.450000 1001.620823
18.460000 1001.620900
18.470000 1001.620976
18.480000 1001.621052
18.490000 1001.621128
18.500000 1001.621204
18.510000 1001.621279
18.520000 1001.621354
18.530000 1001.621428
18.540000 1001.621503
18.550000 1001.621577
18.560000 1001.621651
18.570000 1001.621724
18.580000 1001.621797
18.590000 1001.621870
18.600000 1001.621943
18.610000 1001.622015
18.620000 1001.622088
18.630000 1001.622159
18.640000 1001.622231
18.650000 1001.622302
18.660000 1001.622373
18.670000 1001.622444
18.680000 1001.622515
18.690000 1001.622585
18.700000 1001.622655
18.710000 1001.622724
18.720000 1001.622794
18.730000 1001.622863
18.740000 1001.622932
18.750000 1001.623000
18.760000 1001.623069
18.770000 1001.623137
18.780000 1001.623204
18.790000 1001.623272
18.800000 1001.623339
18.810000 1001.623406
18.820000 1001.623473
18.830000 1001.623539
18.840000 1001.623606
18.850000 1001.623672
18.860000 1001.623737
18.870000 1001.623803
18.880000 1001.623868
18.890000 1001.623933
18.900000 1001.623998
18.910000 1001.624062
18.920000 1001.624126
18.930000 1001.624190
18.940000 1001.624254
18.950000 1001.624317
18.960000 1001.624381
18.970000 1001.624444
18.980000 1001.624506
18.990000 1001.624569
19.000000 1001.624631
19.010000 1001.624693
19.020000 1001.624755
19.030000 1001.624816
19.040000 1001.624878
19.050000 1001.624939
19.060000 1001.624999
19.070000 1001.625060
19.080000 1001.625120
19.090000 1001.625180
19.100000 1001.625240
19.110000 1001.625300
19.120000 1001.625359
19.130000 1001.625418
19.140000 1001.625477
19.150000 1001.625536
19.160000 1001.625594
19.170000 1001.625653
19.180000 1001.625711
19.190000 1001.625768
19.200000 1001.625826
19.210000 1001.625883
19.220000 1001.625940
19.230000 1001.625997
19.240000 1001.626054
19.250000 1001.626110
19.260000 1001.626166
19.270000 1001.626222
19.280000 1001.626278
19.290000 1001.626334
19.300000 1001.626389
19.310000 1001.626444
19.320000 1001.626499
19.330000 1001.626554
19.340000 1001.626608
19.350000 1001.626662
19.360000 1001.626716
19.370000 1001.626770
19.380000 1001.626824
19.390000 1001.626877
19.400000 1001.626931
19.410000 1001.626983
19.420000 1001.627036
19.430000 1001.627089
19.440000 1001.627141
19.450000 1001.627193
19.460000 1001.627245
19.470000 1001.627297
19.480000 1001.627349
19.490000 1001.627400
19.500000 1001.627451
19.510000 1001.627502
19.520000 1001.627553
19.530000 1001.627603
19.540000 1001.627654
19.550000 1001.627704
19.560000 1001.627754
19.570000 1001.627803
19.580000 1001.627853
19.590000 1001.627902
19.600000 1001.627951
19.610000 1001.628000
19.620000 1001.628049
19.630000 1001.628098
19.640000 1001.628146
19.650000 1001.628194
19.660000 1001.628242
19.670000 1001.628290
19.680000 1001.628338
19.690000 1001.628385
19.700000 1001.628432
19.710000 1001.628479
19.720000 1001.628526
19.730000 1001.628573
19.740000 1001.628619
19.750000 1001.628666
19.760000 1001.628712
19.770000 1001.628758
19.780000 1001.628804
19.790000 1001.628849
19.800000 1001.628895
19.810000 1001.628940
19.820000 1001.628985
19.830000 1001.629030
19.840000 1001.629074
19.850000 1001.629119
19.860000 1001.629163
19.870000 1001.629207
19.880000 1001.629251
19.890000 1001.629295
19.900000 1001.629339
19.910000 1001.629382
19.920000 1001.629426
19.930000 1001.629469
19.940000 1001.629512
19.950000 1001.629554
19.960000 1001.629597
19.970000 1001.629639
19.980000 1001.629682
19.990000 1001.629724
20.000000 1001.629766
20.010000 1001.629807
20.020000 1001.629849
20.030000 1001.629890
20.040000 1001.629932
20.050000 1001.629973
20.060000 1001.630014
20.070000 1001.630054
20.080000 1001.630095
20.090000 1001.630136
20.100000 1001.630176
20.110000 1001.630216
20.120000 1001.630256
20.130000 1001.630296
20.140000 1001.630335
20.150000 1001.630375
20.160000 1001.630414
20.170000 1001.630453
20.180000 1001.630492
20.190000 1001.630531
20.200000 1001.630570
20.210000 1001.630608
20.220000 1001.630647
20.230000 1001.630685
20.240000 1001.630723
20.250000 1001.630761
20.260000 1001.630799
20.270000 1001.630837
20.280000 1001.630874
20.290000 1001.630911
20.300000 1001.630949
20.310000 1001.630986
20.320000 1001.631022
20.330000 1001.631059
20.340000 1001.631096
20.350000 1001.631132
20.360000 1001.631169
20.370000 1001.631205
20.380000 1001.631241
20.390000 1001.631277
20.400000 1001.631312
20.410000 1001.631348
20.420000 1001.631383
20.430000 1001.631419
20.440000 1001.631454
20.450000 1001.631489
20.460000 1001.631524
20.470000 1001.631558
20.480000 1001.631593
20.490000 1001.631627
20.500000 1001.631662
20.510000 1001.631696
20.520000 1001.631730
20.530000 1001.631764
20.540000 1001.631798
20.550000 1001.631831
20.560000 1001.631865
20.570000 1001.631898
20.580000 1001.631931
20.590000 1001.631964
20.600000 1001.631997
20.610000 1001.632030
20.620000 1001.632063
20.630000 1001.632095
20.640000 1001.632128
20.650000 1001.632160
20.660000 1001.632192
20.670000 1001.632224
20.680000 1001.632256
20.690000 1001.632288
20.700000 1001.632320
20.710000 1001.632351
20.720000 1001.632383
20.730000 1001.632414
20.740000 1001.632445
20.750000 1001.632476
20.760000 1001.632507
20.770000 1001.632538
20.780000 1001.632568
20.790000 1001.632599
20.800000 1001.632629
20.810000 1001.632660
20.820000 1001.632690
20.830000 1001.632720
20.840000 1001.632750
20.850000 1001.632779
20.860000 1001.632809
20.870000 1001.632839
20.880000 1001.632868
20.890000 1001.632897
20.900000 1001.632927
20.910000 1001.632956
20.920000 1001.632985
20.930000 1001.633014
20.940000 1001.633042
20.950000 1001.633071
20.960000 1001.633099
20.970000 1001.633128
20.980000 1001.633156
20.990000 1001.633184
21.000000 1001.633212
21.010000 1001.633240
21.020000 1001.633268
21.030000 1001.633296
21.040000 1001.633323
21.050000 1001.633351
21.060000 1001.633378
21.070000 1001.633405
21.080000 1001.633432
21.090000 1001.633460
21.100000 1001.633486
21.110000 1001.633513
21.120000 1001.633540
21.130000 1001.633567
21.140000 1001.633593
21.150000 1001.633619
21.160000 1001.633646
21.170000 1001.633672
21.180000 1001.633698
21.190000 1001.633724
21.200000 1001.633750
21.210000 1001.633776
21.220000 1001.633801
21.230000 1001.633827
21.240000 1001.633852
21.250000 1001.633878
21.260000 1001.633903
21.270000 1001.633928
21.280000 1001.633953
21.290000 1001.633978
21.300000 1001.634003
21.310000 1001.634027
21.320000 1001.634052
21.330000 1001.634077
21.340000 1001.634101
21.350000 1001.634125
21.360000 1001.634150
21.370000 1001.634174
21.380000 1001.634198
21.390000 1001.634222
21.400000 1001.634245
21.410000 1001.634269
21.420000 1001.634293
21.430000 1001.634316
21.440000 1001.634340
21.450000 1001.634363
21.460000 1001.634386
21.470000 1001.634410
21.480000 1001.634433
21.490000 1001.634456
21.500000 1001.634479
21.510000 1001.634501
21.520000 1001.634524
21.530000 1001.634547
21.540000 1001.634569
21.550000 1001.634592
21.560000 1001.634614
21.570000 1001.634636
21.580000 1001.634658
21.590000 1001.634680
21.600000 1001.634702
21.610000 1001.634724
21.620000 1001.634746
21.630000 1001.634768
21.640000 1001.634789
21.650000 1001.634811
21.660000 1001.634832
21.670000 1001.634854
21.680000 1001.634875
21.690000 1001.634896
21.700000 1001.634917
21.710000 1001.634938
21.720000 1001.634959
21.730000 1001.634980
21.740000 1001.635001
21.750000 1001.635021
21.760000 1001.635042
21.770000 1001.635063
21.780000 1001.635083
21.790000 1001.635103
21.800000 1001.635124
21.810000 1001.635144
21.820000 1001.635164
21.830000 1001.635184
21.840000 1001.635204
21.850000 1001.635224
21.860000 1001.635243
21.870000 1001.635263
21.880000 1001.635283
21.890000 1001.635302
21.900000 1001.635322
21.910000 1001.635341
21.920000 1001.635360
21.930000 1001.635379
21.940000 1001.635399
21.950000 1001.635418
21.960000 1001.635437
21.970000 1001.635456
21.980000 1001.635474
21.990000 1001.635493
22.000000 1001.635512
22.010000 1001.635530
22.020000 1001.635549
22.030000 1001.635567
22.040000 1001.635586
22.050000 1001.635604
22.060000 1001.635622
22.070000 1001.635640
22.080000 1001.635658
22.090000 1001.635676
22.100000 1001.635694
22.110000 1001.635712
22.120000 1001.635730
22.130000 1001.635748
22.140000 1001.635765
22.150000 1001.635783
22.160000 1001.635800
22.170000 1001.635818
22.180000 1001.635835
22.190000 1001.635852
22.200000 1001.635869
22.210000 1001.635887
22.220000 1001.635904
22.230000 1001.635921
22.240000 1001.635938
22.250000 1001.635954
22.260000 1001.635971
22.270000 1001.635988
22.280000 1001.636004
22.290000 1001.636021
22.300000 1001.636038
22.310000 1001.636054
22.320000 1001.636070
22.330000 1001.636087
22.340000 1001.636103
22.350000 1001.636119
22.360000 1001.636135
22.370000 1001.636151
22.380000 1001.636167
22.390000 1001.636183
22.400000 1001.636199
22.410000 1001.636215
22.420000 1001.636230
22.430000 1001.636246
22.440000 1001.636262
22.450000 1001.636277
22.460000 1001.636293
22.470000 1001.636308
22.480000 1001.636323
22.490000 1001.636339
22.500000 1001.636354
22.510000 1001.636369
22.520000 1001.636384
22.530000 1001.636399
22.540000 1001.636414
22.550000 1001.636429
22.560000 1001.636444
22.570000 1001.636459
22.580000 1001.636473
22.590000 1001.636488
22.600000 1001.636503
22.610000 1001.636517
22.620000 1001.636532
22.630000 1001.636546
22.640000 1001.636560
22.650000 1001.636575
22.660000 1001.636589
22.670000 1001.636603
22.680000 1001.636617
22.690000 1001.636631
22.700000 1001.636645
22.710000 1001.636659
22.720000 1001.636673
22.730000 1001.636687
22.740000 1001.636701
22.750000 1001.636714
22.760000 1001.636728
22.770000 1001.636742
22.780000 1001.636755
22.790000 1001.636769
22.800000 1001.636782
22.810000 1001.636796
22.820000 1001.636809
22.830000 1001.636822
22.840000 1001.636835
22.850000 1001.636849
22.860000 1001.636862
22.870000 1001.636875
22.880000 1001.636888
22.890000 1001.636901
22.900000 1001.636914
22.910000 1001.636927
22.920000 1001.636939
22.930000 1001.636952
22.940000 1001.636965
22.950000 1001.636977
22.960000 1001.636990
22.970000 1001.637003
22.980000 1001.637015
22.990000 1001.637027
23.000000 1001.637040
23.010000 1001.637052
23.020000 1001.637064
23.030000 1001.637077
23.040000 1001.637089
23.050000 1001.637101
23.060000 1001.637113
23.070000 1001.637125
23.080000 1001.637137
23.090000 1001.637149
23.100000 1001.637161
23.110000 1001.637173
23.120000 1001.637185
23.130000 1001.637196
23.140000 1001.637208
23.150000 1001.637220
23.160000 1001.637231
23.170000 1001.637243
23.180000 1001.637254
23.190000 1001.637266
23.200000 1001.637277
23.210000 1001.637288
23.220000 1001.637300
23.230000 1001.637311
23.240000 1001.637322
23.250000 1001.637333
23.260000 1001.637345
23.270000 1001.637356
23.280000 1001.637367
23.290000 1001.637378
23.300000 1001.637389
23.310000 1001.637399
23.320000 1001.637410
23.330000 1001.637421
23.340000 1001.637432
23.350000 1001.637443
23.360000 1001.637453
23.370000 1001.637464
23.380000 1001.637475
23.390000 1001.637485
23.400000 1001.637496
23.410000 1001.637506
23.420000 1001.637516
23.430000 1001.637527
23.440000 1001.637537
23.450000 1001.637547
23.460000 1001.637558
23.470000 1001.637568
23.480000 1001.637578
23.490000 1001.637588
23.500000 1001.637598
23.510000 1001.637608
23.520000 1001.637618
23.530000 1001.637628
23.540000 1001.637638
23.550000 1001.637648
23.560000 1001.637658
23.570000 1001.637668
23.580000 1001.637677
23.590000 1001.637687
23.600000 1001.637697
23.610000 1001.637706
23.620000 1001.637716
23.630000 1001.637726
23.640000 1001.637735
23.650000 1001.637745
23.660000 1001.637754
23.670000 1001.637763
23.680000 1001.637773
23.690000 1001.637782
23.700000 1001.637791
23.710000 1001.637801
23.720000 1001.637810
23.730000 1001.637819
23.740000 1001.637828
23.750000 1001.637837
23.760000 1001.637846
23.770000 1001.637855
23.780000 1001.637864
23.790000 1001.637873
23.800000 1001.637882
23.810000 1001.637891
23.820000 1001.637900
23.830000 1001.637909
23.840000 1001.637917
23.850000 1001.637926
23.860000 1001.637935
23.870000 1001.637943
23.880000 1001.637952
23.890000 1001.637961
23.900000 1001.637969
23.910000 1001.637978
23.920000 1001.637986
23.930000 1001.637995
23.940000 1001.638003
23.950000 1001.638011
23.960000 1001.638020
23.970000 1001.638028
23.980000 1001.638036
23.990000 1001.638044
24.000000 1001.638053
24.010000 1001.638061
24.020000 1001.638069
24.030000 1001.638077
24.040000 1001.638085
24.050000 1001.638093
24.060000 1001.638101
24.070000 1001.638109
24.080000 1001.638117
24.090000 1001.638125
24.100000 1001.638133
24.110000 1001.638141
24.120000 1001.638148
24.130000 1001.638156
24.140000 1001.638164
24.150000 1001.638172
24.160000 1001.638179
24.170000 1001.638187
24.180000 1001.638195
24.190000 1001.638202
24.200000 1001.638210
24.210000 1001.638217
24.220000 1001.638225
24.230000 1001.638232
24.240000 1001.638240
24.250000 1001.638247
24.260000 1001.638254
24.270000 1001.638262
24.280000 1001.638269
24.290000 1001.638276
24.300000 1001.638283
24.310000 1001.638291
24.320000 1001.638298
24.330000 1001.638305
24.340000 1001.638312
24.350000 1001.638319
24.360000 1001.638326
24.370000 1001.638333
24.380000 1001.638340
24.390000 1001.638347
24.400000 1001.638354
24.410000 1001.638361
24.420000 1001.638368
24.430000 1001.638375
24.440000 1001.638382
24.450000 1001.638389
24.460000 1001.638395
24.470000 1001.638402
24.480000 1001.638409
24.490000 1001.638416
24.500000 1001.638422
24.510000 1001.638429
24.520000 1001.638435
24.530000 1001.638442
24.540000 1001.638449
24.550000 1001.638455
24.560000 1001.638462
24.570000 1001.638468
24.580000 1001.638475
24.590000 1001.638481
24.600000 1001.638487
24.610000 1001.638494
24.620000 1001.638500
24.630000 1001.638506
24.640000 1001.638513
24.650000 1001.638519
24.660000 1001.638525
24.670000 1001.638531
24.680000 1001.638538
24.690000 1001.638544
24.700000 1001.638550
24.710000 1001.638556
24.720000 1001.638562
24.730000 1001.638568
24.740000 1001.638574
24.750000 1001.638580
24.760000 1001.638586
24.770000 1001.638592
24.780000 1001.638598
24.790000 1001.638604
24.800000 1001.638610
24.810000 1001.638616
24.820000 1001.638622
24.830000 1001.638627
24.840000 1001.638633
24.850000 1001.638639
24.860000 1001.638645
24.870000 1001.638650
24.880000 1001.638656
24.890000 1001.638662
24.900000 1001.638667
24.910000 1001.638673
24.920000 1001.638679
24.930000 1001.638684
24.940000 1001.638690
24.950000 1001.638695
24.960000 1001.638701
24.970000 1001.638706
24.980000 1001.638712
24.990000 1001.638717
25.000000 1001.638723
25.010000 1001.638728
25.020000 1001.638733
25.030000 1001.638739
25.040000 1001.638744
25.050000 1001.638749
25.060000 1001.638755
25.070000 1001.638760
25.080000 1001.638765
25.090000 1001.638770
25.100000 1001.638776
25.110000 1001.638781
25.120000 1001.638786
25.130000 1001.638791
25.140000 1001.638796
25.150000 1001.638801
25.160000 1001.638806
25.170000 1001.638811
25.180000 1001.638816
25.190000 1001.638821
25.200000 1001.638826
25.210000 1001.638831
25.220000 1001.638836
25.230000 1001.638841
25.240000 1001.638846
25.250000 1001.638851
25.260000 1001.638856
25.270000 1001.638861
25.280000 1001.638866
25.290000 1001.638870
25.300000 1001.638875
25.310000 1001.638880
25.320000 1001.638885
25.330000 1001.638889
25.340000 1001.638894
25.350000 1001.638899
25.360000 1001.638904
25.370000 1001.638908
25.380000 1001.638913
25.390000 1001.638917
25.400000 1001.638922
25.410000 1001.638927
25.420000 1001.638931
25.430000 1001.638936
25.440000 1001.638940
25.450000 1001.638945
25.460000 1001.638949
25.470000 1001.638954
25.480000 1001.638958
25.490000 1001.638963
25.500000 1001.638967
25.510000 1001.638971
25.520000 1001.638976
25.530000 1001.638980
25.540000 1001.638984
25.550000 1001.638989
25.560000 1001.638993
25.570000 1001.638997
25.580000 1001.639002
25.590000 1001.639006
25.600000 1001.639010
25.610000 1001.639014
25.620000 1001.639018
25.630000 1001.639023
25.640000 1001.639027
25.650000 1001.639031
25.660000 1001.639035
25.670000 1001.639039
25.680000 1001.639043
25.690000 1001.639047
25.700000 1001.639051
25.710000 1001.639055
25.720000 1001.639059
25.730000 1001.639063
25.740000 1001.639067
25.750000 1001.639071
25.760000 1001.639075
25.770000 1001.639079
25.780000 1001.639083
25.790000 1001.639087
25.800000 1001.639091
25.810000 1001.639095
25.820000 1001.639099
25.830000 1001.639103
25.840000 1001.639106
25.850000 1001.639110
25.860000 1001.639114
25.870000 1001.639118
25.880000 1001.639121
25.890000 1001.639125
25.900000 1001.639129
25.910000 1001.639133
25.920000 1001.639136
25.930000 1001.639140
25.940000 1001.639144
25.950000 1001.639147
25.960000 1001.639151
25.970000 1001.639155
25.980000 1001.639158
25.990000 1001.639162
26.000000 1001.639165
26.010000 1001.639169
26.020000 1001.639173
26.030000 1001.639176
26.040000 1001.639180
26.050000 1001.639183
26.060000 1001.639187
26.070000 1001.639190
26.080000 1001.639194
26.090000 1001.639197
26.100000 1001.639200
26.110000 1001.639204
26.120000 1001.639207
26.130000 1001.639211
26.140000 1001.639214
26.150000 1001.639217
26.160000 1001.639221
26.170000 1001.639224
26.180000 1001.639227
26.190000 1001.639231
26.200000 1001.639234
26.210000 1001.639237
26.220000 1001.639241
26.230000 1001.639244
26.240000 1001.639247
26.250000 1001.639250
26.260000 1001.639254
26.270000 1001.639257
26.280000 1001.639260
26.290000 1001.639263
26.300000 1001.639266
26.310000 1001.639269
26.320000 1001.639273
26.330000 1001.639276
26.340000 1001.639279
26.350000 1001.639282
26.360000 1001.639285
26.370000 1001.639288
26.380000 1001.639291
26.390000 1001.639294
26.400000 1001.639297
26.410000 1001.639300
26.420000 1001.639303
26.430000 1001.639306
26.440000 1001.639309
26.450000 1001.639312
26.460000 1001.639315
26.470000 1001.639318
26.480000 1001.639321
26.490000 1001.639324
26.500000 1001.639327
26.510000 1001.639330
26.520000 1001.639333
26.530000 1001.639335
26.540000 1001.639338
26.550000 1001.639341
26.560000 1001.639344
26.570000 1001.639347
26.580000 1001.639350
26.590000 1001.639352
26.600000 1001.639355
26.610000 1001.639358
26.620000 1001.639361
26.630000 1001.639364
26.640000 1001.639366
26.650000 1001.639369
26.660000 1001.639372
26.670000 1001.639374
26.680000 1001.639377
26.690000 1001.639380
26.700000 1001.639382
26.710000 1001.639385
26.720000 1001.639388
26.730000 1001.639390
26.740000 1001.639393
26.750000 1001.639396
26.760000 1001.639398
26.770000 1001.639401
26.780000 1001.639404
26.790000 1001.639406
26.800000 1001.639409
26.810000 1001.639411
26.820000 1001.639414
26.830000 1001.639416
26.840000 1001.639419
26.850000 1001.639421
26.860000 1001.639424
26.870000 1001.639426
26.880000 1001.639429
26.890000 1001.639431
26.900000 1001.639434
26.910000 1001.639436
26.920000 1001.639439
26.930000 1001.639441
26.940000 1001.639444
26.950000 1001.639446
26.960000 1001.639448
26.970000 1001.639451
26.980000 1001.639453
26.990000 1001.639455
27.000000 1001.639458
27.010000 1001.639460
27.020000 1001.639463
27.030000 1001.639465
27.040000 1001.639467
27.050000 1001.639470
27.060000 1001.639472
27.070000 1001.639474
27.080000 1001.639476
27.090000 1001.639479
27.100000 1001.639481
27.110000 1001.639483
27.120000 1001.639485
27.130000 1001.639488
27.140000 1001.639490
27.150000 1001.639492
27.160000 1001.639494
27.170000 1001.639497
27.180000 1001.639499
27.190000 1001.639501
27.200000 1001.639503
27.210000 1001.639505
27.220000 1001.639507
27.230000 1001.639510
27.240000 1001.639512
27.250000 1001.639514
27.260000 1001.639516
27.270000 1001.639518
27.280000 1001.639520
27.290000 1001.639522
27.300000 1001.639524
27.310000 1001.639526
27.320000 1001.639529
27.330000 1001.639531
27.340000 1001.639533
27.350000 1001.639535
27.360000 1001.639537
27.370000 1001.639539
27.380000 1001.639541
27.390000 1001.639543
27.400000 1001.639545
27.410000 1001.639547
27.420000 1001.639549
27.430000 1001.639551
27.440000 1001.639553
27.450000 1001.639555
27.460000 1001.639557
27.470000 1001.639559
27.480000 1001.639560
27.490000 1001.639562
27.500000 1001.639564
27.510000 1001.639566
27.520000 1001.639568
27.530000 1001.639570
27.540000 1001.639572
27.550000 1001.639574
27.560000 1001.639576
27.570000 1001.639578
27.580000 1001.639579
27.590000 1001.639581
27.600000 1001.639583
27.610000 1001.639585
27.620000 1001.639587
27.630000 1001.639589
27.640000 1001.639590
27.650000 1001.639592
27.660000 1001.639594
27.670000 1001.639596
27.680000 1001.639598
27.690000 1001.639599
27.700000 1001.639601
27.710000 1001.639603
27.720000 1001.639605
27.730000 1001.639606
27.740000 1001.639608
27.750000 1001.639610
27.760000 1001.639612
27.770000 1001.639613
27.780000 1001.639615
27.790000 1001.639617
27.800000 1001.639618
27.810000 1001.639620
27.820000 1001.639622
27.830000 1001.639623
27.840000 1001.639625
27.850000 1001.639627
27.860000 1001.639628
27.870000 1001.639630
27.880000 1001.639632
27.890000 1001.639633
27.900000 1001.639635
27.910000 1001.639637
27.920000 1001.639638
27.930000 1001.639640
27.940000 1001.639641
27.950000 1001.639643
27.960000 1001.639645
27.970000 1001.639646
27.980000 1001.639648
27.990000 1001.639649
28.000000 1001.639651
28.010000 1001.639652
28.020000 1001.639654
28.030000 1001.639655
28.040000 1001.639657
28.050000 1001.639659
28.060000 1001.639660
28.070000 1001.639662
28.080000 1001.639663
28.090000 1001.639665
28.100000 1001.639666
28.110000 1001.639668
28.120000 1001.639669
28.130000 1001.639671
28.140000 1001.639672
28.150000 1001.639673
28.160000 1001.639675
28.170000 1001.639676
28.180000 1001.639678
28.190000 1001.639679
28.200000 1001.639681
28.210000 1001.639682
28.220000 1001.639684
28.230000 1001.639685
28.240000 1001.639686
28.250000 1001.639688
28.260000 1001.639689
28.270000 1001.639691
28.280000 1001.639692
28.290000 1001.639693
28.300000 1001.639695
28.310000 1001.639696
28.320000 1001.639697
28.330000 1001.639699
28.340000 1001.639700
28.350000 1001.639702
28.360000 1001.639703
28.370000 1001.639704
28.380000 1001.639706
28.390000 1001.639707
28.400000 1001.639708
28.410000 1001.639709
28.420000 1001.639711
28.430000 1001.639712
28.440000 1001.639713
28.450000 1001.639715
28.460000 1001.639716
28.470000 1001.639717
28.480000 1001.639719
28.490000 1001.639720
28.500000 1001.639721
28.510000 1001.639722
28.520000 1001.639724
28.530000 1001.639725
28.540000 1001.639726
28.550000 1001.639727
28.560000 1001.639729
28.570000 1001.639730
28.580000 1001.639731
28.590000 1001.639732
28.600000 1001.639733
28.610000 1001.639735
28.620000 1001.639736
28.630000 1001.639737
28.640000 1001.639738
28.650000 1001.639739
28.660000 1001.639741
28.670000 1001.639742
28.680000 1001.639743
28.690000 1001.639744
28.700000 1001.639745
28.710000 1001.639746
28.720000 1001.639748
28.730000 1001.639749
28.740000 1001.639750
28.750000 1001.639751
28.760000 1001.639752
28.770000 1001.639753
28.780000 1001.639754
28.790000 1001.639756
28.800000 1001.639757
28.810000 1001.639758
28.820000 1001.639759
28.830000 1001.639760
28.840000 1001.639761
28.850000 1001.639762
28.860000 1001.639763
28.870000 1001.639764
28.880000 1001.639765
28.890000 1001.639767
28.900000 1001.639768
28.910000 1001.639769
28.920000 1001.639770
28.930000 1001.639771
28.940000 1001.639772
28.950000 1001.639773
28.960000 1001.639774
28.970000 1001.639775
28.980000 1001.639776
28.990000 1001.639777
29.000000 1001.639778
29.010000 1001.639779
29.020000 1001.639780
29.030000 1001.639781
29.040000 1001.639782
29.050000 1001.639783
29.060000 1001.639784
29.070000 1001.639785
29.080000 1001.639786
29.090000 1001.639787
29.100000 1001.639788
29.110000 1001.639789
29.120000 1001.639790
29.130000 1001.639791
29.140000 1001.639792
29.150000 1001.639793
29.160000 1001.639794
29.170000 1001.639795
29.180000 1001.639796
29.190000 1001.639797
29.200000 1001.639798
29.210000 1001.639799
29.220000 1001.639800
29.230000 1001.639801
29.240000 1001.639802
29.250000 1001.639803
29.260000 1001.639803
29.270000 1001.639804
29.280000 1001.639805
29.290000 1001.639806
29.300000 1001.639807
29.310000 1001.639808
29.320000 1001.639809
29.330000 1001.639810
29.340000 1001.639811
29.350000 1001.639812
29.360000 1001.639812
29.370000 1001.639813
29.380000 1001.639814
29.390000 1001.639815
29.400000 1001.639816
29.410000 1001.639817
29.420000 1001.639818
29.430000 1001.639819
29.440000 1001.639819
29.450000 1001.639820
29.460000 1001.639821
29.470000 1001.639822
29.480000 1001.639823
29.490000 1001.639824
29.500000 1001.639824
29.510000 1001.639825
29.520000 1001.639826
29.530000 1001.639827
29.540000 1001.639828
29.550000 1001.639829
29.560000 1001.639829
29.570000 1001.639830
29.580000 1001.639831
29.590000 1001.639832
29.600000 1001.639833
29.610000 1001.639833
29.620000 1001.639834
29.630000 1001.639835
29.640000 1001.639836
29.650000 1001.639837
29.660000 1001.639837
29.670000 1001.639838
29.680000 1001.639839
29.690000 1001.639840
29.700000 1001.639840
29.710000 1001.639841
29.720000 1001.639842
29.730000 1001.639843
29.740000 1001.639844
29.750000 1001.639844
29.760000 1001.639845
29.770000 1001.639846
29.780000 1001.639847
29.790000 1001.639847
29.800000 1001.639848
29.810000 1001.639849
29.820000 1001.639849
29.830000 1001.639850
29.840000 1001.639851
29.850000 1001.639852
29.860000 1001.639852
29.870000 1001.639853
29.880000 1001.639854
29.890000 1001.639854
29.900000 1001.639855
29.910000 1001.639856
29.920000 1001.639857
29.930000 1001.639857
29.940000 1001.639858
29.950000 1001.639859
29.960000 1001.639859
29.970000 1001.639860
29.980000 1001.639861
29.990000 1001.639861
30.000000 1001.639862
30.010000 1001.639863
30.020000 1001.639863
30.030000 1001.639864
30.040000 1001.639865
30.050000 1001.639865
30.060000 1001.639866
30.070000 1001.639867
30.080000 1001.639867
30.090000 1001.639868
30.100000 1001.639869
30.110000 1001.639869
30.120000 1001.639870
30.130000 1001.639871
30.140000 1001.639871
30.150000 1001.639872
30.160000 1001.639873
30.170000 1001.639873
30.180000 1001.639874
30.190000 1001.639874
30.200000 1001.639875
30.210000 1001.639876
30.220000 1001.639876
30.230000 1001.639877
30.240000 1001.639878
30.250000 1001.639878
30.260000 1001.639879
30.270000 1001.639879
30.280000 1001.639880
30.290000 1001.639881
30.300000 1001.639881
30.310000 1001.639882
30.320000 1001.639882
30.330000 1001.639883
30.340000 1001.639884
30.350000 1001.639884
30.360000 1001.639885
30.370000 1001.639885
30.380000 1001.639886
30.390000 1001.639886
30.400000 1001.639887
30.410000 1001.639888
30.420000 1001.639888
30.430000 1001.639889
30.440000 1001.639889
30.450000 1001.639890
30.460000 1001.639890
30.470000 1001.639891
30.480000 1001.639892
30.490000 1001.639892
30.500000 1001.639893
30.510000 1001.639893
30.520000 1001.639894
30.530000 1001.639894
30.540000 1001.639895
30.550000 1001.639895
30.560000 1001.639896
30.570000 1001.639896
30.580000 1001.639897
30.590000 1001.639898
30.600000 1001.639898
30.610000 1001.639899
30.620000 1001.639899
30.630000 1001.639900
30.640000 1001.639900
30.650000 1001.639901
30.660000 1001.639901
30.670000 1001.639902
30.680000 1001.639902
30.690000 1001.639903
30.700000 1001.639903
30.710000 1001.639904
30.720000 1001.639904
30.730000 1001.639905
30.740000 1001.639905
30.750000 1001.639906
30.760000 1001.639906
30.770000 1001.639907
30.780000 1001.639907
30.790000 1001.639908
30.800000 1001.639908
30.810000 1001.639909
30.820000 1001.639909
30.830000 1001.639910
30.840000 1001.639910
30.850000 1001.639911
30.860000 1001.639911
30.870000 1001.639912
30.880000 1001.639912
30.890000 1001.639912
30.900000 1001.639913
30.910000 1001.639913
30.920000 1001.639914
30.930000 1001.639914
30.940000 1001.639915
30.950000 1001.639915
30.960000 1001.639916
30.970000 1001.639916
30.980000 1001.639917
30.990000 1001.639917
31.000000 1001.639917
31.010000 1001.639918
31.020000 1001.639918
31.030000 1001.639919
31.040000 1001.639919
31.050000 1001.639920
31.060000 1001.639920
31.070000 1001.639921
31.080000 1001.639921
31.090000 1001.639921
31.100000 1001.639922
31.110000 1001.639922
31.120000 1001.639923
31.130000 1001.639923
31.140000 1001.639924
31.150000 1001.639924
31.160000 1001.639924
31.170000 1001.639925
31.180000 1001.639925
31.190000 1001.639926
31.200000 1001.639926
31.210000 1001.639926
31.220000 1001.639927
31.230000 1001.639927
31.240000 1001.639928
31.250000 1001.639928
31.260000 1001.639929
31.270000 1001.639929
31.280000 1001.639929
31.290000 1001.639930
31.300000 1001.639930
31.310000 1001.639930
31.320000 1001.639931
31.330000 1001.639931
31.340000 1001.639932
31.350000 1001.639932
31.360000 1001.639932
31.370000 1001.639933
31.380000 1001.639933
31.390000 1001.639934
31.400000 1001.639934
31.410000 1001.639934
31.420000 1001.639935
31.430000 1001.639935
31.440000 1001.639935
31.450000 1001.639936
31.460000 1001.639936
31.470000 1001.639937
31.480000 1001.639937
31.490000 1001.639937
31.500000 1001.639938
31.510000 1001.639938
31.520000 1001.639938
31.530000 1001.639939
31.540000 1001.639939
31.550000 1001.639939
31.560000 1001.639940
31.570000 1001.639940
31.580000 1001.639941
31.590000 1001.639941
31.600000 1001.639941
31.610000 1001.639942
31.620000 1001.639942
31.630000 1001.639942
31.640000 1001.639943
31.650000 1001.639943
31.660000 1001.639943
31.670000 1001.639944
31.680000 1001.639944
31.690000 1001.639944
31.700000 1001.639945
31.710000 1001.639945
31.720000 1001.639945
31.730000 1001.639946
31.740000 1001.639946
31.750000 1001.639946
31.760000 1001.639947
31.770000 1001.639947
31.780000 1001.639947
31.790000 1001.639948
31.800000 1001.639948
31.810000 1001.639948
31.820000 1001.639949
31.830000 1001.639949
31.840000 1001.639949
31.850000 1001.639949
31.860000 1001.639950
31.870000 1001.639950
31.880000 1001.639950
31.890000 1001.639951
31.900000 1001.639951
31.910000 1001.639951
31.920000 1001.639952
31.930000 1001.639952
31.940000 1001.639952
31.950000 1001.639953
31.960000 1001.639953
31.970000 1001.639953
31.980000 1001.639953
31.990000 1001.639954
32.000000 1001.639954
32.010000 1001.639954
32.020000 1001.639955
32.030000 1001.639955
32.040000 1001.639955
32.050000 1001.639955
32.060000 1001.639956
32.070000 1001.639956
32.080000 1001.639956
32.090000 1001.639957
32.100000 1001.639957
32.110000 1001.639957
32.120000 1001.639957
32.130000 1001.639958
32.140000 1001.639958
32.150000 1001.639958
32.160000 1001.639959
32.170000 1001.639959
32.180000 1001.639959
32.190000 1001.639959
32.200000 1001.639960
32.210000 1001.639960
32.220000 1001.639960
32.230000 1001.639960
32.240000 1001.639961
32.250000 1001.639961
32.260000 1001.639961
32.270000 1001.639962
32.280000 1001.639962
32.290000 1001.639962
32.300000 1001.639962
32.310000 1001.639963
32.320000 1001.639963
32.330000 1001.639963
32.340000 1001.639963
32.350000 1001.639964
32.360000 1001.639964
32.370000 1001.639964
32.380000 1001.639964
32.390000 1001.639965
32.400000 1001.639965
32.410000 1001.639965
32.420000 1001.639965
32.430000 1001.639966
32.440000 1001.639966
32.450000 1001.639966
32.460000 1001.639966
32.470000 1001.639967
32.480000 1001.639967
32.490000 1001.639967
32.500000 1001.639967
32.510000 1001.639968
32.520000 1001.639968
32.530000 1001.639968
32.540000 1001.639968
32.550000 1001.639969
32.560000 1001.639969
32.570000 1001.639969
32.580000 1001.639969
32.590000 1001.639969
32.600000 1001.639970
32.610000 1001.639970
32.620000 1001.639970
32.630000 1001.639970
32.640000 1001.639971
32.650000 1001.639971
32.660000 1001.639971
32.670000 1001.639971
32.680000 1001.639971
32.690000 1001.639972
32.700000 1001.639972
32.710000 1001.639972
32.720000 1001.639972
32.730000 1001.639973
32.740000 1001.639973
32.750000 1001.639973
32.760000 1001.639973
32.770000 1001.639973
32.780000 1001.639974
32.790000 1001.639974
32.800000 1001.639974
32.810000 1001.639974
32.820000 1001.639974
32.830000 1001.639975
32.840000 1001.639975
