0.000000 1000.000000
0.010000 999.985000
0.020000 999.969910
0.030000 999.954730
0.040000 999.939458
0.050000 999.924095
0.060000 999.908639
0.070000 999.893091
0.080000 999.877449
0.090000 999.861714
0.100000 999.845884
0.110000 999.829959
0.120000 999.813939
0.130000 999.797823
0.140000 999.781610
0.150000 999.765299
0.160000 999.748891
0.170000 999.732384
0.180000 999.715779
0.190000 999.699073
0.200000 999.682268
0.210000 999.665362
0.220000 999.648354
0.230000 999.631245
0.240000 999.614033
0.250000 999.596717
0.260000 999.579298
0.270000 999.561775
0.280000 999.544146
0.290000 999.526412
0.300000 999.508572
0.310000 999.490624
0.320000 999.472569
0.330000 999.454406
0.340000 999.436134
0.350000 999.417753
0.360000 999.399261
0.370000 999.380659
0.380000 999.361945
0.390000 999.343119
0.400000 999.324181
0.410000 999.305129
0.420000 999.285963
0.430000 999.266682
0.440000 999.247285
0.450000 999.227773
0.460000 999.208144
0.470000 999.188397
0.480000 999.168532
0.490000 999.148548
0.500000 999.128444
0.510000 999.108220
0.520000 999.087876
0.530000 999.067409
0.540000 999.046820
0.550000 999.026108
0.560000 999.005271
0.570000 998.984311
0.580000 998.963224
0.590000 998.942012
0.600000 998.920673
0.610000 998.899206
0.620000 998.877611
0.630000 998.855886
0.640000 998.834032
0.650000 998.812047
0.660000 998.789931
0.670000 998.767683
0.680000 998.745301
0.690000 998.722786
0.700000 998.700136
0.710000 998.677351
0.720000 998.654429
0.730000 998.631371
0.740000 998.608175
0.750000 998.584840
0.760000 998.561366
0.770000 998.537752
0.780000 998.513997
0.790000 998.490100
0.800000 998.466060
0.810000 998.441877
0.820000 998.417549
0.830000 998.393076
0.840000 998.368457
0.850000 998.343691
0.860000 998.318777
0.870000 998.293715
0.880000 998.268503
0.890000 998.243140
0.900000 998.217626
0.910000 998.191960
0.920000 998.166141
0.930000 998.140168
0.940000 998.114040
0.950000 998.087756
0.960000 998.061316
0.970000 998.034717
0.980000 998.007961
0.990000 997.981044
1.000000 997.953968
1.010000 997.926730
1.020000 997.899329
1.030000 997.871765
1.040000 997.844037
1.050000 997.816144
1.060000 997.788085
1.070000 997.759858
1.080000 997.731464
1.090000 997.702900
1.100000 997.674166
1.110000 997.645262
1.120000 997.616185
1.130000 997.586935
1.140000 997.557510
1.150000 997.527911
1.160000 997.498136
1.170000 997.468183
1.180000 997.438052
1.190000 997.407742
1.200000 997.377252
1.210000 997.346580
1.220000 997.315726
1.230000 997.284688
1.240000 997.253466
1.250000 997.222058
1.260000 997.190463
1.270000 997.158681
1.280000 997.126710
1.290000 997.094549
1.300000 997.062196
1.310000 997.029652
1.320000 996.996914
1.330000 996.963981
1.340000 996.930853
1.350000 996.897529
1.360000 996.864006
1.370000 996.830284
1.380000 996.796363
1.390000 996.762239
1.400000 996.727914
1.410000 996.693384
1.420000 996.658650
1.430000 996.623710
1.440000 996.588562
1.450000 996.553206
1.460000 996.517640
1.470000 996.481863
1.480000 996.445874
1.490000 996.409672
1.500000 996.373255
1.510000 996.336623
1.520000 996.299773
1.530000 996.262705
1.540000 996.225417
1.550000 996.187909
1.560000 996.150178
1.570000 996.112224
1.580000 996.074045
1.590000 996.035640
1.600000 995.997008
1.610000 995.958147
1.620000 995.919056
1.630000 995.879733
1.640000 995.840178
1.650000 995.800389
1.660000 995.760365
1.670000 995.720104
1.680000 995.679605
1.690000 995.638866
1.700000 995.597887
1.710000 995.556666
1.720000 995.515200
1.730000 995.473490
1.740000 995.431534
1.750000 995.389329
1.760000 995.346875
1.770000 995.304171
1.780000 995.261214
1.790000 995.218004
1.800000 995.174539
1.810000 995.130817
1.820000 995.086837
1.830000 995.042598
1.840000 994.998098
1.850000 994.953335
1.860000 994.908309
1.870000 994.863016
1.880000 994.817457
1.890000 994.771630
1.900000 994.725532
1.910000 994.679162
1.920000 994.632520
1.930000 994.585603
1.940000 994.538409
1.950000 994.490937
1.960000 994.443186
1.970000 994.395154
1.980000 994.346840
1.990000 994.298240
2.000000 994.249355
2.010000 994.200183
2.020000 994.150721
2.030000 994.100969
2.040000 994.050923
2.050000 994.000584
2.060000 993.949949
2.070000 993.899016
2.080000 993.847784
2.090000 993.796251
2.100000 993.744416
2.110000 993.692276
2.120000 993.639830
2.130000 993.587076
2.140000 993.534013
2.150000 993.480638
2.160000 993.426950
2.170000 993.372948
2.180000 993.318628
2.190000 993.263991
2.200000 993.209032
2.210000 993.153752
2.220000 993.098148
2.230000 993.042218
2.240000 992.985961
2.250000 992.929374
2.260000 992.872456
2.270000 992.815204
2.280000 992.757618
2.290000 992.699695
2.300000 992.641433
2.310000 992.582830
2.320000 992.523884
2.330000 992.464594
2.340000 992.404957
2.350000 992.344972
2.360000 992.284636
2.370000 992.223948
2.380000 992.162905
2.390000 992.101507
2.400000 992.039749
2.410000 991.977631
2.420000 991.915151
2.430000 991.852307
2.440000 991.789095
2.450000 991.725516
2.460000 991.661565
2.470000 991.597242
2.480000 991.532544
2.490000 991.467469
2.500000 991.402016
2.510000 991.336181
2.520000 991.269962
2.530000 991.203359
2.540000 991.136368
2.550000 991.068987
2.560000 991.001214
2.570000 990.933048
2.580000 990.864485
2.590000 990.795524
2.600000 990.726162
2.610000 990.656397
2.620000 990.586227
2.630000 990.515649
2.640000 990.444662
2.650000 990.373263
2.660000 990.301450
2.670000 990.229220
2.680000 990.156572
2.690000 990.083502
2.700000 990.010009
2.710000 989.936091
2.720000 989.861744
2.730000 989.786966
2.740000 989.711756
2.750000 989.636111
2.760000 989.560027
2.770000 989.483504
2.780000 989.406538
2.790000 989.329128
2.800000 989.251270
2.810000 989.172962
2.820000 989.094202
2.830000 989.014987
2.840000 988.935314
2.850000 988.855182
2.860000 988.774588
2.870000 988.693529
2.880000 988.612002
2.890000 988.530006
2.900000 988.447537
2.910000 988.364593
2.920000 988.281171
2.930000 988.197269
2.940000 988.112884
2.950000 988.028014
2.960000 987.942655
2.970000 987.856805
2.980000 987.770462
2.990000 987.683623
3.000000 987.596285
3.010000 987.508446
3.020000 987.420102
3.030000 987.331251
3.040000 987.241890
3.050000 987.152017
3.060000 987.061628
3.070000 986.970722
3.080000 986.879294
3.090000 986.787343
3.100000 986.694865
3.110000 986.601858
3.120000 986.508319
3.130000 986.414244
3.140000 986.319632
3.150000 986.224479
3.160000 986.128782
3.170000 986.032539
3.180000 985.935746
3.190000 985.838400
3.200000 985.740499
3.210000 985.642039
3.220000 985.543019
3.230000 985.443433
3.240000 985.343280
3.250000 985.242557
3.260000 985.141260
3.270000 985.039387
3.280000 984.936934
3.290000 984.833899
3.300000 984.730277
3.310000 984.626067
3.320000 984.521265
3.330000 984.415868
3.340000 984.309872
3.350000 984.203275
3.360000 984.096073
3.370000 983.988264
3.380000 983.879843
3.390000 983.770808
3.400000 983.661156
3.410000 983.550883
3.420000 983.439986
3.430000 983.328462
3.440000 983.216307
3.450000 983.103519
3.460000 982.990093
3.470000 982.876027
3.480000 982.761317
3.490000 982.645960
3.500000 982.529952
3.510000 982.413291
3.520000 982.295972
3.530000 982.177992
3.540000 982.059348
3.550000 981.940036
3.560000 981.820053
3.570000 981.699396
3.580000 981.578061
3.590000 981.456044
3.600000 981.333342
3.610000 981.209951
3.620000 981.085869
3.630000 980.961090
3.640000 980.835612
3.650000 980.709432
3.660000 980.582544
3.670000 980.454947
3.680000 980.326636
3.690000 980.197608
3.700000 980.067858
3.710000 979.937384
3.720000 979.806181
3.730000 979.674246
3.740000 979.541575
3.750000 979.408165
3.760000 979.274011
3.770000 979.139111
3.780000 979.003459
3.790000 978.867052
3.800000 978.729887
3.810000 978.591960
3.820000 978.453267
3.830000 978.313803
3.840000 978.173566
3.850000 978.032551
3.860000 977.890754
3.870000 977.748171
3.880000 977.604799
3.890000 977.460634
3.900000 977.315671
3.910000 977.169907
3.920000 977.023337
3.930000 976.875958
3.940000 976.727765
3.950000 976.578755
3.960000 976.428924
3.970000 976.278267
3.980000 976.126780
3.990000 975.974460
4.000000 975.821301
4.010000 975.667301
4.020000 975.512455
4.030000 975.356758
4.040000 975.200207
4.050000 975.042798
4.060000 974.884526
4.070000 974.725386
4.080000 974.565376
4.090000 974.404490
4.100000 974.242725
4.110000 974.080075
4.120000 973.916537
4.130000 973.752107
4.140000 973.586780
4.150000 973.420552
4.160000 973.253418
4.170000 973.085374
4.180000 972.916416
4.190000 972.746540
4.200000 972.575741
4.210000 972.404014
4.220000 972.231355
4.230000 972.057760
4.240000 971.883225
4.250000 971.707744
4.260000 971.531313
4.270000 971.353929
4.280000 971.175585
4.290000 970.996279
4.300000 970.816005
4.310000 970.634758
4.320000 970.452535
4.330000 970.269331
4.340000 970.085140
4.350000 969.899959
4.360000 969.713783
4.370000 969.526606
4.380000 969.338426
4.390000 969.149236
4.400000 968.959032
4.410000 968.767810
4.420000 968.575565
4.430000 968.382292
4.440000 968.187986
4.450000 967.992643
4.460000 967.796258
4.470000 967.598826
4.480000 967.400342
4.490000 967.200802
4.500000 967.000201
4.510000 966.798534
4.520000 966.595796
4.530000 966.391982
4.540000 966.187088
4.550000 965.981108
4.560000 965.774038
4.570000 965.565873
4.580000 965.356608
4.590000 965.146239
4.600000 964.934759
4.610000 964.722164
4.620000 964.508450
4.630000 964.293611
4.640000 964.077643
4.650000 963.860540
4.660000 963.642297
4.670000 963.422910
4.680000 963.202373
4.690000 962.980682
4.700000 962.757831
4.710000 962.533815
4.720000 962.308630
4.730000 962.082270
4.740000 961.854729
4.750000 961.626005
4.760000 961.396090
4.770000 961.164979
4.780000 960.932669
4.790000 960.699154
4.800000 960.464427
4.810000 960.228486
4.820000 959.991323
4.830000 959.752935
4.840000 959.513316
4.850000 959.272460
4.860000 959.030363
4.870000 958.787019
4.880000 958.542424
4.890000 958.296571
4.900000 958.049457
4.910000 957.801074
4.920000 957.551420
4.930000 957.300487
4.940000 957.048271
4.950000 956.794767
4.960000 956.539969
4.970000 956.283872
4.980000 956.026472
4.990000 955.767761
5.000000 955.507736
5.010000 955.246391
5.020000 954.983720
5.030000 954.719719
5.040000 954.454382
5.050000 954.187704
5.060000 953.919680
5.070000 953.650303
5.080000 953.379569
5.090000 953.107473
5.100000 952.834009
5.110000 952.559171
5.120000 952.282956
5.130000 952.005356
5.140000 951.726367
5.150000 951.445983
5.160000 951.164200
5.170000 950.881011
5.180000 950.596412
5.190000 950.310397
5.200000 950.022960
5.210000 949.734097
5.220000 949.443801
5.230000 949.152068
5.240000 948.858893
5.250000 948.564269
5.260000 948.268191
5.270000 947.970655
5.280000 947.671654
5.290000 947.371184
5.300000 947.069238
5.310000 946.765812
5.320000 946.460901
5.330000 946.154498
5.340000 945.846599
5.350000 945.537197
5.360000 945.226289
5.370000 944.913868
5.380000 944.599929
5.390000 944.284467
5.400000 943.967476
5.410000 943.648951
5.420000 943.328886
5.430000 943.007277
5.440000 942.684118
5.450000 942.359404
5.460000 942.033129
5.470000 941.705287
5.480000 941.375875
5.490000 941.044886
5.500000 940.712315
5.510000 940.378156
5.520000 940.042406
5.530000 939.705057
5.540000 939.366105
5.550000 939.025545
5.560000 938.683371
5.570000 938.339579
5.580000 937.994162
5.590000 937.647116
5.600000 937.298436
5.610000 936.948115
5.620000 936.596150
5.630000 936.242534
5.640000 935.887263
5.650000 935.530332
5.660000 935.171735
5.670000 934.811467
5.680000 934.449523
5.690000 934.085898
5.700000 933.720586
5.710000 933.353584
5.720000 932.984885
5.730000 932.614484
5.740000 932.242377
5.750000 931.868558
5.760000 931.493023
5.770000 931.115766
5.780000 930.736783
5.790000 930.356068
5.800000 929.973616
5.810000 929.589423
5.820000 929.203484
5.830000 928.815793
5.840000 928.426346
5.850000 928.035138
5.860000 927.642164
5.870000 927.247420
5.880000 926.850899
5.890000 926.452599
5.900000 926.052513
5.910000 925.650637
5.920000 925.246967
5.930000 924.841497
5.940000 924.434224
5.950000 924.025142
5.960000 923.614246
5.970000 923.201533
5.980000 922.786997
5.990000 922.370634
6.000000 921.952439
6.010000 921.532408
6.020000 921.110537
6.030000 920.686821
6.040000 920.261255
6.050000 919.833835
6.060000 919.404557
6.070000 918.973417
6.080000 918.540409
6.090000 918.105530
6.100000 917.668776
6.110000 917.230142
6.120000 916.789624
6.130000 916.347218
6.140000 915.902920
6.150000 915.456725
6.160000 915.008631
6.170000 914.558631
6.180000 914.106723
6.190000 913.652903
6.200000 913.197166
6.210000 912.739510
6.220000 912.279929
6.230000 911.818420
6.240000 911.354979
6.250000 910.889603
6.260000 910.422288
6.270000 909.953029
6.280000 909.481824
6.290000 909.008669
6.300000 908.533561
6.310000 908.056495
6.320000 907.577468
6.330000 907.096477
6.340000 906.613519
6.350000 906.128590
6.360000 905.641686
6.370000 905.152805
6.380000 904.661943
6.390000 904.169097
6.400000 903.674265
6.410000 903.177442
6.420000 902.678625
6.430000 902.177813
6.440000 901.675001
6.450000 901.170188
6.460000 900.663369
6.470000 900.154543
6.480000 899.643706
6.490000 899.130855
6.500000 898.615989
6.510000 898.099104
6.520000 897.580198
6.530000 897.059269
6.540000 896.536313
6.550000 896.011329
6.560000 895.484314
6.570000 894.955266
6.580000 894.424182
6.590000 893.891061
6.600000 893.355900
6.610000 892.818697
6.620000 892.279450
6.630000 891.738158
6.640000 891.194817
6.650000 890.649427
6.660000 890.101986
6.670000 889.552491
6.680000 889.000941
6.690000 888.447335
6.700000 887.891671
6.710000 887.333947
6.720000 886.774162
6.730000 886.212314
6.740000 885.648403
6.750000 885.082427
6.760000 884.514385
6.770000 883.944275
6.780000 883.372097
6.790000 882.797849
6.800000 882.221531
6.810000 881.643142
6.820000 881.062680
6.830000 880.480146
6.840000 879.895538
6.850000 879.308856
6.860000 878.720100
6.870000 878.129268
6.880000 877.536361
6.890000 876.941378
6.900000 876.344319
6.910000 875.745183
6.920000 875.143971
6.930000 874.540682
6.940000 873.935317
6.950000 873.327875
6.960000 872.718357
6.970000 872.106763
6.980000 871.493093
6.990000 870.877348
7.000000 870.259528
7.010000 869.639633
7.020000 869.017665
7.030000 868.393623
7.040000 867.767509
7.050000 867.139324
7.060000 866.509068
7.070000 865.876742
7.080000 865.242347
7.090000 864.605885
7.100000 863.967357
7.110000 863.326763
7.120000 862.684106
7.130000 862.039387
7.140000 861.392607
7.150000 860.743768
7.160000 860.092871
7.170000 859.439919
7.180000 858.784913
7.190000 858.127855
7.200000 857.468748
7.210000 856.807592
7.220000 856.144391
7.230000 855.479147
7.240000 854.811862
7.250000 854.142538
7.260000 853.471178
7.270000 852.797785
7.280000 852.122360
7.290000 851.444908
7.300000 850.765431
7.310000 850.083931
7.320000 849.400412
7.330000 848.714877
7.340000 848.027329
7.350000 847.337771
7.360000 846.646207
7.370000 845.952640
7.380000 845.257073
7.390000 844.559511
7.400000 843.859956
7.410000 843.158413
7.420000 842.454886
7.430000 841.749379
7.440000 841.041894
7.450000 840.332438
7.460000 839.621014
7.470000 838.907626
7.480000 838.192278
7.490000 837.474976
7.500000 836.755723
7.510000 836.034525
7.520000 835.311386
7.530000 834.586311
7.540000 833.859305
7.550000 833.130373
7.560000 832.399520
7.570000 831.666751
7.580000 830.932071
7.590000 830.195487
7.600000 829.457003
7.610000 828.716625
7.620000 827.974359
7.630000 827.230210
7.640000 826.484185
7.650000 825.736288
7.660000 824.986527
7.670000 824.234906
7.680000 823.481433
7.690000 822.726114
7.700000 821.968955
7.710000 821.209963
7.720000 820.449143
7.730000 819.686503
7.740000 818.922050
7.750000 818.155790
7.760000 817.387729
7.770000 816.617877
7.780000 815.846238
7.790000 815.072820
7.800000 814.297632
7.810000 813.520679
7.820000 812.741969
7.830000 811.961511
7.840000 811.179311
7.850000 810.395377
7.860000 809.609717
7.870000 808.822340
7.880000 808.033252
7.890000 807.242462
7.900000 806.449978
7.910000 805.655808
7.920000 804.859961
7.930000 804.062445
7.940000 803.263268
7.950000 802.462439
7.960000 801.659967
7.970000 800.855860
7.980000 800.050128
7.990000 799.242778
8.000000 798.433821
8.010000 797.623265
8.020000 796.811119
8.030000 795.997393
8.040000 795.182095
8.050000 794.365236
8.060000 793.546825
8.070000 792.726871
8.080000 791.905384
8.090000 791.082374
8.100000 790.257850
8.110000 789.431823
8.120000 788.604302
8.130000 787.775297
8.140000 786.944819
8.150000 786.112878
8.160000 785.279484
8.170000 784.444647
8.180000 783.608379
8.190000 782.770688
8.200000 781.931586
8.210000 781.091084
8.220000 780.249193
8.230000 779.405922
8.240000 778.561284
8.250000 777.715288
8.260000 776.867947
8.270000 776.019270
8.280000 775.169270
8.290000 774.317957
8.300000 773.465343
8.310000 772.611440
8.320000 771.756258
8.330000 770.899809
8.340000 770.042105
8.350000 769.183158
8.360000 768.322978
8.370000 767.461579
8.380000 766.598971
8.390000 765.735167
8.400000 764.870179
8.410000 764.004018
8.420000 763.136697
8.430000 762.268228
8.440000 761.398623
8.450000 760.527895
8.460000 759.656056
8.470000 758.783117
8.480000 757.909093
8.490000 757.033995
8.500000 756.157835
8.510000 755.280627
8.520000 754.402383
8.530000 753.523115
8.540000 752.642837
8.550000 751.761562
8.560000 750.879302
8.570000 749.996070
8.580000 749.111880
8.590000 748.226744
8.600000 747.340675
8.610000 746.453687
8.620000 745.565792
8.630000 744.677005
8.640000 743.787337
8.650000 742.896804
8.660000 742.005417
8.670000 741.113190
8.680000 740.220137
8.690000 739.326272
8.700000 738.431607
8.710000 737.536156
8.720000 736.639934
8.730000 735.742953
8.740000 734.845227
8.750000 733.946771
8.760000 733.047596
8.770000 732.147719
8.780000 731.247152
8.790000 730.345909
8.800000 729.444003
8.810000 728.541450
8.820000 727.638263
8.830000 726.734455
8.840000 725.830042
8.850000 724.925036
8.860000 724.019452
8.870000 723.113303
8.880000 722.206605
8.890000 721.299371
8.900000 720.391615
8.910000 719.483352
8.920000 718.574595
8.930000 717.665359
8.940000 716.755657
8.950000 715.845505
8.960000 714.934917
8.970000 714.023906
8.980000 713.112486
8.990000 712.200674
9.000000 711.288481
9.010000 710.375923
9.020000 709.463015
9.030000 708.549769
9.040000 707.636202
9.050000 706.722327
9.060000 705.808158
9.070000 704.893709
9.080000 703.978996
9.090000 703.064032
9.100000 702.148832
9.110000 701.233411
9.120000 700.317781
9.130000 699.401959
9.140000 698.485958
9.150000 697.569792
9.160000 696.653476
9.170000 695.737025
9.180000 694.820452
9.190000 693.903772
9.200000 692.986999
9.210000 692.070148
9.220000 691.153233
9.230000 690.236268
9.240000 689.319267
9.250000 688.402245
9.260000 687.485216
9.270000 686.568194
9.280000 685.651193
9.290000 684.734228
9.300000 683.817313
9.310000 682.900463
9.320000 681.983690
9.330000 681.067009
9.340000 680.150435
9.350000 679.233982
9.360000 678.317663
9.370000 677.401492
9.380000 676.485485
9.390000 675.569654
9.400000 674.654014
9.410000 673.738578
9.420000 672.823361
9.430000 671.908377
9.440000 670.993639
9.450000 670.079160
9.460000 669.164956
9.470000 668.251040
9.480000 667.337425
9.490000 666.424125
9.500000 665.511154
9.510000 664.598526
9.520000 663.686254
9.530000 662.774351
9.540000 661.862832
9.550000 660.951709
9.560000 660.040996
9.570000 659.130707
9.580000 658.220855
9.590000 657.311453
9.600000 656.402515
9.610000 655.494053
9.620000 654.586082
9.630000 653.678613
9.640000 652.771661
9.650000 651.865239
9.660000 650.959358
9.670000 650.054033
9.680000 649.149276
9.690000 648.245100
9.700000 647.341518
9.710000 646.438543
9.720000 645.536188
9.730000 644.634464
9.740000 643.733385
9.750000 642.832964
9.760000 641.933212
9.770000 641.034143
9.780000 640.135768
9.790000 639.238101
9.800000 638.341152
9.810000 637.444936
9.820000 636.549463
9.830000 635.654746
9.840000 634.760797
9.850000 633.867628
9.860000 632.975251
9.870000 632.083678
9.880000 631.192920
9.890000 630.302990
9.900000 629.413899
9.910000 628.525658
9.920000 627.638280
9.930000 626.751776
9.940000 625.866157
9.950000 624.981435
9.960000 624.097621
9.970000 623.214726
9.980000 622.332762
9.990000 621.451740
10.000000 620.571670
10.010000 619.692563
10.020000 618.814432
10.030000 617.937285
10.040000 617.061136
10.050000 616.185993
10.060000 615.311867
10.070000 614.438770
10.080000 613.566712
10.090000 612.695703
10.100000 611.825753
10.110000 610.956874
10.120000 610.089074
10.130000 609.222365
10.140000 608.356756
10.150000 607.492258
10.160000 606.628880
10.170000 605.766632
10.180000 604.905524
10.190000 604.045566
10.200000 603.186767
10.210000 602.329137
10.220000 601.472686
10.230000 600.617423
10.240000 599.763357
10.250000 598.910497
10.260000 598.058854
10.270000 597.208435
10.280000 596.359250
10.290000 595.511309
10.300000 594.664619
10.310000 593.819189
10.320000 592.975030
10.330000 592.132148
10.340000 591.290553
10.350000 590.450253
10.360000 589.611257
10.370000 588.773573
10.380000 587.937210
10.390000 587.102175
10.400000 586.268477
10.410000 585.436124
10.420000 584.605123
10.430000 583.775483
10.440000 582.947212
10.450000 582.120317
10.460000 581.294806
10.470000 580.470686
10.480000 579.647966
10.490000 578.826652
10.500000 578.006752
10.510000 577.188273
10.520000 576.371223
10.530000 575.555608
10.540000 574.741435
10.550000 573.928713
10.560000 573.117446
10.570000 572.307643
10.580000 571.499310
10.590000 570.692454
10.600000 569.887081
10.610000 569.083198
10.620000 568.280811
10.630000 567.479926
10.640000 566.680551
10.650000 565.882690
10.660000 565.086351
10.670000 564.291539
10.680000 563.498260
10.690000 562.706520
10.700000 561.916325
10.710000 561.127680
10.720000 560.340592
10.730000 559.555066
10.740000 558.771107
10.750000 557.988721
10.760000 557.207913
10.770000 556.428689
10.780000 555.651053
10.790000 554.875011
10.800000 554.100568
10.810000 553.327729
10.820000 552.556499
10.830000 551.786882
10.840000 551.018883
10.850000 550.252507
10.860000 549.487759
10.870000 548.724643
10.880000 547.963164
10.890000 547.203326
10.900000 546.445132
10.910000 545.688589
10.920000 544.933699
10.930000 544.180467
10.940000 543.428896
10.950000 542.678991
10.960000 541.930756
10.970000 541.184194
10.980000 540.439310
10.990000 539.696106
11.000000 538.954586
11.010000 538.214755
11.020000 537.476615
11.030000 536.740169
11.040000 536.005421
11.050000 535.272375
11.060000 534.541033
11.070000 533.811399
11.080000 533.083475
11.090000 532.357264
11.100000 531.632770
11.110000 530.909995
11.120000 530.188942
11.130000 529.469614
11.140000 528.752013
11.150000 528.036142
11.160000 527.322003
11.170000 526.609599
11.180000 525.898932
11.190000 525.190005
11.200000 524.482819
11.210000 523.777376
11.220000 523.073680
11.230000 522.371732
11.240000 521.671533
11.250000 520.973086
11.260000 520.276393
11.270000 519.581455
11.280000 518.888275
11.290000 518.196853
11.300000 517.507191
11.310000 516.819292
11.320000 516.133155
11.330000 515.448784
11.340000 514.766179
11.350000 514.085341
11.360000 513.406272
11.370000 512.728972
11.380000 512.053444
11.390000 511.379687
11.400000 510.707704
11.410000 510.037494
11.420000 509.369060
11.430000 508.702401
11.440000 508.037518
11.450000 507.374413
11.460000 506.713085
11.470000 506.053536
11.480000 505.395765
11.490000 504.739775
11.500000 504.085564
11.510000 503.433133
11.520000 502.782483
11.530000 502.133614
11.540000 501.486525
11.550000 500.841219
11.560000 500.197693
11.570000 499.555949
11.580000 498.915987
11.590000 498.277806
11.600000 497.641406
11.610000 497.006788
11.620000 496.373950
11.630000 495.742894
11.640000 495.113618
11.650000 494.486122
11.660000 493.860406
11.670000 493.236470
11.680000 492.614313
11.690000 491.993934
11.700000 491.375333
11.710000 490.758509
11.720000 490.143462
11.730000 489.530190
11.740000 488.918694
11.750000 488.308973
11.760000 487.701025
11.770000 487.094849
11.780000 486.490445
11.790000 485.887813
11.800000 485.286949
11.810000 484.687855
11.820000 484.090528
11.830000 483.494968
11.840000 482.901173
11.850000 482.309143
11.860000 481.718875
11.870000 481.130369
11.880000 480.543623
11.890000 479.958636
11.900000 479.375406
11.910000 478.793933
11.920000 478.214214
11.930000 477.636248
11.940000 477.060034
11.950000 476.485569
11.960000 475.912853
11.970000 475.341883
11.980000 474.772658
11.990000 474.205177
12.000000 473.639436
12.010000 473.075435
12.020000 472.513172
12.030000 471.952645
12.040000 471.393851
12.050000 470.836790
12.060000 470.281458
12.070000 469.727855
12.080000 469.175977
12.090000 468.625823
12.100000 468.077391
12.110000 467.530679
12.120000 466.985684
12.130000 466.442404
12.140000 465.900838
12.150000 465.360982
12.160000 464.822834
12.170000 464.286393
12.180000 463.751656
12.190000 463.218620
12.200000 462.687283
12.210000 462.157643
12.220000 461.629697
12.230000 461.103442
12.240000 460.578877
12.250000 460.055999
12.260000 459.534805
12.270000 459.015292
12.280000 458.497458
12.290000 457.981300
12.300000 457.466816
12.310000 456.954003
12.320000 456.442858
12.330000 455.933379
12.340000 455.425562
12.350000 454.919406
12.360000 454.414906
12.370000 453.912061
12.380000 453.410868
12.390000 452.911323
12.400000 452.413424
12.410000 451.917167
12.420000 451.422551
12.430000 450.929572
12.440000 450.438226
12.450000 449.948512
12.460000 449.460426
12.470000 448.973965
12.480000 448.489125
12.490000 448.005905
12.500000 447.524301
12.510000 447.044309
12.520000 446.565927
12.530000 446.089151
12.540000 445.613978
12.550000 445.140406
12.560000 444.668431
12.570000 444.198049
12.580000 443.729258
12.590000 443.262055
12.600000 442.796435
12.610000 442.332396
12.620000 441.869935
12.630000 441.409048
12.640000 440.949732
12.650000 440.491983
12.660000 440.035799
12.670000 439.581175
12.680000 439.128110
12.690000 438.676598
12.700000 438.226637
12.710000 437.778224
12.720000 437.331354
12.730000 436.886025
12.740000 436.442233
12.750000 435.999975
12.760000 435.559247
12.770000 435.120046
12.780000 434.682368
12.790000 434.246209
12.800000 433.811567
12.810000 433.378438
12.820000 432.946818
12.830000 432.516703
12.840000 432.088091
12.850000 431.660977
12.860000 431.235359
12.870000 430.811231
12.880000 430.388592
12.890000 429.967437
12.900000 429.547762
12.910000 429.129565
12.920000 428.712841
12.930000 428.297587
12.940000 427.883799
12.950000 427.471474
12.960000 427.060607
12.970000 426.651196
12.980000 426.243237
12.990000 425.836725
13.000000 425.431658
13.010000 425.028032
13.020000 424.625842
13.030000 424.225086
13.040000 423.825759
13.050000 423.427858
13.060000 423.031380
13.070000 422.636320
13.080000 422.242674
13.090000 421.850440
13.100000 421.459613
13.110000 421.070190
13.120000 420.682167
13.130000 420.295539
13.140000 419.910305
13.150000 419.526459
13.160000 419.143997
13.170000 418.762918
13.180000 418.383215
13.190000 418.004886
13.200000 417.627928
13.210000 417.252335
13.220000 416.878105
13.230000 416.505234
13.240000 416.133717
13.250000 415.763552
13.260000 415.394734
13.270000 415.027260
13.280000 414.661126
13.290000 414.296328
13.300000 413.932862
13.310000 413.570725
13.320000 413.209913
13.330000 412.850421
13.340000 412.492247
13.350000 412.135387
13.360000 411.779836
13.370000 411.425591
13.380000 411.072648
13.390000 410.721004
13.400000 410.370655
13.410000 410.021596
13.420000 409.673824
13.430000 409.327336
13.440000 408.982127
13.450000 408.638195
13.460000 408.295534
13.470000 407.954141
13.480000 407.614013
13.490000 407.275146
13.500000 406.937535
13.510000 406.601178
13.520000 406.266071
13.530000 405.932209
13.540000 405.599589
13.550000 405.268207
13.560000 404.938060
13.570000 404.609143
13.580000 404.281454
13.590000 403.954987
13.600000 403.629741
13.610000 403.305709
13.620000 402.982890
13.630000 402.661280
13.640000 402.340874
13.650000 402.021668
13.660000 401.703660
13.670000 401.386845
13.680000 401.071220
13.690000 400.756781
13.700000 400.443524
13.710000 400.131446
13.720000 399.820543
13.730000 399.510810
13.740000 399.202246
13.750000 398.894845
13.760000 398.588604
13.770000 398.283520
13.780000 397.979588
13.790000 397.676806
13.800000 397.375169
13.810000 397.074674
13.820000 396.775317
13.830000 396.477094
13.840000 396.180003
13.850000 395.884038
13.860000 395.589197
13.870000 395.295476
13.880000 395.002872
13.890000 394.711380
13.900000 394.420997
13.910000 394.131719
13.920000 393.843543
13.930000 393.556466
13.940000 393.270483
13.950000 392.985591
13.960000 392.701787
13.970000 392.419067
13.980000 392.137427
13.990000 391.856864
14.000000 391.577374
14.010000 391.298953
14.020000 391.021599
14.030000 390.745308
14.040000 390.470075
14.050000 390.195898
14.060000 389.922773
14.070000 389.650696
14.080000 389.379664
14.090000 389.109674
14.100000 388.840722
14.110000 388.572804
14.120000 388.305917
14.130000 388.040058
14.140000 387.775223
14.150000 387.511408
14.160000 387.248610
14.170000 386.986826
14.180000 386.726053
14.190000 386.466286
14.200000 386.207522
14.210000 385.949758
14.220000 385.692991
14.230000 385.437217
14.240000 385.182433
14.250000 384.928634
14.260000 384.675819
14.270000 384.423984
14.280000 384.173124
14.290000 383.923237
14.300000 383.674320
14.310000 383.426369
14.320000 383.179380
14.330000 382.933351
14.340000 382.688278
14.350000 382.444158
14.360000 382.200987
14.370000 381.958762
14.380000 381.717480
14.390000 381.477138
14.400000 381.237732
14.410000 380.999258
14.420000 380.761715
14.430000 380.525098
14.440000 380.289404
14.450000 380.054630
14.460000 379.820772
14.470000 379.587829
14.480000 379.355795
14.490000 379.124668
14.500000 378.894445
14.510000 378.665123
14.520000 378.436698
14.530000 378.209168
14.540000 377.982528
14.550000 377.756777
14.560000 377.531910
14.570000 377.307924
14.580000 377.084817
14.590000 376.862586
14.600000 376.641226
14.610000 376.420736
14.620000 376.201111
14.630000 375.982349
14.640000 375.764447
14.650000 375.547402
14.660000 375.331210
14.670000 375.115869
14.680000 374.901375
14.690000 374.687725
14.700000 374.474917
14.710000 374.262947
14.720000 374.051812
14.730000 373.841509
14.740000 373.632036
14.750000 373.423389
14.760000 373.215565
14.770000 373.008561
14.780000 372.802374
14.790000 372.597002
14.800000 372.392441
14.810000 372.188688
14.820000 371.985740
14.830000 371.783595
14.840000 371.582250
14.850000 371.381701
14.860000 371.181946
14.870000 370.982981
14.880000 370.784804
14.890000 370.587412
14.900000 370.390803
14.910000 370.194972
14.920000 369.999918
14.930000 369.805637
14.940000 369.612127
14.950000 369.419384
14.960000 369.227406
14.970000 369.036191
14.980000 368.845735
14.990000 368.656035
15.000000 368.467089
15.010000 368.278894
15.020000 368.091447
15.030000 367.904745
15.040000 367.718786
15.050000 367.533566
15.060000 367.349084
15.070000 367.165336
15.080000 366.982319
15.090000 366.800031
15.100000 366.618470
15.110000 366.437631
15.120000 366.257514
15.130000 366.078114
15.140000 365.899430
15.150000 365.721458
15.160000 365.544197
15.170000 365.367642
15.180000 365.191792
15.190000 365.016645
15.200000 364.842196
15.210000 364.668445
15.220000 364.495387
15.230000 364.323021
15.240000 364.151344
15.250000 363.980353
15.260000 363.810046
15.270000 363.640420
15.280000 363.471473
15.290000 363.303201
15.300000 363.135603
15.310000 362.968676
15.320000 362.802418
15.330000 362.636825
15.340000 362.471895
15.350000 362.307626
15.360000 362.144016
15.370000 361.981061
15.380000 361.818760
15.390000 361.657109
15.400000 361.496107
15.410000 361.335750
15.420000 361.176037
15.430000 361.016965
15.440000 360.858532
15.450000 360.700734
15.460000 360.543571
15.470000 360.387038
15.480000 360.231134
15.490000 360.075857
15.500000 359.921204
15.510000 359.767172
15.520000 359.613760
15.530000 359.460964
15.540000 359.308783
15.550000 359.157214
15.560000 359.006255
15.570000 358.855904
15.580000 358.706158
15.590000 358.557014
15.600000 358.408471
15.610000 358.260526
15.620000 358.113178
15.630000 357.966422
15.640000 357.820258
15.650000 357.674683
15.660000 357.529695
15.670000 357.385292
15.680000 357.241470
15.690000 357.098229
15.700000 356.955565
15.710000 356.813477
15.720000 356.671962
15.730000 356.531019
15.740000 356.390644
15.750000 356.250836
15.760000 356.111592
15.770000 355.972911
15.780000 355.834790
15.790000 355.697227
15.800000 355.560219
15.810000 355.423765
15.820000 355.287863
15.830000 355.152510
15.840000 355.017704
15.850000 354.883444
15.860000 354.749726
15.870000 354.616549
15.880000 354.483911
15.890000 354.351809
15.900000 354.220242
15.910000 354.089208
15.920000 353.958704
15.930000 353.828728
15.940000 353.699279
15.950000 353.570354
15.960000 353.441950
15.970000 353.314068
15.980000 353.186703
15.990000 353.059854
16.000000 352.933519
16.010000 352.807697
16.020000 352.682384
16.030000 352.557579
16.040000 352.433281
16.050000 352.309486
16.060000 352.186194
16.070000 352.063402
16.080000 351.941108
16.090000 351.819310
16.100000 351.698007
16.110000 351.577195
16.120000 351.456874
16.130000 351.337042
16.140000 351.217696
16.150000 351.098835
16.160000 350.980457
16.170000 350.862559
16.180000 350.745140
16.190000 350.628199
16.200000 350.511732
16.210000 350.395739
16.220000 350.280218
16.230000 350.165165
16.240000 350.050581
16.250000 349.936463
16.260000 349.822808
16.270000 349.709616
16.280000 349.596884
16.290000 349.484611
16.300000 349.372795
16.310000 349.261433
16.320000 349.150525
16.330000 349.040068
16.340000 348.930060
16.350000 348.820501
16.360000 348.711387
16.370000 348.602718
16.380000 348.494491
16.390000 348.386705
16.400000 348.279358
16.410000 348.172448
16.420000 348.065974
16.430000 347.959934
16.440000 347.854326
16.450000 347.749148
16.460000 347.644399
16.470000 347.540076
16.480000 347.436179
16.490000 347.332706
16.500000 347.229654
16.510000 347.127023
16.520000 347.024811
16.530000 346.923015
16.540000 346.821634
16.550000 346.720667
16.560000 346.620112
16.570000 346.519967
16.580000 346.420231
16.590000 346.320902
16.600000 346.221979
16.610000 346.123459
16.620000 346.025341
16.630000 345.927624
16.640000 345.830306
16.650000 345.733386
16.660000 345.636861
16.670000 345.540730
16.680000 345.444992
16.690000 345.349645
16.700000 345.254688
16.710000 345.160119
16.720000 345.065936
16.730000 344.972138
16.740000 344.878723
16.750000 344.785691
16.760000 344.693038
16.770000 344.600764
16.780000 344.508868
16.790000 344.417347
16.800000 344.326201
16.810000 344.235427
16.820000 344.145024
16.830000 344.054992
16.840000 343.965327
16.850000 343.876029
16.860000 343.787097
16.870000 343.698529
16.880000 343.610323
16.890000 343.522478
16.900000 343.434992
16.910000 343.347865
16.920000 343.261094
16.930000 343.174678
16.940000 343.088616
16.950000 343.002907
16.960000 342.917548
16.970000 342.832539
16.980000 342.747879
16.990000 342.663564
17.000000 342.579596
17.010000 342.495971
17.020000 342.412689
17.030000 342.329748
17.040000 342.247146
17.050000 342.164884
17.060000 342.082958
17.070000 342.001368
17.080000 341.920113
17.090000 341.839190
17.100000 341.758599
17.110000 341.678339
17.120000 341.598407
17.130000 341.518804
17.140000 341.439527
17.150000 341.360574
17.160000 341.281946
17.170000 341.203640
17.180000 341.125655
17.190000 341.047990
17.200000 340.970644
17.210000 340.893615
17.220000 340.816902
17.230000 340.740503
17.240000 340.664418
17.250000 340.588646
17.260000 340.513184
17.270000 340.438032
17.280000 340.363188
17.290000 340.288652
17.300000 340.214421
17.310000 340.140496
17.320000 340.066873
17.330000 339.993553
17.340000 339.920534
17.350000 339.847815
17.360000 339.775395
17.370000 339.703271
17.380000 339.631444
17.390000 339.559912
17.400000 339.488674
17.410000 339.417729
17.420000 339.347074
17.430000 339.276711
17.440000 339.206636
17.450000 339.136849
17.460000 339.067349
17.470000 338.998134
17.480000 338.929204
17.490000 338.860557
17.500000 338.792192
17.510000 338.724108
17.520000 338.656304
17.530000 338.588779
17.540000 338.521532
17.550000 338.454560
17.560000 338.387864
17.570000 338.321443
17.580000 338.255294
17.590000 338.189417
17.600000 338.123812
17.610000 338.058476
17.620000 337.993409
17.630000 337.928609
17.640000 337.864076
17.650000 337.799808
17.660000 337.735805
17.670000 337.672065
17.680000 337.608587
17.690000 337.545370
17.700000 337.482414
17.710000 337.419716
17.720000 337.357277
17.730000 337.295094
17.740000 337.233168
17.750000 337.171496
17.760000 337.110078
17.770000 337.048912
17.780000 336.987999
17.790000 336.927336
17.800000 336.866923
17.810000 336.806759
17.820000 336.746842
17.830000 336.687172
17.840000 336.627747
17.850000 336.568568
17.860000 336.509632
17.870000 336.450938
17.880000 336.392487
17.890000 336.334276
17.900000 336.276305
17.910000 336.218572
17.920000 336.161077
17.930000 336.103820
17.940000 336.046798
17.950000 335.990010
17.960000 335.933457
17.970000 335.877137
17.980000 335.821049
17.990000 335.765192
18.000000 335.709565
18.010000 335.654167
18.020000 335.598998
18.030000 335.544056
18.040000 335.489340
18.050000 335.434850
18.060000 335.380584
18.070000 335.326542
18.080000 335.272723
18.090000 335.219125
18.100000 335.165749
18.110000 335.112592
18.120000 335.059655
18.130000 335.006936
18.140000 334.954434
18.150000 334.902148
18.160000 334.850079
18.170000 334.798224
18.180000 334.746582
18.190000 334.695154
18.200000 334.643938
18.210000 334.592933
18.220000 334.542138
18.230000 334.491553
18.240000 334.441176
18.250000 334.391007
18.260000 334.341045
18.270000 334.291289
18.280000 334.241739
18.290000 334.192393
18.300000 334.143250
18.310000 334.094310
18.320000 334.045572
18.330000 333.997035
18.340000 333.948698
18.350000 333.900561
18.360000 333.852622
18.370000 333.804882
18.380000 333.757338
18.390000 333.709990
18.400000 333.662838
18.410000 333.615880
18.420000 333.569116
18.430000 333.522546
18.440000 333.476167
18.450000 333.429980
18.460000 333.383983
18.470000 333.338176
18.480000 333.292559
18.490000 333.247129
18.500000 333.201888
18.510000 333.156833
18.520000 333.111963
18.530000 333.067280
18.540000 333.022780
18.550000 332.978465
18.560000 332.934332
18.570000 332.890382
18.580000 332.846613
18.590000 332.803025
18.600000 332.759617
18.610000 332.716388
18.620000 332.673337
18.630000 332.630465
18.640000 332.587769
18.650000 332.545250
18.660000 332.502906
18.670000 332.460738
18.680000 332.418743
18.690000 332.376922
18.700000 332.335274
18.710000 332.293798
18.720000 332.252493
18.730000 332.211358
18.740000 332.170394
18.750000 332.129599
18.760000 332.088972
18.770000 332.048514
18.780000 332.008222
18.790000 331.968097
18.800000 331.928138
18.810000 331.888343
18.820000 331.848714
18.830000 331.809248
18.840000 331.769945
18.850000 331.730804
18.860000 331.691826
18.870000 331.653008
18.880000 331.614351
18.890000 331.575853
18.900000 331.537515
18.910000 331.499335
18.920000 331.461313
18.930000 331.423448
18.940000 331.385740
18.950000 331.348187
18.960000 331.310790
18.970000 331.273547
18.980000 331.236459
18.990000 331.199523
19.000000 331.162741
19.010000 331.126110
19.020000 331.089631
19.030000 331.053302
19.040000 331.017124
19.050000 330.981096
19.060000 330.945216
19.070000 330.909485
19.080000 330.873901
19.090000 330.838465
19.100000 330.803175
19.110000 330.768031
19.120000 330.733033
19.130000 330.698179
19.140000 330.663469
19.150000 330.628903
19.160000 330.594480
19.170000 330.560199
19.180000 330.526060
19.190000 330.492062
19.200000 330.458205
19.210000 330.424488
19.220000 330.390910
19.230000 330.357472
19.240000 330.324171
19.250000 330.291008
19.260000 330.257983
19.270000 330.225094
19.280000 330.192341
19.290000 330.159724
19.300000 330.127241
19.310000 330.094893
19.320000 330.062679
19.330000 330.030598
19.340000 329.998650
19.350000 329.966834
19.360000 329.935150
19.370000 329.903597
19.380000 329.872174
19.390000 329.840881
19.400000 329.809718
19.410000 329.778684
19.420000 329.747778
19.430000 329.717000
19.440000 329.686350
19.450000 329.655826
19.460000 329.625429
19.470000 329.595157
19.480000 329.565011
19.490000 329.534989
19.500000 329.505092
19.510000 329.475319
19.520000 329.445668
19.530000 329.416141
19.540000 329.386736
19.550000 329.357452
19.560000 329.328290
19.570000 329.299248
19.580000 329.270326
19.590000 329.241525
19.600000 329.212842
19.610000 329.184278
19.620000 329.155833
19.630000 329.127505
19.640000 329.099295
19.650000 329.071201
19.660000 329.043224
19.670000 329.015362
19.680000 328.987616
19.690000 328.959984
19.700000 328.932468
19.710000 328.905065
19.720000 328.877775
19.730000 328.850599
19.740000 328.823535
19.750000 328.796583
19.760000 328.769742
19.770000 328.743013
19.780000 328.716395
19.790000 328.689886
19.800000 328.663488
19.810000 328.637199
19.820000 328.611018
19.830000 328.584947
19.840000 328.558983
19.850000 328.533126
19.860000 328.507377
19.870000 328.481734
19.880000 328.456198
19.890000 328.430767
19.900000 328.405442
19.910000 328.380221
19.920000 328.355105
19.930000 328.330093
19.940000 328.305185
19.950000 328.280380
19.960000 328.255677
19.970000 328.231077
19.980000 328.206579
19.990000 328.182182
20.000000 328.157887
20.010000 328.133692
20.020000 328.109597
20.030000 328.085602
20.040000 328.061706
20.050000 328.037910
20.060000 328.014212
20.070000 327.990612
20.080000 327.967110
20.090000 327.943705
20.100000 327.920398
20.110000 327.897186
20.120000 327.874072
20.130000 327.851052
20.140000 327.828129
20.150000 327.805300
20.160000 327.782565
20.170000 327.759925
20.180000 327.737379
20.190000 327.714926
20.200000 327.692567
20.210000 327.670299
20.220000 327.648125
20.230000 327.626042
20.240000 327.604050
20.250000 327.582150
20.260000 327.560340
20.270000 327.538621
20.280000 327.516992
20.290000 327.495452
20.300000 327.474002
20.310000 327.452641
20.320000 327.431368
20.330000 327.410183
20.340000 327.389086
20.350000 327.368077
20.360000 327.347155
20.370000 327.326319
20.380000 327.305570
20.390000 327.284906
20.400000 327.264329
20.410000 327.243836
20.420000 327.223429
20.430000 327.203106
20.440000 327.182867
20.450000 327.162713
20.460000 327.142642
20.470000 327.122654
20.480000 327.102749
20.490000 327.082926
20.500000 327.063185
20.510000 327.043527
20.520000 327.023950
20.530000 327.004454
20.540000 326.985039
20.550000 326.965704
20.560000 326.946450
20.570000 326.927275
20.580000 326.908180
20.590000 326.889164
20.600000 326.870227
20.610000 326.851368
20.620000 326.832587
20.630000 326.813885
20.640000 326.795260
20.650000 326.776712
20.660000 326.758241
20.670000 326.739847
20.680000 326.721529
20.690000 326.703286
20.700000 326.685120
20.710000 326.667029
20.720000 326.649012
20.730000 326.631071
20.740000 326.613204
20.750000 326.595411
20.760000 326.577692
20.770000 326.560046
20.780000 326.542473
20.790000 326.524974
20.800000 326.507547
20.810000 326.490192
20.820000 326.472909
20.830000 326.455698
20.840000 326.438558
20.850000 326.421489
20.860000 326.404491
20.870000 326.387563
20.880000 326.370706
20.890000 326.353919
20.900000 326.337201
20.910000 326.320552
20.920000 326.303973
20.930000 326.287462
20.940000 326.271020
20.950000 326.254646
20.960000 326.238340
20.970000 326.222102
20.980000 326.205931
20.990000 326.189827
21.000000 326.173789
21.010000 326.157819
21.020000 326.141914
21.030000 326.126076
21.040000 326.110303
21.050000 326.094596
21.060000 326.078953
21.070000 326.063376
21.080000 326.047863
21.090000 326.032415
21.100000 326.017030
21.110000 326.001710
21.120000 325.986453
21.130000 325.971259
21.140000 325.956129
21.150000 325.941061
21.160000 325.926055
21.170000 325.911112
21.180000 325.896231
21.190000 325.881412
21.200000 325.866654
21.210000 325.851957
21.220000 325.837321
21.230000 325.822746
21.240000 325.808232
21.250000 325.793777
21.260000 325.779383
21.270000 325.765048
21.280000 325.750773
21.290000 325.736557
21.300000 325.722400
21.310000 325.708302
21.320000 325.694262
21.330000 325.680280
21.340000 325.666357
21.350000 325.652491
21.360000 325.638683
21.370000 325.624932
21.380000 325.611238
21.390000 325.597601
21.400000 325.584020
21.410000 325.570496
21.420000 325.557028
21.430000 325.543616
21.440000 325.530259
21.450000 325.516958
21.460000 325.503712
21.470000 325.490521
21.480000 325.477385
21.490000 325.464303
21.500000 325.451276
21.510000 325.438303
21.520000 325.425383
21.530000 325.412517
21.540000 325.399705
21.550000 325.386945
21.560000 325.374239
21.570000 325.361585
21.580000 325.348984
21.590000 325.336435
21.600000 325.323938
21.610000 325.311493
21.620000 325.299100
21.630000 325.286758
21.640000 325.274467
21.650000 325.262227
21.660000 325.250038
21.670000 325.237900
21.680000 325.225812
21.690000 325.213774
21.700000 325.201787
21.710000 325.189848
21.720000 325.177960
21.730000 325.166121
21.740000 325.154331
21.750000 325.142589
21.760000 325.130897
21.770000 325.119253
21.780000 325.107658
21.790000 325.096110
21.800000 325.084611
21.810000 325.073159
21.820000 325.061755
21.830000 325.050398
21.840000 325.039088
21.850000 325.027825
21.860000 325.016609
21.870000 325.005439
21.880000 324.994316
21.890000 324.983239
21.900000 324.972208
21.910000 324.961223
21.920000 324.950283
21.930000 324.939389
21.940000 324.928540
21.950000 324.917736
21.960000 324.906976
21.970000 324.896262
21.980000 324.885592
21.990000 324.874966
22.000000 324.864384
22.010000 324.853847
22.020000 324.843353
22.030000 324.832902
22.040000 324.822495
22.050000 324.812131
22.060000 324.801810
22.070000 324.791532
22.080000 324.781297
22.090000 324.771104
22.100000 324.760953
22.110000 324.750845
22.120000 324.740779
22.130000 324.730754
22.140000 324.720771
22.150000 324.710829
22.160000 324.700929
22.170000 324.691070
22.180000 324.681251
22.190000 324.671474
22.200000 324.661737
22.210000 324.652040
22.220000 324.642384
22.230000 324.632768
22.240000 324.623191
22.250000 324.613655
22.260000 324.604158
22.270000 324.594700
22.280000 324.585282
22.290000 324.575903
22.300000 324.566562
22.310000 324.557261
22.320000 324.547998
22.330000 324.538774
22.340000 324.529588
22.350000 324.520440
22.360000 324.511330
22.370000 324.502258
22.380000 324.493223
22.390000 324.484226
22.400000 324.475266
22.410000 324.466344
22.420000 324.457459
22.430000 324.448610
22.440000 324.439798
22.450000 324.431023
22.460000 324.422284
22.470000 324.413582
22.480000 324.404915
22.490000 324.396285
22.500000 324.387691
22.510000 324.379132
22.520000 324.370608
22.530000 324.362120
22.540000 324.353668
22.550000 324.345250
22.560000 324.336868
22.570000 324.328520
22.580000 324.320206
22.590000 324.311928
22.600000 324.303684
22.610000 324.295473
22.620000 324.287297
22.630000 324.279155
22.640000 324.271047
22.650000 324.262973
22.660000 324.254932
22.670000 324.246924
22.680000 324.238950
22.690000 324.231008
22.700000 324.223100
22.710000 324.215225
22.720000 324.207382
22.730000 324.199572
22.740000 324.191794
22.750000 324.184048
22.760000 324.176335
22.770000 324.168654
22.780000 324.161004
22.790000 324.153387
22.800000 324.145801
22.810000 324.138246
22.820000 324.130723
22.830000 324.123231
22.840000 324.115770
22.850000 324.108341
22.860000 324.100942
22.870000 324.093573
22.880000 324.086236
22.890000 324.078929
22.900000 324.071652
22.910000 324.064405
22.920000 324.057189
22.930000 324.050002
22.940000 324.042846
22.950000 324.035719
22.960000 324.028621
22.970000 324.021553
22.980000 324.014515
22.990000 324.007505
23.000000 324.000525
23.010000 323.993574
23.020000 323.986652
23.030000 323.979758
23.040000 323.972893
23.050000 323.966057
23.060000 323.959248
23.070000 323.952469
23.080000 323.945717
23.090000 323.938993
23.100000 323.932298
23.110000 323.925630
23.120000 323.918990
23.130000 323.912377
23.140000 323.905792
23.150000 323.899234
23.160000 323.892703
23.170000 323.886200
23.180000 323.879723
23.190000 323.873274
23.200000 323.866851
23.210000 323.860455
23.220000 323.854085
23.230000 323.847742
23.240000 323.841426
23.250000 323.835135
23.260000 323.828871
23.270000 323.822632
23.280000 323.816420
23.290000 323.810233
23.300000 323.804072
23.310000 323.797937
23.320000 323.791827
23.330000 323.785743
23.340000 323.779683
23.350000 323.773649
23.360000 323.767640
23.370000 323.761656
23.380000 323.755697
23.390000 323.749763
23.400000 323.743853
23.410000 323.737967
23.420000 323.732107
23.430000 323.726270
23.440000 323.720458
23.450000 323.714670
23.460000 323.708906
23.470000 323.703166
23.480000 323.697449
23.490000 323.691757
23.500000 323.686088
23.510000 323.680443
23.520000 323.674821
23.530000 323.669222
23.540000 323.663647
23.550000 323.658095
23.560000 323.652566
23.570000 323.647060
23.580000 323.641576
23.590000 323.636116
23.600000 323.630678
23.610000 323.625263
23.620000 323.619870
23.630000 323.614500
23.640000 323.609152
23.650000 323.603826
23.660000 323.598522
23.670000 323.593241
23.680000 323.587981
23.690000 323.582743
23.700000 323.577527
23.710000 323.572333
23.720000 323.567160
23.730000 323.562009
23.740000 323.556879
23.750000 323.551770
23.760000 323.546682
23.770000 323.541616
23.780000 323.536571
23.790000 323.531547
23.800000 323.526543
23.810000 323.521560
23.820000 323.516599
23.830000 323.511657
23.840000 323.506736
23.850000 323.501836
23.860000 323.496956
23.870000 323.492096
23.880000 323.487257
23.890000 323.482437
23.900000 323.477638
23.910000 323.472858
23.920000 323.468099
23.930000 323.463359
23.940000 323.458638
23.950000 323.453938
23.960000 323.449257
23.970000 323.444595
23.980000 323.439953
23.990000 323.435330
24.000000 323.430726
24.010000 323.426142
24.020000 323.421576
24.030000 323.417029
24.040000 323.412502
24.050000 323.407993
24.060000 323.403502
24.070000 323.399031
24.080000 323.394578
24.090000 323.390143
24.100000 323.385727
24.110000 323.381330
24.120000 323.376950
24.130000 323.372589
24.140000 323.368246
24.150000 323.363921
24.160000 323.359614
24.170000 323.355324
24.180000 323.351053
24.190000 323.346799
24.200000 323.342563
24.210000 323.338345
24.220000 323.334144
24.230000 323.329961
24.240000 323.325795
24.250000 323.321646
24.260000 323.317514
24.270000 323.313400
24.280000 323.309303
24.290000 323.305223
24.300000 323.301159
24.310000 323.297113
24.320000 323.293083
24.330000 323.289070
24.340000 323.285074
24.350000 323.281095
24.360000 323.277132
24.370000 323.273185
24.380000 323.269255
24.390000 323.265341
24.400000 323.261443
24.410000 323.257562
24.420000 323.253697
24.430000 323.249848
24.440000 323.246014
24.450000 323.242197
24.460000 323.238396
24.470000 323.234610
24.480000 323.230840
24.490000 323.227086
24.500000 323.223347
24.510000 323.219624
24.520000 323.215916
24.530000 323.212224
24.540000 323.208547
24.550000 323.204885
24.560000 323.201239
24.570000 323.197608
24.580000 323.193991
24.590000 323.190390
24.600000 323.186804
24.610000 323.183233
24.620000 323.179676
24.630000 323.176135
24.640000 323.172608
24.650000 323.169095
24.660000 323.165597
24.670000 323.162114
24.680000 323.158646
24.690000 323.155191
24.700000 323.151751
24.710000 323.148326
24.720000 323.144914
24.730000 323.141517
24.740000 323.138134
24.750000 323.134765
24.760000 323.131409
24.770000 323.128068
24.780000 323.124741
24.790000 323.121427
24.800000 323.118128
24.810000 323.114842
24.820000 323.111569
24.830000 323.108311
24.840000 323.105066
24.850000 323.101834
24.860000 323.098615
24.870000 323.095411
24.880000 323.092219
24.890000 323.089041
24.900000 323.085875
24.910000 323.082723
24.920000 323.079585
24.930000 323.076459
24.940000 323.073346
24.950000 323.070246
24.960000 323.067159
24.970000 323.064085
24.980000 323.061023
24.990000 323.057974
25.000000 323.054938
25.010000 323.051915
25.020000 323.048904
25.030000 323.045906
25.040000 323.042920
25.050000 323.039946
25.060000 323.036985
25.070000 323.034036
25.080000 323.031100
25.090000 323.028175
25.100000 323.025263
25.110000 323.022363
25.120000 323.019475
25.130000 323.016599
25.140000 323.013734
25.150000 323.010882
25.160000 323.008042
25.170000 323.005213
25.180000 323.002396
25.190000 322.999591
25.200000 322.996798
25.210000 322.994016
25.220000 322.991245
25.230000 322.988487
25.240000 322.985739
25.250000 322.983003
25.260000 322.980279
25.270000 322.977565
25.280000 322.974864
25.290000 322.972173
25.300000 322.969493
25.310000 322.966825
25.320000 322.964167
25.330000 322.961521
25.340000 322.958886
25.350000 322.956261
25.360000 322.953648
25.370000 322.951045
25.380000 322.948454
25.390000 322.945873
25.400000 322.943302
25.410000 322.940743
25.420000 322.938194
25.430000 322.935655
25.440000 322.933127
25.450000 322.930610
25.460000 322.928103
25.470000 322.925607
25.480000 322.923121
25.490000 322.920645
25.500000 322.918180
25.510000 322.915724
25.520000 322.913279
25.530000 322.910844
25.540000 322.908420
25.550000 322.906005
25.560000 322.903600
25.570000 322.901206
25.580000 322.898821
25.590000 322.896446
25.600000 322.894081
25.610000 322.891726
25.620000 322.889381
25.630000 322.887045
25.640000 322.884720
25.650000 322.882403
25.660000 322.880097
25.670000 322.877800
25.680000 322.875512
25.690000 322.873234
25.700000 322.870966
25.710000 322.868707
25.720000 322.866457
25.730000 322.864217
25.740000 322.861986
25.750000 322.859764
25.760000 322.857552
25.770000 322.855348
25.780000 322.853154
25.790000 322.850969
25.800000 322.848793
25.810000 322.846626
25.820000 322.844468
25.830000 322.842320
25.840000 322.840180
25.850000 322.838048
25.860000 322.835926
25.870000 322.833813
25.880000 322.831708
25.890000 322.829612
25.900000 322.827525
25.910000 322.825446
25.920000 322.823377
25.930000 322.821315
25.940000 322.819263
25.950000 322.817218
25.960000 322.815183
25.970000 322.813155
25.980000 322.811137
25.990000 322.809126
26.000000 322.807124
26.010000 322.805130
26.020000 322.803145
26.030000 322.801168
26.040000 322.799199
26.050000 322.797238
26.060000 322.795285
26.070000 322.793341
26.080000 322.791404
26.090000 322.789476
26.100000 322.787555
26.110000 322.785643
26.120000 322.783738
26.130000 322.781842
26.140000 322.779953
26.150000 322.778072
26.160000 322.776199
26.170000 322.774334
26.180000 322.772476
26.190000 322.770627
26.200000 322.768784
26.210000 322.766950
26.220000 322.765123
26.230000 322.763304
26.240000 322.761492
26.250000 322.759688
26.260000 322.757892
26.270000 322.756102
26.280000 322.754321
26.290000 322.752546
26.300000 322.750779
26.310000 322.749020
26.320000 322.747267
26.330000 322.745522
26.340000 322.743785
26.350000 322.742054
26.360000 322.740331
26.370000 322.738614
26.380000 322.736905
26.390000 322.735203
26.400000 322.733509
26.410000 322.731821
26.420000 322.730140
26.430000 322.728466
26.440000 322.726799
26.450000 322.725139
26.460000 322.723486
26.470000 322.721840
26.480000 322.720201
26.490000 322.718568
26.500000 322.716942
26.510000 322.715323
26.520000 322.713711
26.530000 322.712105
26.540000 322.710506
26.550000 322.708914
26.560000 322.707329
26.570000 322.705749
26.580000 322.704177
26.590000 322.702611
26.600000 322.701052
26.610000 322.699499
26.620000 322.697952
26.630000 322.696412
26.640000 322.694878
26.650000 322.693351
26.660000 322.691830
26.670000 322.690315
26.680000 322.688807
26.690000 322.687305
26.700000 322.685809
26.710000 322.684319
26.720000 322.682836
26.730000 322.681359
26.740000 322.679888
26.750000 322.678423
26.760000 322.676964
26.770000 322.675511
26.780000 322.674064
26.790000 322.672623
26.800000 322.671188
26.810000 322.669759
26.820000 322.668336
26.830000 322.666919
26.840000 322.665508
26.850000 322.664103
26.860000 322.662704
26.870000 322.661310
26.880000 322.659922
26.890000 322.658540
26.900000 322.657164
26.910000 322.655793
26.920000 322.654428
26.930000 322.653069
26.940000 322.651715
26.950000 322.650368
26.960000 322.649025
26.970000 322.647688
26.980000 322.646357
26.990000 322.645032
27.000000 322.643711
27.010000 322.642397
27.020000 322.641087
27.030000 322.639784
27.040000 322.638485
27.050000 322.637192
27.060000 322.635905
27.070000 322.634622
27.080000 322.633346
27.090000 322.632074
27.100000 322.630808
27.110000 322.629547
27.120000 322.628291
27.130000 322.627040
27.140000 322.625795
27.150000 322.624555
27.160000 322.623319
27.170000 322.622090
27.180000 322.620865
27.190000 322.619645
27.200000 322.618430
27.210000 322.617221
27.220000 322.616016
27.230000 322.614816
27.240000 322.613622
27.250000 322.612432
27.260000 322.611248
27.270000 322.610068
27.280000 322.608893
27.290000 322.607723
27.300000 322.606558
27.310000 322.605397
27.320000 322.604242
27.330000 322.603091
27.340000 322.601945
27.350000 322.600804
27.360000 322.599668
27.370000 322.598536
27.380000 322.597409
27.390000 322.596287
27.400000 322.595170
27.410000 322.594057
27.420000 322.592948
27.430000 322.591845
27.440000 322.590745
27.450000 322.589651
27.460000 322.588561
27.470000 322.587475
27.480000 322.586394
27.490000 322.585318
27.500000 322.584246
27.510000 322.583178
27.520000 322.582115
27.530000 322.581056
27.540000 322.580002
27.550000 322.578952
27.560000 322.577907
27.570000 322.576865
27.580000 322.575829
27.590000 322.574796
27.600000 322.573768
27.610000 322.572744
27.620000 322.571724
27.630000 322.570708
27.640000 322.569697
27.650000 322.568690
27.660000 322.567687
27.670000 322.566688
27.680000 322.565694
27.690000 322.564703
27.700000 322.563717
27.710000 322.562735
27.720000 322.561757
27.730000 322.560782
27.740000 322.559812
27.750000 322.558846
27.760000 322.557884
27.770000 322.556926
27.780000 322.555972
27.790000 322.555022
27.800000 322.554076
27.810000 322.553134
27.820000 322.552196
27.830000 322.551261
27.840000 322.550331
27.850000 322.549404
27.860000 322.548482
27.870000 322.547563
27.880000 322.546647
27.890000 322.545736
27.900000 322.544829
27.910000 322.543925
27.920000 322.543025
27.930000 322.542129
27.940000 322.541236
27.950000 322.540347
27.960000 322.539462
27.970000 322.538581
27.980000 322.537703
27.990000 322.536829
28.000000 322.535958
28.010000 322.535091
28.020000 322.534228
28.030000 322.533369
28.040000 322.532512
28.050000 322.531660
28.060000 322.530811
28.070000 322.529965
28.080000 322.529123
28.090000 322.528285
28.100000 322.527450
28.110000 322.526618
28.120000 322.525790
28.130000 322.524966
28.140000 322.524145
28.150000 322.523327
28.160000 322.522512
28.170000 322.521701
28.180000 322.520894
28.190000 322.520089
28.200000 322.519289
28.210000 322.518491
28.220000 322.517697
28.230000 322.516906
28.240000 322.516118
28.250000 322.515334
28.260000 322.514552
28.270000 322.513774
28.280000 322.513000
28.290000 322.512228
28.300000 322.511460
28.310000 322.510695
28.320000 322.509933
28.330000 322.509174
28.340000 322.508419
28.350000 322.507666
28.360000 322.506917
28.370000 322.506171
28.380000 322.505428
28.390000 322.504688
28.400000 322.503951
28.410000 322.503217
28.420000 322.502486
28.430000 322.501758
28.440000 322.501034
28.450000 322.500312
28.460000 322.499593
28.470000 322.498878
28.480000 322.498165
28.490000 322.497455
28.500000 322.496748
28.510000 322.496044
28.520000 322.495343
28.530000 322.494645
28.540000 322.493950
28.550000 322.493258
28.560000 322.492568
28.570000 322.491882
28.580000 322.491198
28.590000 322.490517
28.600000 322.489839
28.610000 322.489164
28.620000 322.488491
28.630000 322.487822
28.640000 322.487155
28.650000 322.486491
28.660000 322.485830
28.670000 322.485171
28.680000 322.484515
28.690000 322.483862
28.700000 322.483212
28.710000 322.482564
28.720000 322.481919
28.730000 322.481277
28.740000 322.480637
28.750000 322.480000
28.760000 322.479366
28.770000 322.478734
28.780000 322.478105
28.790000 322.477479
28.800000 322.476855
28.810000 322.476234
28.820000 322.475615
28.830000 322.474999
28.840000 322.474385
28.850000 322.473775
28.860000 322.473166
28.870000 322.472560
28.880000 322.471957
28.890000 322.471356
28.900000 322.470757
28.910000 322.470162
28.920000 322.469568
28.930000 322.468977
28.940000 322.468389
28.950000 322.467803
28.960000 322.467219
28.970000 322.466638
28.980000 322.466059
28.990000 322.465483
29.000000 322.464909
29.010000 322.464337
29.020000 322.463768
29.030000 322.463201
29.040000 322.462637
29.050000 322.462074
29.060000 322.461515
29.070000 322.460957
29.080000 322.460402
29.090000 322.459849
29.100000 322.459298
29.110000 322.458750
29.120000 322.458204
29.130000 322.457660
29.140000 322.457119
29.150000 322.456580
29.160000 322.456043
29.170000 322.455508
29.180000 322.454976
29.190000 322.454445
29.200000 322.453917
29.210000 322.453391
29.220000 322.452867
29.230000 322.452346
29.240000 322.451827
29.250000 322.451309
29.260000 322.450794
29.270000 322.450281
29.280000 322.449770
29.290000 322.449262
29.300000 322.448755
29.310000 322.448251
29.320000 322.447748
29.330000 322.447248
29.340000 322.446750
29.350000 322.446254
29.360000 322.445760
29.370000 322.445268
29.380000 322.444778
29.390000 322.444290
29.400000 322.443804
29.410000 322.443320
29.420000 322.442838
29.430000 322.442358
29.440000 322.441880
29.450000 322.441405
29.460000 322.440931
29.470000 322.440459
29.480000 322.439989
29.490000 322.439521
29.500000 322.439055
29.510000 322.438591
29.520000 322.438128
29.530000 322.437668
29.540000 322.437210
29.550000 322.436753
29.560000 322.436299
29.570000 322.435846
29.580000 322.435395
29.590000 322.434946
29.600000 322.434499
29.610000 322.434054
29.620000 322.433611
29.630000 322.433169
29.640000 322.432729
29.650000 322.432291
29.660000 322.431855
29.670000 322.431421
29.680000 322.430989
29.690000 322.430558
29.700000 322.430129
29.710000 322.429702
29.720000 322.429277
29.730000 322.428854
29.740000 322.428432
29.750000 322.428012
29.760000 322.427594
29.770000 322.427177
29.780000 322.426762
29.790000 322.426349
29.800000 322.425938
29.810000 322.425528
29.820000 322.425120
29.830000 322.424714
29.840000 322.424310
29.850000 322.423907
29.860000 322.423506
29.870000 322.423106
29.880000 322.422708
29.890000 322.422312
29.900000 322.421917
29.910000 322.421525
29.920000 322.421133
29.930000 322.420744
29.940000 322.420356
29.950000 322.419969
29.960000 322.419584
29.970000 322.419201
29.980000 322.418819
29.990000 322.418439
30.000000 322.418061
30.010000 322.417684
30.020000 322.417309
30.030000 322.416935
30.040000 322.416563
30.050000 322.416192
30.060000 322.415823
30.070000 322.415455
30.080000 322.415089
30.090000 322.414725
30.100000 322.414362
30.110000 322.414000
30.120000 322.413640
30.130000 322.413282
30.140000 322.412925
30.150000 322.412569
30.160000 322.412215
30.170000 322.411863
30.180000 322.411511
30.190000 322.411162
30.200000 322.410814
30.210000 322.410467
30.220000 322.410121
30.230000 322.409778
30.240000 322.409435
30.250000 322.409094
30.260000 322.408754
30.270000 322.408416
30.280000 322.408079
30.290000 322.407744
30.300000 322.407410
30.310000 322.407077
30.320000 322.406746
30.330000 322.406416
30.340000 322.406088
30.350000 322.405761
30.360000 322.405435
30.370000 322.405111
30.380000 322.404787
30.390000 322.404466
30.400000 322.404145
30.410000 322.403826
30.420000 322.403509
30.430000 322.403192
30.440000 322.402877
30.450000 322.402563
30.460000 322.402251
30.470000 322.401940
30.480000 322.401630
30.490000 322.401321
30.500000 322.401014
30.510000 322.400708
30.520000 322.400403
30.530000 322.400100
30.540000 322.399797
30.550000 322.399496
30.560000 322.399197
30.570000 322.398898
30.580000 322.398601
30.590000 322.398305
30.600000 322.398010
30.610000 322.397717
30.620000 322.397424
30.630000 322.397133
30.640000 322.396843
30.650000 322.396555
30.660000 322.396267
30.670000 322.395981
30.680000 322.395696
30.690000 322.395412
30.700000 322.395129
30.710000 322.394847
30.720000 322.394567
30.730000 322.394288
30.740000 322.394010
30.750000 322.393733
30.760000 322.393457
30.770000 322.393182
30.780000 322.392909
30.790000 322.392636
30.800000 322.392365
30.810000 322.392095
30.820000 322.391826
30.830000 322.391558
30.840000 322.391292
30.850000 322.391026
30.860000 322.390761
30.870000 322.390498
30.880000 322.390236
30.890000 322.389974
30.900000 322.389714
30.910000 322.389455
30.920000 322.389197
30.930000 322.388940
30.940000 322.388684
30.950000 322.388430
30.960000 322.388176
30.970000 322.387923
30.980000 322.387672
30.990000 322.387421
31.000000 322.387171
31.010000 322.386923
31.020000 322.386676
31.030000 322.386429
31.040000 322.386184
31.050000 322.385939
31.060000 322.385696
31.070000 322.385454
31.080000 322.385212
31.090000 322.384972
31.100000 322.384732
31.110000 322.384494
31.120000 322.384257
31.130000 322.384020
31.140000 322.383785
31.150000 322.383550
31.160000 322.383317
31.170000 322.383085
31.180000 322.382853
31.190000 322.382622
31.200000 322.382393
31.210000 322.382164
31.220000 322.381937
31.230000 322.381710
31.240000 322.381484
31.250000 322.381259
31.260000 322.381035
31.270000 322.380812
31.280000 322.380590
31.290000 322.380369
31.300000 322.380149
31.310000 322.379929
31.320000 322.379711
31.330000 322.379494
31.340000 322.379277
31.350000 322.379061
31.360000 322.378846
31.370000 322.378633
31.380000 322.378420
31.390000 322.378207
31.400000 322.377996
31.410000 322.377786
31.420000 322.377576
31.430000 322.377368
31.440000 322.377160
31.450000 322.376953
31.460000 322.376747
31.470000 322.376542
31.480000 322.376338
31.490000 322.376134
31.500000 322.375931
31.510000 322.375730
31.520000 322.375529
31.530000 322.375329
31.540000 322.375129
31.550000 322.374931
31.560000 322.374733
31.570000 322.374536
31.580000 322.374340
31.590000 322.374145
31.600000 322.373951
31.610000 322.373757
31.620000 322.373565
31.630000 322.373373
31.640000 322.373181
31.650000 322.372991
31.660000 322.372802
31.670000 322.372613
31.680000 322.372425
31.690000 322.372238
31.700000 322.372051
31.710000 322.371865
31.720000 322.371681
31.730000 322.371496
31.740000 322.371313
31.750000 322.371131
31.760000 322.370949
31.770000 322.370768
31.780000 322.370587
31.790000 322.370408
31.800000 322.370229
31.810000 322.370051
31.820000 322.369873
31.830000 322.369697
31.840000 322.369521
31.850000 322.369346
31.860000 322.369171
31.870000 322.368998
31.880000 322.368825
31.890000 322.368653
31.900000 322.368481
31.910000 322.368310
31.920000 322.368140
31.930000 322.367971
31.940000 322.367802
31.950000 322.367634
31.960000 322.367467
31.970000 322.367300
31.980000 322.367134
31.990000 322.366969
32.000000 322.366804
32.010000 322.366641
32.020000 322.366477
32.030000 322.366315
32.040000 322.366153
32.050000 322.365992
32.060000 322.365831
32.070000 322.365672
32.080000 322.365513
32.090000 322.365354
32.100000 322.365196
32.110000 322.365039
32.120000 322.364883
32.130000 322.364727
32.140000 322.364571
32.150000 322.364417
32.160000 322.364263
32.170000 322.364110
32.180000 322.363957
32.190000 322.363805
32.200000 322.363654
32.210000 322.363503
32.220000 322.363353
32.230000 322.363203
32.240000 322.363054
32.250000 322.362906
32.260000 322.362758
32.270000 322.362611
32.280000 322.362465
32.290000 322.362319
32.300000 322.362174
32.310000 322.362029
32.320000 322.361885
32.330000 322.361742
32.340000 322.361599
32.350000 322.361457
32.360000 322.361315
32.370000 322.361174
32.380000 322.361034
32.390000 322.360894
32.400000 322.360755
32.410000 322.360616
32.420000 322.360478
32.430000 322.360340
32.440000 322.360203
32.450000 322.360067
32.460000 322.359931
32.470000 322.359796
32.480000 322.359661
32.490000 322.359527
32.500000 322.359393
32.510000 322.359260
32.520000 322.359128
32.530000 322.358996
32.540000 322.358864
32.550000 322.358734
32.560000 322.358603
32.570000 322.358473
32.580000 322.358344
32.590000 322.358216
32.600000 322.358087
32.610000 322.357960
32.620000 322.357833
32.630000 322.357706
32.640000 322.357580
32.650000 322.357455
32.660000 322.357330
32.670000 322.357205
32.680000 322.357081
32.690000 322.356958
32.700000 322.356835
32.710000 322.356712
32.720000 322.356590
32.730000 322.356469
32.740000 322.356348
32.750000 322.356228
32.760000 322.356108
32.770000 322.355988
32.780000 322.355870
32.790000 322.355751
32.800000 322.355633
32.810000 322.355516
32.820000 322.355399
32.830000 322.355282
32.840000 322.355167
