100 16
0 0 0 0 0 654 535 0 0 758 610 252 0 0 0 7187 
0 0 0 0 0 856 202 0 0 560 716 0 0 0 0 7663 
0 0 0 0 0 1446 366 0 0 183 769 0 0 0 18 7216 
0 0 0 0 0 944 831 100 0 491 617 0 0 0 1045 5969 
0 0 0 0 0 691 797 0 0 345 1755 132 0 26 0 6250 
0 0 0 0 0 681 292 0 0 357 811 0 0 0 0 7857 
0 0 0 0 0 1577 169 0 0 309 1061 610 0 0 0 6272 
0 0 0 0 0 510 729 0 0 748 237 0 0 0 18 7755 
0 0 0 0 0 915 695 0 0 183 1538 73 0 0 36 6556 
0 0 0 0 0 1254 196 0 0 313 313 0 0 0 2470 5450 
0 0 0 0 0 384 1089 0 0 1858 0 64 0 0 0 6602 
0 0 0 0 0 2939 778 2437 0 125 979 0 0 276 577 1884 
0 0 0 0 0 1360 588 0 0 404 294 0 0 0 220 7132 
0 0 0 0 0 826 768 81 0 349 1117 0 0 0 0 6856 
0 0 0 0 0 965 689 0 0 436 827 0 0 0 0 7080 
0 0 0 0 0 1138 346 0 0 148 544 0 0 0 49 7772 
0 0 0 0 0 1088 362 0 0 431 708 155 0 0 0 7253 
0 0 0 0 0 1558 259 0 0 714 454 64 0 0 0 6948 
0 0 0 0 0 1011 337 0 0 674 299 0 0 0 486 7191 
0 0 0 0 0 2514 800 57 0 0 1771 0 0 0 628 4228 
0 0 0 0 0 780 852 12 0 360 900 0 0 0 0 7094 
0 0 0 0 0 1306 100 0 0 125 1180 0 0 0 603 6683 
0 0 0 0 0 1317 564 0 0 456 1182 0 0 0 591 5887 
0 0 0 0 0 972 549 0 0 465 528 0 0 0 1057 6427 
0 0 0 0 0 991 874 0 0 233 349 0 0 0 0 7551 
0 0 0 0 0 934 934 0 0 280 467 0 0 0 0 7383 
0 0 0 0 0 1210 368 0 0 368 210 421 0 0 0 7421 
0 0 0 0 0 689 1439 17 0 494 44 0 0 0 0 7314 
0 0 0 0 0 1036 482 0 0 365 553 0 0 0 0 7561 
0 0 0 0 0 560 2476 46 0 514 93 0 0 0 0 6308 
0 0 0 0 0 1130 313 0 0 452 573 0 0 0 0 7530 
0 0 0 0 0 482 896 0 0 1256 283 0 0 0 0 7080 
0 0 0 0 0 743 817 0 0 594 446 0 0 0 0 7397 
0 0 0 0 0 485 745 0 0 698 650 0 0 0 0 7420 
0 0 0 0 0 1372 112 0 0 224 1036 252 0 0 1064 5938 
0 0 0 0 0 1420 482 0 0 284 852 0 0 0 0 6960 
0 0 0 0 0 1129 677 0 0 338 1073 0 0 0 0 6779 
0 0 0 0 0 963 254 0 0 623 679 0 0 0 56 7422 
0 0 0 0 0 763 303 0 0 460 775 0 0 0 0 7696 
0 0 0 0 0 478 828 0 0 862 281 0 0 0 0 7549 
0 0 0 0 0 669 393 0 0 590 1023 0 0 0 984 6338 
0 0 0 0 0 1640 532 155 0 22 1130 0 0 0 0 6518 
0 0 0 0 0 384 1171 0 0 856 279 0 0 0 0 7307 
0 0 0 0 0 775 1324 80 0 210 306 0 0 0 0 7302 
0 0 0 0 0 1213 471 0 0 157 1258 0 0 0 0 6898 
0 0 0 0 0 559 424 0 0 791 521 0 0 0 0 7702 
0 0 0 0 0 332 1114 66 0 965 415 0 0 0 0 7104 
0 0 0 0 0 1208 734 0 0 308 616 118 0 0 1018 5995 
0 0 0 0 0 439 422 0 0 658 456 0 0 0 33 7989 
0 0 0 0 0 1150 562 0 0 230 920 0 0 0 0 7135 
0 0 0 0 0 824 1065 17 0 154 927 0 0 0 0 7010 
0 0 0 0 0 670 243 0 0 731 564 137 0 0 823 6829 
0 0 0 0 0 1540 377 0 0 213 590 0 0 0 16 7262 
0 0 0 0 0 1232 94 0 0 853 213 142 0 0 0 7464 
0 0 0 0 0 1233 389 0 0 1168 584 0 0 0 0 6623 
0 0 0 0 0 652 1413 0 0 543 1195 0 0 0 0 6195 
0 0 0 0 0 1180 208 0 0 173 954 0 0 0 0 7482 
0 0 0 0 0 208 1927 0 0 1171 104 0 0 0 0 6588 
0 0 0 0 0 1164 725 0 0 549 439 0 0 0 0 7120 
0 0 0 0 0 1698 849 0 0 566 754 0 0 0 0 6132 
0 0 0 0 0 1561 532 0 0 86 693 74 0 0 0 7050 
0 0 0 0 0 750 928 0 0 392 642 35 0 0 821 6428 
0 0 0 0 0 859 1093 0 0 312 546 312 0 0 0 6875 
0 0 0 0 0 1068 478 0 0 175 813 0 0 0 0 7464 
0 0 0 0 0 755 855 0 0 352 342 0 0 0 0 7693 
0 0 0 0 0 2213 136 0 0 27 1393 0 0 0 0 6229 
0 0 0 0 0 574 590 0 0 514 862 0 0 0 0 7458 
0 0 0 0 0 426 65 0 0 360 1803 0 0 0 0 7344 
0 0 0 0 0 1287 1258 0 0 271 171 0 0 0 0 7010 
0 0 0 0 0 1307 636 0 0 141 494 106 0 0 742 6572 
0 0 0 0 0 1258 1062 0 0 390 650 0 0 43 0 6594 
0 0 0 0 0 1428 725 22 0 181 816 0 0 0 0 6825 
0 0 0 0 0 748 1101 242 0 396 1365 0 0 0 0 6145 
0 0 0 0 0 743 817 0 0 594 446 0 0 0 0 7397 
0 0 0 0 0 727 454 0 0 181 818 0 0 0 0 7818 
0 0 0 0 0 586 301 0 0 485 385 0 0 0 469 7772 
0 0 0 0 0 881 615 0 0 499 465 0 0 0 0 7537 
0 0 0 0 0 1042 616 0 0 426 568 0 0 0 0 7345 
0 0 0 0 0 972 549 0 0 465 528 0 0 0 1057 6427 
0 0 0 0 0 616 753 0 0 315 1109 0 0 0 1424 5780 
0 0 0 0 0 734 481 0 0 405 1721 607 0 0 1670 4379 
0 0 0 0 0 1683 1237 148 0 148 1138 0 0 0 0 5643 
0 0 0 0 0 872 939 0 0 604 872 0 0 0 0 6711 
0 0 0 0 0 1610 149 0 0 149 1235 0 0 0 0 6853 
0 0 0 0 0 1142 1510 40 0 81 448 0 0 0 0 6775 
0 0 0 0 0 725 572 0 0 496 706 0 0 0 0 7500 
0 0 0 0 0 719 658 0 0 182 1158 0 0 0 0 7280 
0 0 0 0 0 709 472 0 0 854 854 0 0 0 0 7109 
0 0 0 0 0 436 854 0 0 418 581 109 0 0 509 7090 
0 0 0 0 0 1275 579 0 0 144 1246 0 0 0 0 6753 
0 0 0 0 0 680 738 0 0 463 839 0 0 0 520 6758 
0 0 0 0 0 1167 427 0 0 354 865 0 0 0 0 7184 
0 0 0 0 0 1274 79 0 0 199 677 0 0 0 0 7768 
0 0 0 0 0 604 1480 30 0 604 332 0 0 0 0 6948 
0 0 0 0 0 1115 1576 38 0 153 423 38 0 0 1384 5269 
0 0 0 0 0 557 900 0 0 643 707 0 0 0 0 7191 
0 0 0 0 0 760 599 0 0 482 847 0 0 0 0 7309 
0 0 0 0 0 620 1172 137 0 528 574 0 0 0 0 6965 
0 0 0 0 0 452 771 0 0 367 673 0 0 0 905 6829 
0 0 0 0 0 1366 719 0 0 359 1007 0 0 0 2374 4172 
