100 16
0 0 0 0 0 2925 327 0 0 3406 65 1681 0 655 0 938 
0 0 0 0 0 1647 1117 0 0 3352 0 441 0 1735 264 1441 
0 0 0 0 0 1937 0 21 0 3490 910 256 0 2323 0 1059 
0 0 0 0 0 4167 172 0 0 2112 0 1331 0 551 0 1664 
0 0 0 0 0 2550 0 0 337 3707 0 696 157 1438 11 1101 
0 0 0 0 0 3651 0 0 0 2555 81 1034 0 872 0 1805 
0 0 0 0 0 1967 204 0 0 5116 87 1064 0 699 160 699 
0 0 0 0 0 2453 34 0 0 2384 771 1394 0 783 0 2177 
0 0 0 0 0 2648 8 0 0 5639 8 1487 0 16 108 83 
0 0 0 0 29 1025 615 419 322 5185 0 234 117 1455 48 546 
0 0 0 0 0 1060 25 0 0 6028 336 362 0 1539 142 504 
0 0 0 0 0 4036 171 0 0 3107 10 2623 0 50 0 0 
0 0 0 0 0 2495 0 0 0 3941 361 826 0 1376 0 998 
0 0 0 0 0 3429 1136 0 0 1849 115 982 0 818 0 1666 
0 0 0 0 0 3014 672 0 0 3197 0 1181 0 712 101 1120 
0 0 0 0 0 2250 250 0 0 4640 203 796 0 1078 0 781 
0 0 0 0 0 4058 558 0 0 852 308 2808 0 14 0 1397 
0 0 0 0 0 3145 240 0 0 2615 0 1928 0 637 0 1432 
0 0 0 0 11 2464 471 0 389 3891 23 813 141 1096 0 695 
0 0 0 0 0 752 0 0 0 6407 218 315 0 1723 72 509 
0 0 0 0 0 1803 597 32 0 5261 10 853 0 896 0 544 
0 0 0 0 0 1644 130 0 0 3757 448 747 0 1813 0 1457 
0 0 0 0 0 2710 248 0 0 3552 10 1501 0 777 0 1198 
0 0 0 0 0 1497 13 0 0 4687 820 65 0 2356 0 559 
0 0 0 0 0 4207 62 0 0 2009 219 1805 0 0 0 1695 
0 0 0 0 0 1573 57 0 376 4777 91 1356 91 923 68 684 
0 0 0 0 0 268 456 0 0 5645 483 860 0 1451 134 698 
0 0 0 0 0 4339 0 0 0 2352 242 2761 0 15 91 197 
0 0 0 0 0 1005 77 0 287 4850 132 651 143 1856 176 817 
0 0 0 0 0 1216 385 712 0 5281 0 949 0 771 118 563 
0 0 0 0 0 2698 494 0 314 2518 209 1229 179 869 14 1469 
0 0 0 0 0 3297 674 0 0 1886 0 1250 0 544 0 2346 
0 0 0 0 0 2090 1248 36 0 3176 99 651 0 1285 0 1411 
0 0 0 0 0 2239 914 0 0 3144 82 840 0 1042 54 1681 
0 0 0 0 0 0 103 0 0 7142 259 0 0 2233 103 155 
0 0 0 0 0 375 312 0 0 5390 171 703 0 2312 343 390 
0 0 0 0 0 650 446 204 0 4981 0 92 0 3085 18 520 
0 0 0 0 0 2465 15 0 0 5038 558 1410 0 108 0 403 
0 0 0 0 0 1573 57 0 376 4777 91 1356 91 923 68 684 
0 0 0 0 0 2075 0 0 0 3995 591 234 0 1763 0 1339 
0 0 0 0 0 2681 0 0 0 5517 155 1563 0 0 0 82 
0 0 0 0 0 1985 37 0 0 2822 170 911 0 1903 7 2162 
0 0 0 0 0 2490 192 0 0 2640 0 860 0 1603 90 2121 
0 0 0 0 0 3373 30 0 0 2058 80 2489 0 381 130 1455 
0 0 0 0 0 1727 457 0 0 5080 0 804 0 1100 93 736 
0 0 0 0 0 3903 135 0 0 1513 240 2557 0 167 10 1471 
0 0 0 0 0 3193 0 0 0 2774 147 1310 0 985 0 1587 
0 0 0 0 0 2680 792 0 0 3076 163 1491 0 675 23 1095 
0 0 0 0 52 2778 836 0 400 1803 0 975 313 966 0 1872 
0 0 0 0 0 3233 864 0 0 3796 0 488 0 877 62 676 
0 0 0 0 0 1472 116 0 0 3900 33 616 0 2405 16 1438 
0 0 0 0 0 2303 637 0 0 2745 196 1053 0 1299 24 1740 
0 0 0 0 0 4326 367 0 0 476 95 3755 0 0 0 979 
0 0 0 0 0 1663 40 0 0 4665 202 324 0 2028 182 892 
0 0 0 0 0 1178 279 0 0 6483 0 259 0 1468 0 329 
0 0 0 0 0 2425 337 0 0 3041 238 1133 0 1252 0 1570 
0 0 0 0 0 1541 0 0 1335 3852 119 393 616 1386 17 736 
0 0 0 0 0 1225 0 0 0 5629 0 66 0 2450 198 430 
0 0 0 0 0 0 734 446 0 7296 0 131 0 1286 0 104 
0 0 0 0 0 563 578 0 0 6172 0 178 0 2062 44 400 
0 0 0 0 0 2039 1540 42 0 3067 14 1027 0 584 42 1640 
0 0 0 0 0 1568 110 0 0 5295 0 1457 0 976 0 591 
0 0 0 0 0 3847 219 0 0 1449 54 2907 0 227 0 1293 
0 0 0 0 16 2716 407 0 254 2037 407 950 203 1001 16 1986 
0 0 0 0 0 3076 65 0 0 3168 78 1056 0 1095 39 1421 
0 0 0 0 0 5136 482 27 0 0 1001 2459 0 0 9 883 
0 0 0 0 0 2081 62 0 0 4937 258 462 0 1183 240 774 
0 0 0 0 0 273 415 0 0 5605 0 249 0 3076 106 273 
0 0 0 0 0 2142 391 69 0 4285 0 852 0 1059 92 1105 
0 0 0 0 0 2591 8 61 0 4220 0 980 0 788 402 945 
0 0 0 0 0 1705 25 0 0 4883 25 1007 0 1369 77 904 
0 0 0 0 0 867 10 82 0 6508 20 351 0 1766 0 392 
0 0 0 0 0 1527 0 0 0 4665 104 1025 0 1297 230 1150 
0 0 0 0 0 2898 0 0 0 3558 370 1400 0 305 144 1320 
0 0 0 0 0 2595 11 0 0 4134 0 1269 0 719 191 1078 
0 0 0 0 0 865 573 0 0 4393 303 561 0 2393 179 730 
0 0 0 0 0 690 873 32 0 4768 140 0 0 3160 97 237 
0 0 0 0 0 2537 0 0 0 3621 20 1207 0 1310 0 1303 
0 0 0 0 0 1804 0 0 0 5681 307 499 0 1017 57 633 
0 0 0 0 0 1847 762 0 0 5118 0 898 0 762 0 610 
0 0 0 0 0 3167 295 0 0 1902 0 1479 0 835 0 2320 
0 0 0 0 0 2491 35 0 0 4341 427 1245 0 533 142 782 
0 0 0 0 0 1767 124 0 0 4532 166 311 0 2079 0 1018 
0 0 0 0 0 564 141 0 0 6129 0 201 0 2600 60 302 
0 0 0 0 0 3568 247 0 0 2968 353 1060 0 494 0 1307 
0 0 0 0 0 548 48 0 0 5951 387 209 0 2274 177 403 
0 0 0 0 0 1509 8 300 0 7540 0 641 0 0 0 0 
0 0 0 0 0 1991 0 0 0 5148 402 593 0 974 63 826 
0 0 0 0 0 3090 654 0 0 2181 254 2727 0 218 0 872 
0 0 0 0 0 2956 252 0 0 3138 30 1463 0 504 171 1483 
0 0 0 0 0 3020 0 0 0 3500 93 604 0 1468 20 1291 
0 0 0 0 0 2036 25 0 0 5927 0 438 0 1056 103 412 
0 0 0 0 0 1561 23 0 0 4446 47 733 0 1808 0 1378 
0 0 0 0 0 0 81 0 0 6321 27 0 0 2752 708 108 
0 0 0 0 0 1408 34 128 0 5378 23 116 0 2118 0 791 
0 0 0 0 0 2488 245 0 0 3379 337 552 0 1397 261 1336 
0 0 0 0 0 3361 638 0 0 2873 0 868 0 935 56 1266 
0 0 0 0 0 3759 270 0 0 1228 147 4201 0 0 0 393 
0 0 0 0 0 1526 9 0 0 5019 109 259 0 2435 0 638 
0 0 0 0 0 1278 381 0 0 4708 156 1076 0 1434 89 874 
